15,567,74,0,0,0
93,567,74,0,0,0
187,567,74,0,0,0
265,567,74,0,0,0
343,567,74,0,0,0
421,567,74,0,0,0
499,567,74,0,0,0
577,567,74,0,0,0
655,567,74,0,0,0
733,567,74,0,0,0
826,567,74,0,0,0
904,567,74,0,0,0
982,567,74,0,0,0
1060,567,74,0,0,0
1138,567,74,0,0,0
1216,567,74,0,0,0
1294,567,74,0,0,0
1372,567,74,0,0,0
1466,567,74,0,0,0
1544,567,74,0,0,0
1622,567,74,0,0,0
1700,567,74,0,0,0
1778,567,74,0,0,0
1856,563,74,0,0,0
1934,473,69,0,0,0
2028,463,71,0,0,0
2106,452,77,0,0,0
2184,443,86,0,0,0
2262,437,96,0,0,0
2340,435,101,0,0,0
2418,427,111,0,0,0
2496,417,122,0,0,0
2574,407,140,0,0,0
2667,403,159,0,0,0
2745,403,178,0,0,0
2823,405,193,0,0,0
2901,409,210,0,0,0
2979,412,215,0,0,0
3057,417,221,0,0,0
3135,427,226,0,0,0
3213,449,229,0,0,0
3307,454,230,0,0,0
3385,459,230,0,0,0
3463,471,228,0,0,0
3541,506,216,0,0,0
3619,522,201,0,0,0
3697,523,180,0,0,0
3775,512,147,0,0,0
3853,496,124,0,0,0
3946,482,107,0,0,0
4024,474,102,0,0,0
4102,466,98,0,0,0
4180,464,99,0,0,0
4258,447,108,0,0,0
4336,443,116,0,0,0
4414,441,124,0,0,0
4492,441,144,0,0,0
4586,457,169,0,0,0
4664,527,221,0,0,0
4742,608,266,0,0,0
4820,620,265,0,0,0
4898,628,260,0,0,0
4976,638,250,0,0,0
5054,644,237,0,0,0
5148,645,223,0,0,0
5226,645,216,0,0,0
5304,636,205,0,0,0
5382,634,203,0,0,0
5460,630,203,0,0,0
5538,599,205,0,0,0
5616,532,203,0,0,0
5694,480,187,0,0,0
5787,449,166,0,0,0
5865,406,148,0,0,0
5943,399,148,0,0,0
6021,393,146,0,0,0
6099,382,158,0,0,0
6177,380,161,0,0,0
6255,377,175,0,0,0
6333,389,207,0,0,0
6427,409,219,0,0,0
6505,417,212,0,0,0
6583,425,193,0,0,0
6661,428,182,0,0,0
6739,428,181,0,0,0
6817,428,181,0,0,0
6895,428,174,0,0,0
6973,428,174,0,0,0
7066,428,174,0,0,0
7144,428,174,0,0,0
7222,428,174,0,0,0
7300,428,174,0,0,0
7378,428,174,0,0,0
7456,428,177,0,0,0
7534,428,178,0,0,0
7612,428,178,0,0,0
7706,428,178,0,0,0
7784,428,178,0,0,0
7862,430,178,0,0,0
7940,430,178,0,0,0
8018,431,178,0,0,0
8096,431,178,0,0,0
8174,431,178,0,0,0
8268,431,178,0,0,0
8346,418,170,0,0,0
8424,401,160,0,0,0
8502,378,158,0,0,0
8580,369,166,0,0,0
8658,361,206,0,0,0
8736,374,222,0,0,0
8814,378,218,0,0,0
8907,395,211,0,0,0
8985,411,196,0,0,0
9063,402,185,0,0,0
9141,375,181,0,0,0
9219,354,195,0,0,0
9297,329,222,0,0,0
9375,320,272,0,0,0
9453,337,320,0,0,0
9547,364,332,0,0,0
9625,389,330,0,0,0
9703,436,310,0,0,0
9781,461,280,0,0,0
9859,464,252,0,0,0
9937,459,238,0,0,0
10015,449,236,0,0,0
10093,426,239,0,0,0
10186,406,244,0,0,0
10264,387,260,0,0,0
10342,388,283,0,0,0
10420,398,289,0,0,0
10498,401,283,0,0,0
10576,397,277,0,0,0
10654,388,278,0,0,0
10748,396,283,0,0,0
10826,397,282,0,0,0
10904,395,286,0,0,0
10982,397,298,0,0,0
11060,400,286,0,0,0
11138,400,281,0,0,0
11216,411,289,0,0,0
11294,418,277,0,0,0
11388,417,270,0,0,0
11466,424,272,0,0,0
11544,426,270,0,0,0
11622,415,268,0,0,0
11700,408,284,0,0,0
11778,418,283,0,0,0
11856,423,279,0,0,0
11934,423,291,0,0,0
12027,423,290,0,0,0
12105,424,286,0,0,0
12183,424,286,0,0,0
12261,418,286,0,0,0
12339,427,291,0,0,0
12417,418,296,0,0,0
12495,412,296,0,0,0
12573,411,299,0,0,0
12667,410,298,0,0,0
12745,402,295,0,0,0
12823,402,295,0,0,0
12901,399,294,0,0,0
12979,399,294,0,0,0
13057,397,291,0,0,0
13135,383,288,0,0,0
13213,392,293,0,0,0
13306,392,293,0,0,0
13384,391,293,0,0,0
13462,391,293,0,0,0
13540,391,291,0,0,0
13618,395,295,0,0,0
13696,395,291,0,0,0
13774,395,295,0,0,0
13868,400,295,0,0,0
13946,398,288,0,0,0
14024,397,293,0,0,0
14102,399,291,0,0,0
14180,393,295,0,0,0
14258,395,299,0,0,0
14336,398,294,0,0,0
14414,398,296,0,0,0
14508,399,296,0,0,0
14586,399,292,0,0,0
14664,397,299,0,0,0
14742,399,293,0,0,0
14820,393,300,0,0,0
14898,394,302,0,0,0
14976,399,298,0,0,0
15054,395,302,0,0,0
15147,402,301,0,0,0
15225,404,298,0,0,0
15303,404,299,0,0,0
15381,412,300,0,0,0
15459,410,297,0,0,0
15537,407,304,0,0,0
15615,409,303,0,0,0
15693,404,300,0,0,0
15787,395,309,0,0,0
15865,397,309,0,0,0
15943,392,307,0,0,0
16021,393,314,0,0,0
16099,394,309,0,0,0
16177,390,318,0,0,0
16255,397,320,0,0,0
16333,396,318,0,0,0
16426,396,323,0,0,0
16504,396,323,0,0,1
16582,404,324,0,0,1
16660,407,322,0,0,1
16738,394,323,0,0,1
16816,395,327,0,0,1
16894,394,327,0,0,1
16988,393,336,0,0,1
17066,399,333,0,0,1
17144,396,333,0,0,1
17222,400,337,0,0,1
17300,405,334,0,0,1
17378,403,335,0,0,1
17456,405,334,0,0,1
17534,404,334,0,0,1
17628,404,332,0,0,1
17706,404,328,1,0,1
17784,403,332,0,0,1
17862,407,324,0,0,1
17940,405,326,0,0,1
18018,411,329,0,0,1
18096,411,324,0,0,1
18174,406,327,0,0,1
18267,409,325,0,0,1
18345,403,322,0,0,1
18423,409,324,0,0,1
18501,416,314,0,0,1
18579,412,318,0,0,1
18657,418,319,0,0,1
18735,415,314,0,0,1
18813,407,324,0,0,1
18907,417,321,0,0,1
18985,411,317,0,0,1
19063,408,321,0,0,1
19141,410,316,0,0,1
19219,406,317,0,0,1
19297,408,320,0,0,1
19375,410,312,0,0,1
19469,409,316,0,0,1
19547,415,312,0,0,1
19625,413,310,0,0,1
19703,418,315,0,0,1
19781,421,308,0,0,1
19859,411,311,0,0,1
19937,422,309,0,0,1
20015,421,300,0,0,1
20108,419,306,0,0,1
20186,423,300,0,0,1
20264,409,304,0,0,1
20342,419,308,0,0,1
20420,421,295,1,0,1
20498,417,299,1,0,1
20576,420,292,1,0,1
20654,416,296,1,0,1
20748,422,302,1,0,1
20826,421,296,1,0,1
20904,414,301,1,0,1
20982,415,297,1,0,1
21060,409,302,1,0,1
21138,411,306,1,0,1
21216,414,296,1,0,1
21294,405,306,1,0,1
21387,415,302,1,0,1
21465,413,294,1,0,1
21543,409,302,1,0,1
21621,417,295,1,0,1
21699,410,294,1,0,1
21777,415,304,1,0,1
21855,417,291,1,0,1
21933,412,297,1,0,1
22027,418,302,1,0,1
22105,410,292,1,0,1
22183,403,305,1,0,1
22261,417,301,1,0,1
22339,402,296,1,0,1
22417,402,307,1,0,1
22495,408,295,1,0,1
22589,396,302,1,0,1
22667,404,302,1,0,1
22745,402,286,1,0,1
22823,393,290,1,0,1
22901,401,275,1,0,1
22979,397,272,1,0,1
23057,400,278,0,0,1
23135,403,274,0,0,1
23228,402,287,0,0,1
23306,403,281,0,0,1
23384,395,278,0,0,1
23462,404,285,0,0,1
23540,408,266,0,0,1
23618,400,283,0,0,1
23696,423,301,0,0,1
23774,421,298,0,0,1
23868,411,309,0,0,1
23946,428,302,0,0,1
24024,422,308,0,0,1
24102,422,316,0,0,1
24180,416,310,0,0,1
24258,413,318,0,0,1
24336,418,313,0,0,1
24414,412,319,0,0,1
24507,414,323,0,0,1
24585,406,317,0,0,1
24663,396,340,0,0,1
24741,409,325,0,0,1
24819,401,327,0,0,1
24897,403,329,0,0,1
24975,398,323,0,0,1
25053,400,334,0,0,1
25147,403,326,0,0,1
25225,389,337,0,0,1
25303,388,335,0,0,1
25381,376,326,0,0,1
25459,391,338,0,0,1
25537,393,327,0,0,1
25615,395,334,0,0,1
25709,400,321,0,0,1
25787,396,313,0,0,1
25865,414,320,0,0,1
25943,432,301,0,0,1
26021,404,306,0,0,1
26099,429,303,0,0,1
26177,428,293,0,0,1
26255,434,310,0,0,1
26348,453,304,0,0,1
26426,445,296,0,0,1
26504,445,294,0,0,1
26582,448,283,0,0,1
26660,448,271,0,0,0
26738,449,253,0,0,0
26816,447,221,0,0,0
26910,441,206,0,0,0
26988,433,202,0,0,0
27066,427,202,0,0,0
27144,418,202,0,0,0
27222,398,203,0,0,0
27300,385,203,0,0,0
27378,372,206,0,0,0
27456,357,209,0,0,0
27549,350,211,0,0,0
27627,340,214,0,2,0
27705,329,222,0,0,0
27783,314,229,0,0,0
27861,299,247,0,0,0
27939,291,268,0,0,0
28017,289,291,0,0,0
28095,292,308,0,0,0
28189,302,327,0,0,0
28267,320,349,0,0,0
28345,366,384,0,0,0
28423,382,394,0,0,0
28501,400,399,0,0,0
28579,419,402,0,0,0
28657,442,405,0,0,0
28735,481,409,0,0,0
28829,510,410,0,0,0
28907,526,407,0,0,0
28985,537,386,0,0,0
29063,551,358,0,0,0
29141,553,322,0,0,0
29219,553,295,0,0,0
29297,539,271,0,0,0
29390,519,247,0,0,0
29468,508,235,0,0,0
29546,489,208,0,0,0
29624,457,182,0,0,0
29702,450,179,0,0,0
29780,457,201,0,0,0
29858,517,248,0,0,0
29936,547,261,0,0,0
30030,567,268,0,0,0
30108,567,268,0,0,0
30186,568,263,0,0,0
30264,553,230,0,0,0
30342,528,205,0,0,0
30420,509,203,0,0,0
30498,487,205,0,0,0
30576,485,209,0,1,0
30669,488,218,0,0,0
30747,497,230,0,0,0
30825,507,246,0,0,0
30903,505,271,0,0,0
30981,502,307,0,0,0
31059,505,314,0,0,0
31137,504,314,0,0,0
31215,483,316,0,0,1
31309,484,313,0,0,1
31387,480,306,0,0,1
31465,478,309,0,0,1
31543,479,306,0,0,1
31621,475,306,0,0,1
31699,480,312,0,0,1
31777,479,309,0,0,1
31855,460,320,0,0,1
31949,462,320,0,0,1
32027,451,323,0,0,1
32105,442,333,0,0,1
32183,443,331,0,0,1
32261,421,335,0,0,1
32339,421,348,0,0,1
32417,426,339,0,0,1
32510,415,345,0,0,1
32588,425,346,0,0,1
32666,426,341,0,0,1
32744,424,348,0,0,1
32822,429,339,0,0,1
32900,426,346,0,0,1
32978,441,341,0,0,1
33056,437,330,0,0,1
33150,431,347,0,0,1
33228,461,340,0,0,1
33306,453,331,0,0,1
33384,448,342,0,0,1
33462,459,328,0,0,1
33540,439,330,0,0,1
33618,453,336,0,0,1
33696,466,322,0,0,1
33789,454,339,0,0,1
33867,474,346,0,0,1
33945,474,303,0,0,1
34023,438,320,0,0,1
34101,460,342,0,0,1
34179,465,325,0,0,1
34257,448,346,0,0,1
34335,467,341,0,0,1
34429,443,305,0,0,1
34507,420,315,0,0,1
34585,423,307,0,0,1
34663,396,317,0,0,1
34741,394,332,0,0,1
34819,392,316,0,0,0
34897,379,307,0,0,0
34975,348,298,0,0,0
35069,328,285,0,0,0
35147,302,277,0,0,0
35225,275,277,0,0,0
35303,251,278,0,0,0
35381,237,281,0,0,0
35459,220,302,0,0,0
35537,225,332,0,0,0
35630,250,355,0,0,0
35708,289,372,0,0,0
35786,337,379,0,0,0
35864,373,380,0,0,0
35942,410,373,0,0,0
36020,457,340,0,0,0
36098,496,312,0,0,0
36176,529,299,0,0,0
36270,529,299,0,0,0
36348,512,268,0,0,0
36426,495,244,0,0,0
36504,492,242,0,0,0
36582,489,239,0,0,0
36660,489,239,0,0,0
36738,469,234,0,0,0
36816,409,178,0,0,0
36909,284,11,0,0,0
37003,280,0,0,0,0
37112,265,12,0,0,0
37190,270,58,0,0,0
37268,284,67,0,0,0
37346,313,85,0,0,0
37440,315,84,0,0,0
37518,315,84,0,0,1
37596,318,87,0,0,1
37674,318,88,0,0,1
37752,317,95,0,0,1
37830,318,96,0,0,1
37908,321,104,0,0,1
37986,326,107,0,0,1
38079,326,114,0,0,1
38157,335,121,0,0,1
38235,336,121,0,0,1
38313,348,127,0,0,1
38391,352,132,0,0,1
38469,352,134,0,0,1
38547,352,140,0,0,1
38625,355,139,0,0,1
38719,356,143,0,0,1
38797,358,143,0,0,1
38875,358,146,0,0,1
38953,366,149,0,0,1
39031,364,154,0,0,1
39109,370,164,0,0,1
39187,368,166,0,0,1
39281,370,171,0,0,1
39359,373,173,0,0,1
39437,373,175,0,0,1
39515,376,180,0,0,1
39593,375,182,0,0,1
39671,376,183,0,0,1
39749,375,185,0,0,1
39827,375,188,0,0,1
39920,370,199,0,0,1
39998,373,201,0,0,1
40076,373,201,0,0,1
40154,379,205,0,0,1
40232,379,209,0,0,1
40310,387,209,0,0,1
40388,379,211,0,0,1
40466,362,191,0,0,1
40560,347,137,0,0,1
40638,337,132,0,0,1
40716,343,140,0,0,1
40794,341,137,0,0,1
40872,327,141,0,0,1
40950,327,141,0,0,1
41028,326,145,0,0,1
41106,332,156,1,0,1
41199,332,156,0,0,1
41277,331,160,0,0,1
41355,334,160,0,0,1
41433,334,162,0,0,1
41511,338,162,0,0,1
41589,335,161,0,0,1
41667,335,167,0,0,1
41745,338,164,0,0,1
41839,334,167,0,0,1
41917,334,165,0,0,1
41995,328,164,0,0,1
42073,331,171,0,0,1
42151,336,168,0,0,1
42229,329,169,0,0,1
42307,332,168,0,0,1
42401,330,164,0,0,1
42479,323,170,0,0,1
42557,323,169,0,0,1
42635,322,167,0,0,1
42713,325,171,0,0,1
42791,326,166,0,0,1
42869,322,173,0,0,1
42947,324,173,0,0,1
43040,324,165,0,0,1
43118,325,169,0,0,1
43196,327,171,0,0,1
43274,322,164,0,0,1
43352,322,172,0,0,1
43430,325,173,0,0,1
43508,324,165,1,0,1
43586,329,172,1,0,1
43680,329,172,1,0,1
43758,329,161,1,0,1
43836,331,166,1,0,1
43914,331,161,1,0,1
43992,331,155,1,0,1
44070,332,157,1,0,1
44148,331,148,1,0,1
44226,331,147,1,0,1
44319,331,151,1,0,1
44397,331,146,1,0,1
44475,334,152,1,0,1
44553,334,153,1,0,1
44631,331,143,1,0,1
44709,331,143,0,0,1
44787,332,145,0,0,1
44881,354,145,0,0,1
44959,406,146,0,0,1
45037,416,140,0,0,1
45115,418,140,0,0,1
45193,418,145,0,0,1
45271,418,157,0,0,1
45349,418,161,0,0,1
45427,418,163,0,0,1
45521,441,176,0,0,1
45599,439,179,0,0,1
45677,438,184,0,0,1
45755,435,192,0,0,1
45833,439,201,0,0,1
45911,456,212,0,0,1
45989,459,215,0,0,1
46067,459,220,0,0,1
46160,459,225,0,0,1
46238,461,229,0,0,1
46316,464,235,0,0,1
46394,469,240,0,0,1
46472,475,250,0,0,1
46550,482,263,0,0,1
46628,485,266,0,0,1
46706,498,275,0,0,1
46800,513,285,0,0,1
46878,519,291,0,0,1
46956,528,303,0,0,1
47034,531,308,0,0,1
47112,531,308,0,0,1
47190,546,302,0,0,1
47268,548,289,0,0,1
47346,548,289,0,0,1
47439,557,288,0,0,1
47517,558,288,0,0,1
47595,564,298,0,0,1
47673,575,299,0,0,1
47751,585,286,0,0,1
47829,585,285,0,0,1
47907,585,286,0,0,1
48001,585,287,0,0,1
48079,595,303,0,0,1
48157,602,312,0,0,1
48235,618,321,0,0,1
48313,618,322,0,0,1
48391,618,328,0,0,1
48469,635,347,0,0,1
48547,639,351,0,0,1
48641,427,228,0,0,1
48719,399,189,0,0,1
48797,374,164,0,0,1
48875,342,175,0,0,1
48953,342,177,0,0,1
49031,335,169,0,0,1
49109,335,167,0,0,1
49187,335,161,0,0,1
49280,335,161,1,0,1
49358,344,162,0,0,1
49436,344,162,0,0,1
49514,348,169,0,0,1
49592,347,162,0,0,1
49670,349,171,0,0,1
49748,354,169,0,0,1
49826,348,174,0,0,1
49920,353,177,0,0,1
49998,355,169,0,0,1
50076,353,177,0,0,1
50154,352,171,0,0,1
50232,350,178,0,0,1
50310,370,181,0,0,1
50388,371,176,0,0,1
50482,370,186,1,0,1
50560,375,178,1,0,1
50638,372,180,1,0,1
50716,375,185,1,0,1
50794,377,178,1,0,1
50872,379,185,1,0,1
50950,383,173,1,0,1
51043,378,180,1,0,1
51121,383,179,1,0,1
51199,382,170,1,0,1
51277,378,179,1,0,1
51355,378,173,1,0,1
51433,377,171,0,0,1
51511,385,156,0,0,1
51589,386,131,0,0,1
51683,386,128,0,0,1
51761,388,120,0,0,1
51839,387,121,0,0,1
51917,394,119,0,0,1
51995,393,113,0,0,1
52073,389,118,0,0,1
52151,393,116,1,0,1
52229,393,113,1,0,1
52322,397,113,1,0,1
52400,399,108,1,0,1
52478,396,116,1,0,1
52556,404,108,1,0,1
52634,410,101,1,0,1
52712,404,116,1,0,1
52790,409,106,1,0,1
52868,409,111,1,0,1
52962,405,120,1,0,1
53040,414,105,1,0,1
53118,404,122,1,0,1
53196,404,123,1,0,1
53274,403,123,1,0,1
53352,399,131,1,0,1
53430,404,120,1,0,1
53524,398,128,0,0,1
53602,397,127,0,0,1
53680,407,113,0,0,1
53758,400,126,0,0,1
53836,400,123,0,0,1
53914,401,122,0,0,1
53992,391,136,0,0,1
54070,393,128,0,0,1
54163,385,139,0,0,1
54241,377,142,0,0,1
54319,377,140,1,0,1
54397,366,149,1,0,1
54475,366,144,1,0,1
54553,371,138,1,0,1
54631,368,141,1,0,1
54709,371,139,1,0,1
54803,362,154,1,0,1
54881,361,154,0,0,1
54959,366,152,0,0,1
55037,341,176,0,0,1
55115,339,178,0,0,1
55193,323,198,0,0,1
55271,319,203,0,0,1
55349,304,216,0,0,1
55442,255,247,0,0,1
55520,244,252,0,0,1
55598,239,254,0,0,1
55676,216,259,0,0,1
55754,185,272,0,0,1
55832,158,288,0,0,1
55910,155,291,0,0,1
55988,210,281,0,0,1
56082,300,251,0,0,1
56160,347,214,0,0,1
56238,352,209,0,0,1
56316,357,222,0,0,1
56394,351,224,0,0,1
56472,316,248,0,0,1
56550,315,248,0,0,1
56644,304,265,0,0,1
56722,309,265,0,0,1
56800,317,265,0,0,1
56878,317,265,1,0,1
56956,320,265,1,0,1
57034,321,270,1,0,1
57112,322,261,1,0,1
57190,322,267,1,0,1
57283,322,270,1,0,1
57361,321,217,1,0,1
57439,321,213,1,0,1
57517,321,217,1,0,1
57595,320,199,1,0,1
57673,318,196,1,0,1
57751,315,193,1,0,1
57829,315,192,0,0,1
57923,313,197,0,0,1
58001,309,190,0,0,1
58079,301,174,0,0,1
58157,293,179,0,0,1
58235,286,168,0,0,1
58313,279,179,0,0,1
58391,279,175,0,0,1
58469,272,161,0,0,1
58562,274,168,0,0,1
58640,267,147,0,0,1
58718,261,149,0,0,1
58796,258,139,0,0,1
58874,251,145,0,0,1
58952,250,142,0,0,1
59030,242,136,0,0,1
59108,237,145,0,0,1
59202,248,133,0,0,1
59280,235,142,0,0,1
59358,239,143,0,0,1
59436,227,140,0,0,1
59514,224,158,0,0,1
59592,230,157,0,0,1
59670,219,171,0,0,1
59764,237,175,0,0,1
59842,228,181,0,0,1
59920,233,187,0,0,1
59998,232,188,0,0,1
60076,233,196,0,0,1
60154,237,196,0,0,1
60232,220,205,0,0,1
60310,241,205,0,0,1
60403,228,218,0,0,1
60481,246,233,0,0,1
60559,252,236,0,0,1
60637,248,248,0,0,1
60715,254,248,0,0,1
60793,248,259,0,0,1
60871,265,261,0,0,1
60965,258,268,0,0,1
61043,272,279,0,0,1
61121,267,288,0,0,1
61199,265,300,0,0,1
61277,264,301,0,0,1
61355,241,302,0,0,1
61433,242,301,0,0,1
61511,236,301,0,0,1
61604,243,291,0,0,1
61682,226,284,0,0,1
61760,259,286,0,0,1
61838,239,279,0,0,1
61916,242,291,0,0,1
61994,244,284,0,0,1
62072,240,292,0,0,1
62150,277,286,0,0,1
62244,275,281,0,0,1
62322,306,287,0,0,1
62400,298,279,0,0,1
62478,294,298,0,0,1
62556,310,290,0,0,1
62634,309,289,0,0,0
62712,311,287,0,0,0
62790,316,282,0,0,0
62884,335,285,0,0,0
62962,372,294,0,0,0
63040,380,292,0,0,0
63118,392,287,0,0,0
63196,397,286,0,0,0
63274,400,286,0,0,0
63352,401,284,0,0,0
63430,401,283,0,0,0
63523,401,283,0,0,0
63601,402,282,0,0,0
63679,402,279,0,2,0
63757,403,279,0,0,0
63835,403,278,0,0,0
63913,403,277,0,0,0
63991,403,276,0,0,0
64085,403,276,0,0,0
64163,403,275,0,0,0
64241,403,273,0,0,0
64319,404,267,0,0,0
64397,407,263,0,0,0
64475,418,254,0,0,0
64553,435,243,0,0,0
64631,446,238,0,0,0
64724,457,234,0,0,0
64802,485,228,0,0,0
64880,507,227,0,0,0
64958,562,254,0,0,0
65036,612,318,0,0,0
65114,635,360,0,0,0
65192,630,383,0,0,0
65270,603,402,0,0,0
65364,577,409,0,0,0
65442,556,414,0,0,0
65520,516,414,0,0,0
65598,484,410,0,0,0
65676,457,399,0,0,0
65754,428,388,0,0,0
65832,401,358,0,0,0
65910,381,310,0,0,0
66004,375,263,0,0,0
66082,367,228,0,0,0
66160,379,201,0,0,0
66238,417,183,0,0,0
66316,446,176,0,0,0
66394,474,175,0,0,0
66472,500,174,0,0,0
66565,551,196,0,0,0
66643,582,228,0,0,0
66721,605,266,0,0,0
66799,608,288,0,0,0
66877,584,321,0,0,0
66955,561,337,0,0,0
67033,538,352,0,0,0
67111,512,359,0,0,0
67205,481,360,0,0,0
67283,438,361,0,0,0
67361,400,352,0,0,0
67439,348,335,0,0,0
67517,295,307,0,0,0
67595,267,264,0,0,0
67673,268,240,0,0,0
67751,284,210,0,0,0
67844,313,178,0,0,0
67922,360,150,0,0,0
68000,390,140,0,0,0
68078,446,137,0,0,0
68156,488,160,0,0,0
68234,546,217,0,0,0
68312,553,263,0,0,0
68390,539,304,0,0,0
68484,506,323,0,0,0
68562,468,339,0,0,0
68640,434,344,0,0,0
68718,390,337,0,0,0
68796,339,297,0,0,0
68874,336,246,0,0,0
68952,342,201,0,0,0
69030,359,160,0,0,0
69124,388,131,0,0,0
69202,436,118,0,0,0
69280,489,137,0,0,0
69358,532,199,0,0,0
69436,537,264,0,0,0
69514,521,306,0,0,0
69592,492,330,0,0,0
69685,449,337,0,0,0
69763,412,334,0,0,0
69841,366,301,0,0,0
69919,323,254,0,0,0
69997,313,194,0,0,0
70075,321,149,0,0,0
70153,340,127,0,0,0
70231,379,118,0,0,0
70325,422,119,0,0,0
70403,464,152,0,0,0
70481,486,194,0,0,0
70559,486,242,0,0,0
70637,482,296,0,0,0
70715,461,326,0,0,0
70793,428,332,0,0,0
70871,387,325,0,0,0
70964,337,301,0,0,0
71042,315,269,0,0,0
71120,307,237,0,0,0
71198,304,216,0,0,0
71276,311,200,0,0,0
71354,331,180,0,0,0
71432,349,166,0,0,0
71510,374,160,0,0,0
71604,409,152,0,0,0
71682,412,151,0,0,0
71760,413,155,0,0,0
71838,399,176,0,1,0
71916,397,184,0,0,0
71994,396,189,0,0,1
72072,397,193,0,0,1
72150,400,201,0,0,1
72244,401,204,0,0,1
72322,401,204,0,0,1
72400,402,207,0,0,1
72478,403,214,0,0,1
72556,403,220,0,0,1
72634,405,224,0,0,1
72712,405,228,0,0,1
72805,405,228,0,0,1
72883,405,228,0,0,1
72961,405,228,0,0,1
73039,407,219,0,0,1
73117,410,208,0,0,1
73195,416,195,0,0,1
73273,418,185,0,0,1
73351,418,179,0,0,1
73445,418,181,0,0,0
73523,437,192,0,0,0
73601,442,189,0,0,0
73679,397,204,0,0,0
73757,399,228,0,0,0
73835,408,191,0,0,0
73913,382,181,0,0,0
73991,431,223,0,0,0
74084,420,184,0,0,0
74162,377,140,0,0,0
74240,383,124,0,0,0
74318,383,112,0,0,0
74396,381,108,0,0,0
74474,381,106,0,0,0
74552,382,108,0,0,1
74630,383,117,0,0,1
74724,380,124,0,0,1
74802,380,134,0,0,1
74880,380,134,0,0,1
74958,379,152,0,0,1
75036,380,154,0,0,1
75114,380,163,0,0,1
75192,380,174,0,0,1
75286,380,182,0,0,1
75364,382,193,0,0,1
75442,383,204,0,0,1
75520,383,215,0,0,1
75598,383,225,0,0,1
75676,383,233,0,0,1
75754,382,252,0,0,1
75832,381,262,0,0,1
75925,381,267,0,0,1
76003,381,269,0,0,1
76081,381,272,0,0,1
76159,381,273,0,0,1
76237,374,246,0,0,1
76315,348,175,0,0,1
76393,344,163,0,0,1
76471,343,161,0,0,1
76565,342,157,0,0,1
76643,332,162,0,0,1
76721,326,168,0,0,1
76799,325,171,0,0,1
76877,327,175,0,0,1
76955,330,177,0,0,1
77033,333,178,0,0,1
77111,335,181,0,0,1
77204,337,184,0,0,1
77282,339,187,0,0,1
77360,339,196,0,0,1
77438,339,205,0,0,1
77516,339,209,0,0,1
77594,344,212,0,0,1
77672,346,213,0,0,1
77750,346,215,0,0,1
77844,346,221,0,0,1
77922,349,226,0,0,1
78000,350,226,0,0,1
78078,351,226,0,0,1
78156,364,232,0,0,1
78234,364,232,0,0,1
78312,364,234,0,0,1
78406,369,235,0,0,1
78484,368,232,0,0,1
78562,367,236,0,0,1
78640,370,232,0,0,1
78718,369,235,0,0,1
78796,373,234,0,0,1
78874,369,232,0,0,1
78952,373,233,0,0,1
79045,378,223,0,0,1
79123,375,236,0,0,1
79201,407,239,0,0,1
79279,400,249,0,0,1
79357,415,255,0,0,1
79435,414,259,0,0,1
79513,414,265,0,0,1
79591,412,267,0,0,1
79685,412,270,0,0,1
79763,409,265,0,0,1
79841,402,269,0,0,1
79919,407,268,0,0,1
79997,399,268,0,0,1
80075,412,270,0,0,1
80153,409,271,0,0,1
80231,415,274,0,0,1
80324,417,271,0,0,1
80402,420,274,0,0,1
80480,426,272,0,0,1
80558,421,273,0,0,1
80636,430,273,0,0,1
80714,420,279,0,0,1
80792,421,282,0,0,1
80886,415,284,0,0,1
80964,419,287,0,0,1
81042,425,283,0,0,1
81120,422,284,0,0,1
81198,424,279,0,0,1
81276,419,280,0,0,1
81354,429,275,0,0,1
81432,422,273,0,0,1
81526,421,280,0,0,1
81604,427,273,0,0,1
81682,422,277,0,0,1
81760,430,270,0,0,1
81838,425,268,0,0,1
81916,427,268,0,0,1
81994,424,263,0,0,1
82072,419,272,0,0,1
82165,421,264,0,0,1
82243,418,269,0,0,1
82321,418,263,0,0,1
82399,412,253,0,0,1
82477,412,257,0,0,1
82555,409,250,0,0,1
82633,422,256,0,0,1
82711,438,243,0,0,1
82805,435,251,0,0,1
82883,444,246,0,0,1
82961,435,254,0,0,1
83039,448,255,0,0,1
83117,448,247,0,0,1
83195,458,243,0,0,1
83273,452,234,0,0,1
83351,448,237,1,0,1
83445,440,221,1,0,1
83523,432,223,1,0,1
83601,436,219,1,0,1
83679,432,226,1,0,1
83757,436,223,1,0,1
83835,424,213,1,0,1
83913,421,218,1,0,1
84006,414,203,1,0,1
84084,408,210,1,0,1
84162,412,201,1,0,1
84240,392,195,1,0,1
84318,398,196,1,0,1
84396,389,183,1,0,1
84474,387,208,1,0,1
84552,393,208,1,0,1
84646,329,244,1,0,1
84724,322,264,1,0,1
84802,270,284,1,0,1
84880,264,291,1,0,1
84958,262,294,1,0,1
85036,254,308,1,0,1
85114,264,311,1,0,1
85192,262,315,1,0,1
85285,273,316,1,0,1
85363,271,317,1,0,1
85441,286,320,1,0,1
85519,285,317,1,0,1
85597,278,322,1,0,1
85675,290,317,1,0,1
85753,268,320,1,0,1
85831,269,325,1,0,1
85925,256,319,1,0,1
86003,251,320,1,0,1
86081,260,315,1,0,1
86159,243,317,1,0,1
86237,262,322,1,0,1
86315,260,321,1,0,1
86393,246,323,1,0,1
86471,261,320,1,0,1
86565,257,321,1,0,1
86643,263,324,1,0,1
86721,263,319,1,0,1
86799,254,324,1,0,1
86877,303,324,1,0,1
86955,297,338,1,0,1
87033,322,343,1,0,1
87126,303,346,1,0,1
87204,307,344,1,0,1
87282,303,335,1,0,1
87360,300,339,1,0,1
87438,298,334,1,0,1
87516,281,334,1,0,1
87594,289,334,1,0,1
87672,290,326,1,0,1
87766,293,340,1,0,1
87844,284,324,1,0,1
87922,279,332,1,0,1
88000,291,334,1,0,1
88078,286,327,1,0,1
88156,284,333,0,0,1
88234,289,324,0,0,1
88312,279,326,0,0,1
88405,279,328,0,0,1
88483,269,325,0,0,1
88561,268,326,0,0,1
88639,272,318,0,0,1
88717,257,320,0,0,1
88795,268,314,0,0,1
88873,255,303,0,0,1
88951,253,312,0,0,1
89045,257,295,0,0,1
89123,250,297,0,0,1
89201,260,297,1,0,1
89279,253,290,1,0,1
89357,238,294,1,0,1
89435,255,281,1,0,1
89513,242,294,1,0,1
89607,243,297,1,0,1
89685,235,284,1,0,1
89763,231,289,1,0,1
89841,228,269,1,0,1
89919,227,282,1,0,1
89997,233,276,1,0,1
90075,209,253,1,0,1
90153,210,263,0,0,1
90246,211,241,0,0,1
90324,207,244,0,0,1
90402,209,240,0,0,1
90480,186,231,0,0,1
90558,182,231,0,0,1
90636,183,206,0,0,1
90714,164,217,0,0,1
90792,170,216,0,0,1
90886,170,216,0,0,1
90964,219,240,0,0,1
91042,245,240,0,0,1
91120,263,273,0,0,1
91198,281,282,0,0,1
91276,292,284,0,0,1
91354,306,284,0,0,0
91432,309,284,0,0,0
91525,314,284,0,0,0
91603,342,281,0,0,0
91681,344,280,0,0,0
91759,347,280,0,0,0
91837,350,280,0,0,0
91915,352,279,0,0,0
91993,353,279,0,0,0
92071,353,279,0,0,0
92165,353,279,0,2,0
92243,354,279,0,0,0
92321,355,278,0,0,0
92399,355,277,0,0,0
92477,356,277,0,0,0
92555,356,276,0,0,0
92633,358,275,0,0,0
92727,363,271,0,0,0
92805,380,261,0,0,0
92883,395,251,0,0,0
92961,411,240,0,0,0
93039,423,235,0,0,0
93117,439,229,0,0,0
93195,456,228,0,0,0
93273,473,227,0,0,0
93366,479,227,0,0,0
93444,512,237,0,0,0
93522,528,242,0,0,0
93600,543,251,0,0,0
93678,548,263,0,0,0
93756,549,276,0,0,0
93834,550,297,0,0,0
93912,551,336,0,0,0
94006,551,354,0,0,0
94084,551,356,0,0,0
94162,551,356,0,0,0
94240,549,356,0,0,0
94318,540,356,0,0,0
94396,532,355,0,0,0
94474,531,355,0,0,0
94552,522,353,0,0,0
94645,516,351,0,0,0
94723,477,329,0,0,0
94801,432,290,0,0,0
94879,406,254,0,0,0
94957,393,224,0,0,0
95035,369,199,0,0,0
95113,350,188,0,0,0
95191,336,194,0,0,0
95285,328,217,0,0,0
95363,337,244,0,0,0
95441,344,247,0,0,0
95519,354,239,0,0,0
95597,361,227,0,0,0
95675,374,205,0,0,0
95753,378,185,0,0,0
95847,376,168,0,0,0
95925,365,151,0,0,0
96003,353,134,0,0,0
96081,350,132,0,0,0
96159,350,132,0,0,0
96237,350,132,0,0,0
96315,350,129,0,0,0
96393,353,124,0,0,0
96486,356,122,0,0,0
96564,358,122,0,0,0
96642,361,122,0,0,0
96720,363,122,0,0,0
96798,363,122,0,1,0
96876,363,122,0,0,0
96954,363,124,0,0,0
97032,357,129,0,0,0
97126,335,139,0,0,0
97204,309,140,0,0,0
97282,300,139,0,0,0
97360,264,131,0,0,0
97438,262,123,0,0,0
97516,268,118,0,0,0
97594,382,153,0,0,0
97672,417,175,0,0,0
97765,399,169,0,0,0
97843,337,132,0,0,0
97921,329,119,0,0,0
97999,320,119,0,0,1
98077,320,119,0,0,1
98155,331,123,0,0,1
98233,344,127,0,0,1
98327,376,127,0,0,1
98405,381,127,0,0,1
98483,381,127,0,0,1
98561,381,127,0,0,1
98639,379,130,0,0,1
98717,381,133,0,0,1
98795,389,137,0,0,1
98873,399,150,0,0,1
98967,402,150,0,0,1
99045,409,153,0,0,1
99123,420,153,0,0,1
99201,419,162,0,0,1
99279,421,161,0,0,1
99357,421,164,0,0,1
99435,423,166,0,0,1
99513,421,166,0,0,1
99606,421,167,0,0,1
99684,421,167,0,0,1
99762,421,167,0,3,1
99840,421,167,0,0,1
99918,421,167,0,0,1
99996,421,167,0,0,1
100074,423,170,0,0,1
100152,423,170,0,0,1
100246,422,169,0,0,1
100324,421,175,0,0,1
100402,433,170,0,0,1
100480,433,169,0,0,1
100558,441,167,0,0,1
100636,441,163,0,0,1
100714,467,176,0,0,1
100792,469,170,0,0,1
100885,468,161,0,0,1
100963,470,161,1,0,1
101041,474,161,0,0,1
101119,475,161,0,0,1
101197,475,161,0,0,1
101275,475,161,0,0,1
101353,474,165,0,0,1
101447,473,165,0,0,1
101525,472,167,0,0,1
101603,476,165,0,0,1
101681,476,159,0,0,1
101759,474,164,0,0,1
101837,474,164,0,0,1
101915,473,164,0,0,1
101993,473,165,0,0,1
102087,471,162,0,0,1
102165,471,162,0,0,1
102243,471,162,0,0,1
102321,465,166,1,0,1
102399,464,170,0,0,1
102477,466,159,0,0,1
102555,463,164,0,0,1
102633,462,162,0,0,1
102726,450,166,0,0,1
102804,447,170,0,0,1
102882,442,168,0,0,1
102960,437,173,0,0,1
103038,437,172,0,0,1
103116,437,173,0,0,1
103194,437,175,1,0,1
103272,433,174,1,0,1
103366,427,178,1,0,1
103444,436,175,1,0,1
103522,429,176,1,0,1
103600,426,178,1,0,1
103678,423,174,1,0,1
103756,412,176,1,0,1
103834,416,177,1,0,1
103927,411,175,1,0,1
104005,407,184,1,0,1
104083,408,179,1,0,1
104161,407,181,1,0,1
104239,414,180,1,0,1
104317,413,178,1,0,1
104395,417,182,1,0,1
104473,419,176,1,0,1
104567,418,179,1,0,1
104645,418,180,0,0,1
104723,411,180,0,0,1
104801,411,182,0,0,1
104879,418,175,0,0,1
104957,413,182,0,0,1
105035,416,179,0,0,1
105113,412,176,0,0,1
105207,414,179,0,0,1
105285,415,173,0,0,1
105363,410,180,0,0,1
105441,419,179,0,0,1
105519,417,176,0,0,1
105597,417,184,0,0,1
105675,420,175,0,0,1
105753,414,182,0,0,1
105846,424,180,0,0,1
105924,420,174,0,0,1
106002,415,201,0,0,1
106080,425,214,0,0,1
106158,393,256,0,0,1
106236,393,258,0,0,1
106314,393,259,0,0,1
106392,400,272,0,0,1
106486,404,269,0,0,1
106564,401,274,0,0,1
106642,412,267,0,0,1
106720,411,265,0,0,1
106798,423,264,0,0,1
106876,421,261,0,0,1
106954,421,270,1,0,1
107047,428,265,0,0,1
107125,423,269,0,0,1
107203,427,261,0,0,1
107281,413,266,0,0,1
107359,418,268,0,0,1
107437,414,264,0,0,1
107515,412,269,0,0,1
107593,433,217,1,0,1
107687,431,189,1,0,1
107765,445,173,1,0,1
107843,432,182,1,0,1
107921,431,183,1,0,1
107999,426,171,1,0,1
108077,415,184,1,0,1
108155,418,170,1,0,1
108233,416,178,1,0,1
108327,419,174,1,0,1
108405,411,171,1,0,1
108483,411,174,1,0,1
108561,410,162,1,0,1
108639,397,197,1,0,1
108717,418,219,1,0,1
108795,366,271,1,0,1
108873,375,273,1,0,1
108966,378,273,1,0,1
109044,375,280,0,0,1
109122,389,259,0,0,1
109200,385,260,0,0,1
109278,383,265,0,0,1
109356,383,264,0,0,1
109434,389,265,0,0,1
109512,382,261,0,0,1
109606,378,267,0,0,1
109684,390,262,0,0,1
109762,382,266,0,0,1
109840,382,268,0,0,1
109918,378,268,0,0,1
109996,389,284,1,0,1
110074,402,283,1,0,1
110167,398,290,1,0,1
110245,405,289,1,0,1
110323,388,292,1,0,1
110401,394,289,1,0,1
110479,379,277,1,0,1
110557,383,289,1,0,1
110635,391,287,1,0,1
110713,352,292,1,0,1
110807,339,278,1,0,1
110885,318,282,1,0,1
110963,329,276,1,0,1
111041,350,271,1,0,1
111119,352,272,1,0,1
111197,327,272,0,0,1
111275,334,273,0,0,1
111353,335,273,0,0,1
111447,335,274,0,0,1
111525,335,274,0,0,1
111603,343,282,0,0,1
111681,347,272,0,0,1
111759,335,280,0,0,1
111837,344,272,0,0,1
111915,353,259,0,0,1
111993,408,264,0,0,1
112086,398,281,0,0,1
112164,394,299,0,0,1
112242,395,297,0,0,1
112320,390,299,0,0,1
112398,392,297,0,0,1
112476,392,304,0,0,1
112554,415,297,0,0,1
112648,388,298,0,0,1
112726,406,296,1,0,1
112804,412,290,1,0,1
112882,406,290,1,0,1
112960,413,290,1,0,1
113038,397,293,1,0,1
113116,404,292,1,0,1
113194,377,303,1,0,1
113288,375,304,1,0,1
113366,398,294,1,0,1
113444,359,300,1,0,1
113522,385,294,1,0,1
113600,356,297,0,0,1
113678,357,296,0,0,1
113756,381,294,0,0,1
113834,346,287,0,0,1
113927,365,267,0,0,1
114005,356,250,0,0,1
114083,391,204,0,0,1
114161,355,177,0,0,1
114239,346,161,0,0,1
114317,334,182,0,0,1
114395,323,196,0,0,1
114473,344,172,0,0,1
114567,311,187,0,0,1
114645,326,185,0,0,1
114723,309,202,0,0,1
114801,329,223,0,0,1
114879,332,219,0,0,1
114957,315,237,0,0,1
115035,383,230,0,0,1
115113,407,275,0,0,1
115206,471,293,0,0,1
115284,473,303,0,0,1
115362,478,304,0,0,1
115440,483,293,0,0,1
115518,469,307,1,0,1
115596,472,306,1,0,1
115674,441,337,1,0,1
115768,440,338,1,0,1
115846,436,340,1,0,1
115924,420,353,1,0,1
116002,423,348,1,0,1
116080,389,376,1,0,1
116158,389,377,0,0,1
116236,370,390,0,0,1
116314,340,407,0,0,1
116408,357,397,0,0,1
116486,363,391,1,0,1
116564,425,332,1,0,1
116642,461,297,1,0,1
116720,472,289,1,0,1
116798,474,288,1,0,1
116876,459,284,1,0,1
116954,446,289,1,0,1
117047,454,280,1,0,1
117125,383,284,1,0,1
117203,381,283,1,0,1
117281,376,288,1,0,1
117359,385,291,1,0,1
117437,411,285,1,0,1
117515,399,289,1,0,1
117593,429,285,1,0,1
117687,407,297,1,0,1
117765,431,282,1,0,1
117843,452,268,1,0,1
117921,447,269,1,0,1
117999,495,238,1,0,1
118077,437,259,1,0,1
118155,445,247,1,0,1
118233,452,240,1,0,1
118326,438,239,1,0,1
118404,419,256,1,0,1
118482,414,260,1,0,1
118560,410,264,1,0,1
118638,409,268,1,0,1
118716,398,271,1,0,1
118794,390,275,1,0,1
118888,417,275,1,0,1
118966,375,283,1,0,1
119044,419,261,1,0,1
119122,397,272,1,0,1
119200,403,272,1,0,1
119278,417,266,1,0,1
119356,414,269,1,0,1
119434,435,246,1,0,1
119528,430,246,1,0,1
119606,431,239,1,0,1
119684,429,232,1,0,1
119762,426,230,1,0,1
119840,402,243,1,0,1
119918,405,247,1,0,1
119996,421,246,1,0,1
120074,406,251,1,0,1
120167,452,223,1,0,1
120245,437,219,1,0,1
120323,438,219,1,0,1
120401,435,216,1,0,1
120479,424,219,1,0,1
120557,424,219,1,0,1
120635,379,227,1,0,1
120713,377,227,1,0,1
120807,377,227,1,0,0
120885,377,227,1,0,0
120963,377,227,1,2,0
121041,377,227,1,0,0
121119,377,227,1,0,0
121197,380,226,1,0,0
121275,384,222,1,0,0
121368,390,220,1,0,0
121446,395,217,1,0,0
121524,406,213,1,0,0
121602,418,208,1,0,0
121680,431,204,1,0,0
121758,448,199,1,0,0
121836,465,199,1,0,0
121914,486,199,1,0,0
122008,494,201,1,0,0
122086,512,206,1,0,0
122164,526,212,1,0,0
122242,532,222,1,0,0
122320,528,227,1,0,0
122398,521,230,1,0,0
122476,520,233,1,0,0
122554,519,233,1,0,0
122648,511,246,1,0,0
122726,500,267,1,0,0
122804,496,284,1,0,0
122882,490,296,1,0,0
122960,483,304,1,0,0
123038,466,315,1,0,0
123116,453,321,1,0,0
123194,437,328,1,0,0
123287,421,336,1,0,0
123365,418,337,1,0,0
123443,410,339,1,0,0
123521,405,340,1,0,0
123599,402,340,1,0,0
123677,390,340,1,0,0
123755,387,341,1,0,0
123833,384,336,1,0,0
123927,373,323,1,0,0
124005,367,309,1,0,0
124083,367,297,1,0,0
124161,372,277,1,0,0
124239,382,258,1,0,0
124317,414,233,1,0,0
124395,447,223,1,0,0
124488,475,221,1,0,0
124566,493,224,1,0,0
124644,507,242,1,0,0
124722,526,266,1,0,0
124800,545,295,1,0,0
124878,549,315,1,0,0
124956,549,330,1,0,0
125034,538,340,1,0,0
125128,528,346,1,0,0
125206,507,356,1,0,0
125284,479,364,1,0,0
125362,431,361,1,0,0
125440,396,342,1,0,0
125518,394,337,1,0,0
125596,393,321,1,0,0
125674,393,310,1,0,0
125768,398,301,1,0,0
125846,400,299,1,0,0
125924,400,297,1,0,0
126002,400,297,1,0,0
126080,399,295,1,0,0
126158,399,295,1,0,0
126236,399,295,1,1,0
126314,399,292,1,0,0
126407,399,292,1,0,0
126485,399,292,1,0,0
126563,399,292,1,0,0
126641,399,293,1,0,1
126719,400,289,1,0,1
126797,400,288,1,0,1
126875,393,292,1,0,1
126953,394,290,1,0,1
127047,391,292,0,0,1
127125,404,285,0,0,1
127203,399,289,0,0,1
127281,398,290,0,0,1
127359,400,289,0,0,1
127437,395,292,0,0,1
127515,405,290,0,0,1
127608,398,293,0,0,1
127686,401,292,0,0,1
127764,397,294,0,0,1
127842,397,294,0,0,1
127920,396,295,0,0,1
127998,393,297,0,0,1
128076,404,293,0,0,1
128154,396,300,0,0,1
128248,405,295,0,0,1
128326,396,301,0,0,1
128404,397,301,0,0,1
128482,407,295,0,0,1
128560,400,300,1,0,1
128638,410,295,1,0,1
128716,403,297,1,0,1
128794,409,293,1,0,1
128888,411,295,1,0,1
128966,405,301,1,0,1
129044,416,295,1,0,1
129122,414,296,1,0,1
129200,419,293,1,0,1
129278,410,297,1,0,1
129356,418,294,1,0,1
129434,413,295,1,0,1
129527,416,295,1,0,1
129605,418,293,0,0,1
129683,412,296,0,0,1
129761,425,290,0,0,1
129839,416,293,0,0,1
129917,419,293,0,0,1
129995,410,296,0,0,1
130089,417,296,0,0,1
130167,430,296,0,0,1
130245,428,296,0,0,1
130323,442,296,0,0,1
130401,430,298,0,0,1
130479,440,296,0,0,1
130557,377,295,0,0,1
130635,319,287,0,0,1
130728,319,277,0,0,1
130806,319,277,0,0,1
130884,317,274,0,0,1
130962,317,274,0,0,1
131040,316,273,0,0,1
131118,314,268,0,0,1
131196,317,269,0,0,1
131274,331,263,0,0,1
131368,327,269,0,0,1
131446,331,267,0,0,1
131524,327,268,0,0,1
131602,333,267,0,0,1
131680,334,265,0,0,1
131758,343,267,0,0,1
131836,343,264,0,0,1
131914,347,266,0,0,1
132008,352,262,0,0,1
132086,349,268,0,0,1
132164,356,265,0,0,1
132242,355,266,0,0,1
132320,361,268,0,0,1
132398,358,271,0,0,1
132476,373,272,0,0,1
132554,374,271,0,0,1
132647,385,276,0,0,1
132725,402,275,0,0,1
132803,404,278,0,0,1
132881,404,279,0,0,1
132959,404,282,0,0,1
133037,400,284,0,0,1
133115,403,287,0,0,1
133209,400,286,0,0,1
133287,395,293,0,0,1
133365,402,288,0,0,1
133443,395,293,0,0,1
133521,400,292,0,0,1
133599,393,291,0,0,1
133677,395,297,0,0,1
133755,396,291,0,0,1
133848,394,295,0,0,1
133926,396,293,0,0,1
134004,389,299,0,0,1
134082,389,299,0,0,1
134160,381,297,0,0,1
134238,431,306,0,0,1
134316,594,338,0,0,1
134394,622,379,0,0,1
134488,631,383,0,0,1
134566,587,375,0,0,1
134644,592,371,0,0,1
134722,585,368,0,0,1
134800,578,373,0,0,1
134878,572,360,0,0,1
134956,561,365,0,0,1
135034,557,354,0,0,1
135128,541,359,0,0,1
135206,539,348,0,0,1
135284,525,348,0,0,1
135362,525,343,0,0,1
135440,513,338,0,0,1
135518,512,342,0,0,1
135596,500,330,0,0,1
135689,496,332,0,0,1
135767,495,318,0,0,1
135845,481,321,0,0,1
135923,482,321,0,0,1
136001,471,321,0,0,1
136079,507,336,0,0,1
136157,501,330,0,0,1
136235,491,342,0,0,1
136329,501,334,0,0,1
136407,449,331,0,0,1
136485,435,332,0,0,1
136563,424,324,0,0,1
136641,380,325,0,0,1
136719,380,324,0,0,1
136797,380,324,0,0,1
136875,386,310,0,0,1
136968,378,286,0,0,1
137046,370,263,0,0,1
137124,374,261,0,0,0
137202,375,261,0,0,0
137280,388,257,0,0,0
137358,391,255,0,0,0
137436,395,251,0,0,0
137514,413,246,0,2,0
137608,427,245,0,0,0
137686,435,245,0,0,0
137764,454,248,0,0,0
137842,458,249,0,0,0
137920,472,257,0,0,0
137998,481,258,0,0,0
138076,486,265,0,0,0
138154,489,270,0,0,0
138248,490,275,0,0,0
138326,489,282,0,0,0
138404,485,287,0,0,0
138482,480,292,0,0,0
138560,476,297,0,0,0
138638,472,297,0,0,0
138716,455,281,0,0,0
138809,441,265,0,0,0
138887,420,251,0,0,0
138965,403,245,0,0,0
139043,394,243,0,0,0
139121,382,240,0,0,0
139199,369,240,0,0,0
139277,346,241,0,0,0
139355,315,254,0,0,0
139449,302,271,0,0,0
139527,301,286,0,0,0
139605,316,302,0,0,0
139683,338,304,0,0,0
139761,386,297,0,0,0
139839,409,286,0,0,0
139917,440,278,0,0,0
139995,471,268,0,0,0
140088,492,265,0,0,0
140166,522,265,0,0,0
140244,544,280,0,0,0
140322,566,302,0,0,0
140400,577,317,0,0,0
140478,587,337,0,0,0
140556,590,344,0,0,0
140634,590,336,0,0,0
140728,588,317,0,0,0
140806,580,297,0,0,0
140884,554,276,0,0,0
140962,528,259,0,0,0
141040,499,251,0,0,0
141118,452,238,0,0,0
141196,406,230,0,0,0
141274,376,230,0,0,0
141368,352,242,0,0,0
141446,329,263,0,0,0
141524,325,293,0,0,0
141602,343,320,0,0,0
141680,369,326,0,0,0
141758,428,329,0,0,0
141836,466,298,0,0,0
141929,490,274,0,0,0
142007,504,238,0,0,0
142085,507,189,0,0,0
142163,496,157,0,0,0
142241,488,138,0,0,0
142319,480,133,0,1,0
142397,463,126,0,0,0
142475,436,126,0,0,0
142569,434,126,0,0,0
142647,420,126,0,0,0
142725,402,126,0,0,0
142803,402,126,0,0,1
142881,400,135,0,0,1
142959,401,136,0,0,1
143037,401,141,0,0,1
143115,401,158,0,0,1
143208,401,145,0,0,1
143286,401,150,1,0,1
143364,402,146,1,0,1
143442,402,141,1,0,1
143520,408,147,1,0,1
143598,409,125,1,0,1
143676,414,130,1,0,1
143754,416,119,1,0,1
143848,416,112,1,0,1
143926,417,118,1,0,1
144004,417,106,1,0,1
144082,416,115,1,0,1
144160,415,119,1,0,1
144238,412,90,1,0,1
144316,411,97,1,0,1
144410,411,100,1,0,1
144488,409,91,1,0,1
144566,408,93,1,0,1
144644,407,94,1,0,1
144722,407,91,1,0,1
144800,398,106,1,0,1
144878,397,102,1,0,1
144956,396,101,1,0,1
145049,393,108,1,0,1
145127,396,97,1,0,1
145205,395,113,1,0,1
145283,397,106,1,0,1
145361,399,113,1,0,1
145439,399,109,1,0,1
145517,405,92,1,0,1
145595,399,103,1,0,1
145689,401,96,1,0,1
145767,393,105,1,0,1
145845,389,109,1,0,1
145923,413,89,0,0,1
146001,402,99,0,0,1
146079,411,87,0,0,1
146157,408,93,0,0,1
146235,400,101,0,0,1
146329,417,84,0,0,1
146407,401,92,0,0,1
146485,402,87,0,0,1
146563,404,85,0,0,1
146641,390,98,0,0,1
146719,402,83,0,0,1
146797,390,99,0,0,1
146875,389,101,0,0,1
146968,419,68,0,0,1
147046,411,82,1,0,1
147124,410,85,1,0,1
147202,413,78,1,0,1
147280,399,104,1,0,1
147358,401,89,1,0,1
147436,393,99,1,0,1
147530,383,109,1,0,1
147608,395,92,1,0,1
147686,376,115,1,0,1
147764,377,109,1,0,1
147842,389,95,1,0,1
147920,377,124,1,0,1
147998,383,110,0,0,1
148076,380,127,0,0,1
148169,369,146,0,0,1
148247,373,143,0,0,1
148325,373,165,0,0,1
148403,376,162,0,0,1
148481,381,179,0,0,1
148559,381,196,0,0,1
148637,387,193,0,0,1
148715,387,228,0,0,1
148809,398,230,0,0,1
148887,403,257,0,0,1
148965,401,270,0,0,1
149043,413,267,0,0,1
149121,411,282,0,0,1
149199,412,281,0,0,1
149277,405,317,0,0,1
149355,407,311,0,0,1
149449,430,293,0,0,1
149527,420,308,0,0,1
149605,420,308,0,0,1
149683,414,319,0,0,1
149761,416,316,0,0,1
149839,410,329,0,0,1
149917,409,331,0,0,1
149995,401,326,0,0,1
150088,400,328,0,0,1
150166,403,319,0,0,1
150244,396,343,0,0,1
150322,396,334,0,0,1
150400,390,348,0,0,1
150478,386,332,0,0,1
150556,340,300,0,0,1
150650,344,311,0,0,1
150728,318,295,0,0,1
150806,311,302,0,0,1
150884,313,289,0,0,1
150962,304,295,0,0,1
151040,322,288,0,0,1
151118,296,300,0,0,1
151196,312,295,0,0,1
151289,301,284,0,0,1
151367,301,297,0,0,1
151445,302,290,0,0,1
151523,289,302,0,0,1
151601,333,284,0,0,1
151679,321,293,0,0,1
151757,354,293,0,0,1
151835,358,285,0,0,1
151929,412,301,0,0,1
152007,425,248,0,0,1
152085,405,252,0,0,1
152163,437,248,0,0,1
152241,411,257,0,0,1
152319,418,260,0,0,1
152397,404,254,0,0,1
152491,408,266,0,0,1
152569,406,257,1,0,1
152647,396,268,1,0,1
152725,402,256,1,0,1
152803,392,260,1,0,1
152881,402,251,1,0,1
152959,390,255,1,0,1
153052,397,258,1,0,1
153130,396,243,1,0,1
153208,395,259,1,0,1
153286,407,242,1,0,1
153364,363,244,1,0,1
153442,376,236,1,0,1
153520,368,231,1,0,1
153598,367,232,1,0,1
153692,358,219,1,0,1
153770,263,285,1,0,1
153848,106,326,1,0,1
153926,138,288,1,0,1
154004,149,287,1,0,1
154082,148,317,1,0,1
154160,133,290,1,0,1
154238,115,327,1,0,1
154331,112,355,1,0,1
154409,107,326,1,0,1
154487,102,376,1,0,1
154565,102,379,1,0,1
154643,94,359,1,0,1
154721,93,403,1,0,1
154799,93,404,1,0,1
154877,93,385,1,0,1
154971,91,432,1,0,1
155049,91,396,1,0,1
155127,91,375,1,0,1
155205,88,404,1,0,1
155283,92,362,1,0,1
155361,92,391,1,0,1
155439,93,378,1,0,1
155517,93,343,1,0,1
155611,178,394,1,0,1
155689,391,339,1,0,1
155767,397,338,1,0,1
155845,411,329,1,0,1
155923,445,324,1,0,1
156001,429,324,1,0,1
156079,389,326,1,0,1
156172,409,313,1,0,1
156250,391,315,1,0,1
156328,409,315,1,0,1
156406,390,315,1,0,1
156484,411,317,1,0,1
156562,432,319,1,0,1
156640,405,318,1,0,1
156718,429,318,1,0,1
156812,381,319,1,0,1
156890,427,319,1,0,1
156968,402,322,1,0,1
157046,396,322,1,0,1
157124,396,320,1,0,1
157202,280,309,1,0,1
157280,257,246,1,0,1
157358,256,236,1,0,1
157451,263,231,1,0,1
157529,263,221,1,0,1
157607,263,224,1,0,1
157685,260,214,1,0,1
157763,260,219,1,0,1
157841,265,215,1,0,1
157919,254,222,1,0,1
157997,261,224,1,0,1
158091,258,218,1,0,1
158169,255,223,1,0,1
158247,256,211,1,0,1
158325,253,222,1,0,1
158403,259,213,1,0,1
158481,255,216,1,0,1
158559,272,214,1,0,1
158637,266,256,1,0,1
158731,342,330,1,0,1
158809,376,311,1,0,1
158887,371,314,1,0,1
158965,400,302,1,0,1
159043,289,318,1,0,1
159121,189,312,1,0,1
159199,170,278,1,0,1
159292,114,355,1,0,1
159370,114,373,1,0,1
159448,110,319,1,0,1
159526,92,374,1,0,1
159604,115,362,1,0,1
159682,106,329,1,0,1
159760,100,391,1,0,1
159838,147,399,1,0,1
159932,130,395,1,0,1
160010,138,441,1,0,1
160088,197,407,1,0,1
160166,132,361,1,0,1
160244,133,411,1,0,1
160322,215,383,1,0,1
160400,178,334,1,0,1
160478,178,390,1,0,1
160571,393,402,1,0,1
160649,386,350,1,0,1
160727,319,362,1,0,1
160805,383,367,1,0,1
160883,363,291,1,0,1
160961,332,310,1,0,1
161039,372,287,1,0,1
161117,284,243,1,0,1
161211,261,291,1,0,1
161289,376,253,1,0,1
161367,330,197,1,0,1
161445,298,238,1,0,1
161523,360,219,1,0,1
161601,321,159,1,0,1
161679,234,181,1,0,1
161773,315,181,1,0,1
161851,312,110,1,0,1
161929,249,136,1,0,1
162007,301,132,1,0,1
162085,236,134,1,0,1
162163,190,168,1,0,1
162241,190,157,1,0,1
162319,195,196,1,0,1
162412,241,203,1,0,1
162490,229,226,1,0,1
162568,275,233,1,0,1
162646,264,245,1,0,1
162724,263,251,1,0,1
162802,266,252,1,0,1
162880,261,261,1,0,1
162958,293,223,1,0,1
163052,292,236,1,0,1
163130,305,227,1,0,1
163208,307,226,1,0,1
163286,290,243,1,0,1
163364,315,215,1,0,1
163442,309,237,1,0,1
163520,311,238,1,0,1
163598,320,236,1,0,1
163691,317,249,1,0,1
163769,336,232,1,0,1
163847,335,255,1,0,1
163925,336,251,1,0,1
164003,363,238,1,0,1
164081,364,274,1,0,1
164159,377,235,1,0,1
164237,367,260,1,0,1
164331,363,268,1,0,1
164409,411,235,1,0,1
164487,471,274,1,0,1
164565,506,241,1,0,1
164643,484,182,1,0,1
164721,432,208,1,0,1
164799,457,179,1,0,1
164893,416,131,1,0,1
164971,396,185,1,0,1
165049,426,148,1,0,1
165127,395,148,1,0,1
165205,408,182,1,0,1
165283,428,138,1,0,1
165361,355,79,1,0,1
165439,338,144,1,0,1
165532,411,144,1,0,1
165610,359,96,1,0,1
165688,300,106,1,0,1
165766,312,86,1,0,1
165844,203,136,1,0,1
165922,205,231,1,0,1
166000,121,254,1,0,1
166078,103,340,1,0,1
166172,131,347,1,0,1
166250,98,356,1,0,1
166328,155,393,1,0,1
166406,196,394,1,0,1
166484,241,438,1,0,1
166562,390,454,1,0,1
166640,386,461,1,0,1
166718,461,482,1,0,1
166811,491,482,1,0,1
166889,580,483,1,0,1
166967,627,456,1,0,1
167045,652,403,1,0,1
167123,631,333,1,0,1
167201,593,275,1,0,1
167279,552,220,1,0,1
167373,510,173,1,0,1
167451,464,157,1,0,1
167529,393,153,1,0,1
167607,327,161,1,0,1
167685,256,199,1,0,1
167763,216,242,1,0,1
167841,209,293,1,0,1
167919,237,342,1,0,1
168013,288,369,1,0,1
168091,406,372,1,0,1
168169,504,353,1,0,1
168247,545,292,1,0,1
168325,535,232,1,0,1
168403,484,173,1,0,1
168481,424,133,1,0,1
168559,376,115,1,0,1
168652,292,118,1,0,1
168730,207,170,1,0,1
168808,180,263,1,0,1
168886,225,358,1,0,1
168964,343,352,1,0,1
169042,495,288,1,0,1
169120,541,230,1,0,1
169198,528,167,1,0,1
169292,497,119,1,0,1
169370,469,95,1,0,1
169448,408,93,1,0,1
169526,343,92,1,0,1
169604,302,92,1,0,1
169682,239,114,1,0,1
169760,178,172,1,0,1
169838,115,244,1,0,1
169931,91,305,1,0,1
170009,90,338,1,0,1
170087,98,352,1,0,1
170165,227,345,1,0,1
170243,488,320,1,0,1
170321,626,264,1,0,1
170399,640,263,1,0,1
170493,643,263,1,0,1
170571,670,280,1,0,1
170649,705,313,1,0,1
170727,709,317,1,0,1
170805,711,317,1,0,1
170883,712,312,1,0,1
170961,712,271,1,0,1
171039,717,239,1,0,1
171133,720,228,1,0,1
171211,731,214,1,0,1
171289,739,195,1,0,1
171367,740,180,1,0,1
171445,721,166,1,0,1
171523,658,163,1,0,0
171601,558,164,1,0,0
171679,489,165,1,0,0
171772,465,167,1,0,0
171850,448,175,1,0,0
171928,444,180,1,0,0
172006,441,186,1,0,0
172084,441,189,1,0,0
172162,442,189,1,0,0
172240,446,188,1,0,0
172318,453,187,1,0,0
172412,456,187,1,0,0
172490,456,191,1,0,0
172568,455,194,1,0,0
172646,455,194,1,0,0
172724,455,195,1,0,0
172802,455,195,1,0,0
172880,455,195,1,2,0
172958,455,195,1,0,0
173051,455,195,1,0,0
173129,455,195,1,0,0
173207,457,195,1,0,0
173285,461,195,1,0,0
173363,467,195,1,0,0
173441,481,195,1,0,0
173519,484,195,1,0,0
173613,506,200,1,0,0
173691,517,205,1,0,0
173769,534,219,1,0,0
173847,537,234,1,0,0
173925,538,248,1,0,0
174003,538,274,1,0,0
174081,536,303,1,0,0
174159,527,322,1,0,0
174253,524,325,1,0,0
174331,523,325,1,0,0
174409,509,334,1,0,0
174487,476,360,1,0,0
174565,449,400,1,0,0
174643,440,424,1,0,0
174721,437,427,1,0,0
174799,438,419,1,0,0
174892,450,354,1,0,0
174970,463,297,1,0,0
175048,467,284,1,0,0
175126,467,281,1,1,0
175204,456,279,1,0,0
175282,443,288,1,0,0
175360,443,287,1,0,0
175438,450,279,1,0,1
175532,452,278,1,0,1
175610,460,278,1,0,1
175688,467,296,1,0,1
175766,469,319,1,0,1
175844,469,327,1,0,1
175922,470,330,1,0,1
176000,470,331,1,0,1
176094,470,332,1,0,1
176172,460,344,1,0,1
176250,459,345,1,0,1
176328,459,345,1,0,1
176406,468,344,1,0,1
176484,475,344,1,0,1
176562,477,342,1,0,1
176640,480,342,1,0,1
176733,483,342,1,0,1
176811,492,341,1,0,1
176889,493,341,1,0,1
176967,489,343,1,0,1
177045,490,351,1,0,1
177123,501,348,1,0,1
177201,498,361,1,0,1
177279,576,376,1,0,1
177373,534,378,1,0,1
177451,524,378,1,0,1
177529,511,351,1,0,1
177607,499,357,1,0,1
177685,499,350,1,0,1
177763,489,353,1,0,1
177841,503,354,1,0,1
177919,484,331,1,0,1
178012,488,347,1,0,1
178090,496,332,1,0,1
178168,482,341,1,0,1
178246,492,338,1,0,1
178324,481,327,1,0,1
178402,480,334,1,0,1
178480,465,319,1,0,1
178558,461,334,1,0,1
178652,469,329,1,0,1
178730,456,336,1,0,1
178808,475,329,1,0,1
178886,465,332,1,0,1
178964,482,335,1,0,1
179042,473,317,1,0,1
179120,448,339,1,0,1
179214,456,326,1,0,1
179292,413,335,1,0,1
179370,436,340,1,0,1
179448,433,333,1,0,1
179526,451,349,1,0,1
179604,444,339,1,0,1
179682,459,354,1,0,1
179760,463,346,1,0,1
179853,445,365,1,0,1
179931,484,358,1,0,1
180009,462,356,1,0,1
180087,496,368,1,0,1
180165,491,356,1,0,1
180243,487,372,1,0,1
180321,475,355,1,0,1
180399,459,363,1,0,1
180493,462,355,1,0,1
180571,426,362,1,0,1
180649,430,365,1,0,1
180727,419,365,1,0,1
180805,426,371,1,0,1
180883,429,328,1,0,1
180961,426,305,1,0,1
181039,423,288,1,0,1
181132,407,257,1,0,0
181210,401,248,1,0,0
181288,397,242,1,0,0
181366,394,231,1,0,0
181444,393,220,1,0,0
181522,396,207,1,0,0
181600,410,194,1,0,0
181694,431,179,1,0,0
181772,448,168,1,0,0
181850,460,163,1,0,0
181928,479,160,1,0,0
182006,490,158,1,0,0
182084,506,158,1,0,0
182162,516,157,1,0,0
182240,537,156,1,0,0
182334,552,156,1,0,0
182412,574,156,1,0,0
182490,593,154,1,0,0
182568,610,148,1,0,0
182646,603,147,1,0,0
182724,595,147,1,0,1
182802,591,147,1,0,1
182880,567,151,1,0,1
182973,566,154,1,0,1
183051,540,184,1,0,1
183129,540,184,1,0,1
183207,535,211,1,0,1
183285,526,207,1,0,1
183363,488,208,1,0,1
183441,488,234,1,0,1
183535,470,214,1,0,1
183613,474,233,1,0,1
183691,469,216,1,0,1
183769,480,233,1,0,1
183847,492,241,1,0,1
183925,456,209,1,0,1
184003,478,235,1,0,1
184081,466,217,1,0,1
184174,478,237,1,0,1
184252,487,243,1,0,1
184330,483,243,1,0,1
184408,464,249,1,0,1
184486,393,275,1,0,1
184564,391,312,1,0,1
184642,453,356,1,0,1
184720,456,353,1,0,0
184814,480,340,1,0,0
184892,531,322,1,0,0
184970,558,296,1,0,0
185048,558,273,1,0,0
185126,483,266,1,0,0
185204,430,284,1,0,0
185282,430,283,1,0,0
185360,426,270,1,0,0
185454,426,270,1,0,1
185532,403,245,1,0,1
185610,421,255,1,0,1
185688,419,251,1,0,1
185766,412,244,1,0,1
185844,437,242,1,0,1
185922,431,234,1,0,1
186000,445,240,1,0,1
186093,441,234,1,0,1
186171,397,230,1,0,1
186249,399,254,1,0,1
186327,323,299,1,0,1
186405,322,307,1,0,1
186483,315,307,1,0,1
186561,304,316,1,0,1
186655,307,305,1,0,1
186733,293,319,1,0,1
186811,327,299,1,0,1
186889,306,301,1,0,1
186967,308,307,1,0,1
187045,303,300,1,0,1
187123,295,306,1,0,1
187201,292,292,1,0,1
187294,279,305,1,0,1
187372,296,297,1,0,1
187450,287,301,1,0,1
187528,302,303,1,0,1
187606,292,298,1,0,1
187684,279,310,1,0,1
187762,288,300,1,0,1
187840,276,307,1,0,1
187934,284,307,1,0,1
188012,274,308,1,0,1
188090,276,317,1,0,1
188168,291,304,1,0,1
188246,280,318,1,0,1
188324,285,312,1,0,1
188402,281,314,1,0,1
188480,327,322,1,0,1
188574,374,323,1,0,1
188652,392,327,1,0,1
188730,389,328,1,0,1
188808,384,336,1,0,1
188886,395,323,1,0,1
188964,378,336,1,0,1
189042,390,328,1,0,1
189135,378,330,1,0,1
189213,383,335,1,0,1
189291,391,325,1,0,1
189369,388,334,1,0,1
189447,395,327,1,0,1
189525,380,337,1,0,1
189603,382,337,0,0,1
189681,387,332,0,0,1
189775,381,338,0,0,1
189853,393,329,0,0,1
189931,386,337,0,0,1
190009,391,329,0,0,1
190087,394,324,0,0,1
190165,384,337,0,0,1
190243,389,331,0,0,1
190321,373,347,0,0,1
190414,375,344,0,0,1
190492,381,336,0,0,1
190570,373,346,0,0,1
190648,386,330,0,0,1
190726,377,342,0,0,1
190804,377,342,0,0,1
190882,395,326,0,0,1
190960,374,346,0,0,1
191054,379,338,1,0,1
191132,389,326,0,0,1
191210,382,336,0,0,1
191288,386,328,0,0,1
191366,378,339,0,0,1
191444,378,338,0,0,1
191522,389,325,0,0,1
191600,383,335,0,0,1
191694,387,324,0,0,1
191772,382,329,0,0,1
191850,382,330,0,0,1
191928,400,314,0,0,1
192006,387,326,0,0,1
192084,391,323,0,0,1
192162,398,316,0,0,1
192255,384,331,0,0,1
192333,392,320,1,0,1
192411,386,328,1,0,1
192489,380,334,1,0,1
192567,389,318,1,0,1
192645,382,329,1,0,1
192723,381,330,1,0,1
192801,390,314,1,0,1
192895,380,324,1,0,1
192973,383,322,1,0,1
193051,371,333,1,0,1
193129,371,334,1,0,1
193207,385,319,1,0,1
193285,374,335,1,0,1
193363,391,324,1,0,1
193441,386,334,1,0,1
193534,377,346,1,0,1
193612,393,327,1,0,1
193690,389,341,0,0,1
193768,387,343,1,0,1
193846,399,326,1,0,1
193924,388,339,1,0,1
194002,394,330,1,0,1
194080,403,321,1,0,1
194174,390,334,1,0,1
194252,405,314,1,0,1
194330,397,322,1,0,1
194408,393,326,1,0,1
194486,403,311,1,0,1
194564,394,322,1,0,1
194642,398,318,1,0,1
194736,414,299,1,0,1
194814,401,316,1,0,1
194892,407,308,1,0,1
194970,423,288,0,0,1
195048,410,310,0,0,1
195126,415,301,0,0,1
195204,422,292,0,0,1
195282,413,306,0,0,1
195375,428,280,0,0,1
195453,420,289,0,0,1
195531,418,291,0,0,1
195609,440,262,0,0,1
195687,431,277,0,0,1
195765,436,265,0,0,1
195843,442,254,0,0,1
195921,435,268,0,0,1
196015,449,247,0,0,1
196093,445,254,0,0,1
196171,441,261,0,0,1
196249,464,244,1,0,1
196327,469,262,1,0,1
196405,486,240,1,0,1
196483,497,237,1,0,1
196561,497,245,1,0,1
196654,507,232,1,0,1
196732,506,237,1,0,1
196810,519,230,1,0,1
196888,506,244,1,0,1
196966,511,245,1,0,1
197044,546,227,1,0,1
197122,532,239,1,0,1
197200,552,220,1,0,1
197294,553,219,1,0,1
197372,550,221,1,0,1
197450,557,213,1,0,1
197528,535,217,0,0,1
197606,565,203,0,0,1
197684,567,203,0,0,1
197762,554,208,0,0,1
197856,580,196,0,0,1
197934,569,204,0,0,1
198012,570,203,0,0,1
198090,578,191,0,0,1
198168,559,207,0,0,1
198246,575,187,0,0,1
198324,584,181,0,0,1
198402,566,195,0,0,1
198495,586,185,0,0,1
198573,563,193,0,0,1
198651,552,198,0,0,1
198729,564,189,0,0,1
198807,543,202,0,0,1
198885,535,209,1,0,1
198963,558,198,1,0,1
199041,535,218,1,0,1
199135,535,219,1,0,1
199213,532,225,1,0,1
199291,519,234,1,0,1
199369,551,212,1,0,1
199447,535,215,1,0,1
199525,532,215,1,0,1
199603,541,208,1,0,1
199681,515,220,1,0,1
199774,546,218,1,0,1
199852,520,227,1,0,1
199930,525,227,1,0,1
200008,528,223,1,0,1
200086,513,232,1,0,1
200164,516,224,1,0,1
200242,515,241,1,0,1
200336,534,230,1,0,1
200414,521,229,1,0,1
200492,527,245,1,0,1
200570,524,226,1,0,1
200648,514,246,1,0,1
200726,516,243,1,0,1
200804,505,240,1,0,1
200882,516,255,1,0,1
200976,510,246,1,0,1
201054,488,256,1,0,1
201132,494,252,1,0,1
201210,482,260,1,0,1
201288,488,268,1,0,1
201366,478,258,1,0,1
201444,477,293,1,0,1
201522,468,291,1,0,1
201615,438,301,1,0,1
201693,445,305,1,0,1
201771,430,301,1,0,1
201849,431,319,1,0,1
201927,446,278,1,0,1
202005,428,294,1,0,1
202083,446,287,1,0,1
202177,440,258,1,0,1
202255,455,293,1,0,1
202333,468,276,1,0,1
202411,438,280,1,0,1
202489,452,270,1,0,1
202567,440,267,1,0,1
202645,439,275,1,0,1
202723,435,272,1,0,1
202816,444,280,1,0,1
202894,442,270,1,0,1
202972,460,268,1,0,1
203050,554,197,1,0,1
203128,599,114,1,0,1
203206,601,103,1,0,1
203284,597,103,1,0,1
203362,594,101,1,0,1
203456,533,114,1,0,1
203534,538,111,1,0,1
203612,542,109,1,0,1
203690,542,115,1,0,1
203768,540,125,1,0,1
203846,537,128,1,0,1
203924,534,131,1,0,1
204002,533,132,1,0,1
204096,527,138,1,0,1
204174,527,138,1,0,1
204252,524,141,1,0,1
204330,525,151,1,0,1
204408,522,153,1,0,1
204486,521,155,1,0,1
204564,516,160,1,0,1
204642,510,166,1,0,1
204735,515,167,1,0,1
204813,512,172,1,0,1
204891,512,170,1,0,1
204969,506,177,1,0,1
205047,507,178,1,0,1
205125,503,176,1,0,1
205203,502,181,1,0,1
205297,508,176,1,0,1
205375,495,190,1,0,1
205453,496,190,1,0,1
205531,484,197,1,0,1
205609,483,203,1,0,1
205687,485,202,1,0,1
205765,482,210,1,0,1
205843,486,211,1,0,1
205936,472,224,1,0,1
206014,478,219,1,0,1
206092,477,216,1,0,1
206170,483,221,1,0,1
206249,485,220,1,0,1
206327,473,230,1,0,1
206405,478,230,1,0,1
206483,462,234,1,0,1
206576,473,235,1,0,1
206654,467,241,1,0,1
206732,467,244,1,0,1
206810,448,240,1,0,1
206888,459,242,1,0,1
206966,450,244,1,0,1
207044,441,259,1,0,1
207122,436,259,1,0,1
207216,440,264,1,0,1
207294,444,261,1,0,1
207372,440,266,1,0,1
207450,441,265,1,0,1
207528,431,271,1,0,1
207606,435,277,1,0,1
207684,428,275,1,0,1
207777,429,278,1,0,1
207855,425,266,1,0,1
207933,422,272,1,0,1
208011,424,266,1,0,1
208089,415,265,1,0,1
208167,416,265,1,0,1
208245,396,267,1,0,1
208323,382,279,1,0,1
208417,378,279,1,0,1
208495,372,286,1,0,1
208573,374,290,1,0,1
208651,368,303,1,0,1
208729,376,306,1,0,1
208807,382,309,1,0,1
208885,396,315,1,0,0
208963,398,315,1,0,0
209057,401,316,1,0,0
209135,432,318,1,0,0
209213,435,316,1,0,0
209291,437,312,1,2,0
209369,440,307,1,0,0
209447,440,304,1,0,0
209525,441,303,1,0,0
209603,441,303,1,0,0
209696,441,303,1,0,0
209774,441,303,1,0,0
209852,439,303,1,0,0
209930,432,303,1,0,0
210008,416,305,1,0,0
210086,416,306,1,0,0
210164,416,306,1,0,0
210242,416,306,1,0,0
210336,416,306,1,0,0
210414,416,306,1,0,0
210492,416,306,1,0,0
210570,416,306,1,0,0
210648,416,306,1,0,0
210726,416,306,1,0,0
210804,416,306,1,0,0
210897,416,306,1,0,0
210975,416,306,1,0,0
211053,416,306,1,0,0
211131,416,306,1,0,0
211209,416,306,1,0,0
211287,416,306,1,0,0
211365,416,306,1,0,0
211443,416,306,1,0,0
211537,416,306,1,0,0
211615,417,306,1,0,0
211693,417,306,1,0,0
211771,417,306,1,0,0
211849,413,306,1,0,0
211927,400,308,1,0,0
212005,381,311,1,0,0
212083,352,311,1,0,0
212177,348,312,1,0,0
212255,345,311,1,0,0
212333,337,307,1,0,0
212411,324,312,1,0,0
212489,322,312,1,0,1
212567,323,310,1,0,1
212645,323,310,1,0,1
212723,323,310,1,0,1
212816,322,314,1,0,1
212894,323,312,1,0,1
212972,323,308,1,0,1
213050,333,308,1,0,1
213128,338,304,1,0,1
213206,335,308,1,0,1
213284,336,304,1,0,1
213362,319,311,1,0,1
213456,339,301,1,0,1
213534,322,305,1,0,1
213612,332,301,1,0,1
213690,331,294,1,0,1
213768,367,290,1,0,1
213846,524,202,1,0,1
213924,575,139,1,0,1
214017,584,99,1,0,1
214095,583,92,1,0,1
214173,552,68,1,0,1
214251,518,88,1,0,1
214329,528,89,1,0,1
214407,529,86,1,0,1
214485,511,100,1,0,1
214563,523,91,1,0,1
214657,514,101,1,0,1
214735,517,94,1,0,1
214813,500,111,1,0,1
214891,498,112,1,0,1
214969,504,106,1,0,1
215047,489,119,1,0,1
215125,490,116,1,0,1
215203,463,143,1,0,1
215297,467,136,1,0,1
215375,455,144,1,0,1
215453,448,149,1,0,1
215531,448,144,1,0,1
215609,438,151,1,0,1
215687,445,134,1,0,1
215765,428,150,1,0,1
215843,429,139,1,0,1
215936,422,143,1,0,1
216014,431,140,1,0,1
216092,421,119,1,0,1
216170,413,135,1,0,1
216248,413,121,1,0,1
216326,386,150,1,0,1
216404,386,147,1,0,1
216498,360,156,1,0,1
216576,346,172,1,0,1
216654,304,162,1,0,1
216732,296,176,1,0,1
216810,296,171,1,0,1
216888,291,195,1,0,1
216966,319,229,1,0,1
217044,322,254,1,0,1
217137,332,295,1,0,1
217215,340,321,1,0,1
217293,341,340,1,0,1
217371,335,338,1,0,1
217449,330,335,1,0,0
217527,344,332,1,0,0
217605,434,331,1,0,0
217683,482,315,1,0,0
217777,496,265,1,0,0
217855,499,230,1,0,0
217933,483,205,1,0,0
218011,485,185,1,0,0
218089,519,148,1,0,0
218167,537,139,1,0,0
218245,540,135,1,0,0
218323,538,135,1,0,0
218417,497,150,1,0,0
218495,451,188,1,0,0
218573,430,217,1,0,0
218651,416,232,1,0,0
218729,396,257,1,0,0
218807,391,268,1,0,0
218885,392,270,1,0,0
218963,394,270,1,0,0
219056,398,270,1,0,0
219134,401,268,1,0,0
219212,402,268,1,0,0
219290,402,268,1,0,0
219368,395,268,1,0,0
219446,387,270,1,0,0
219524,378,276,1,0,0
219618,356,300,1,0,0
219696,342,319,1,0,0
219774,277,302,1,0,0
219852,248,315,1,0,0
219930,240,323,1,0,1
220008,240,323,1,0,1
220086,240,323,1,0,1
220164,243,320,1,0,1
220257,240,322,1,0,1
220335,257,318,1,0,1
220413,249,319,1,0,1
220491,259,324,1,0,1
220569,253,315,1,0,1
220647,251,327,1,0,1
220725,259,320,1,0,1
220803,246,330,1,0,1
220897,255,328,1,0,1
220975,237,327,1,0,1
221053,243,329,1,0,1
221131,225,316,1,0,1
221209,223,328,1,0,1
221287,231,319,1,0,1
221365,214,317,1,0,1
221443,220,315,1,0,1
221537,213,305,1,0,1
221615,221,316,1,0,1
221693,225,310,1,0,1
221771,223,320,1,0,1
221849,232,315,1,0,1
221927,226,325,1,0,1
222005,234,321,1,0,1
222098,223,323,1,0,1
222176,248,329,1,0,1
222254,246,325,1,0,1
222332,241,335,1,0,1
222410,241,323,1,0,1
222488,234,332,1,0,1
222566,248,329,1,0,1
222644,231,326,1,0,1
222738,230,336,1,0,1
222816,235,326,1,0,1
222894,228,336,1,0,1
222972,235,330,1,0,1
223050,227,331,1,0,1
223128,242,328,1,0,1
223206,238,324,1,0,1
223284,281,326,1,0,1
223377,293,320,1,0,1
223455,302,311,1,0,1
223533,300,313,1,0,1
223611,304,311,1,0,1
223689,329,296,1,0,1
223767,330,296,1,0,1
223845,346,282,1,0,1
223923,338,289,1,0,1
224017,351,287,1,0,1
224095,340,292,1,0,1
224173,344,291,1,0,1
224251,348,287,1,0,1
224329,331,294,1,0,1
224407,335,291,1,0,1
224485,305,300,1,0,1
224563,301,302,1,0,1
224657,300,300,1,0,1
224735,281,308,1,0,1
224813,280,306,1,0,1
224891,257,328,1,0,1
224969,299,324,1,0,1
225047,392,323,1,0,1
225125,409,320,1,0,1
225218,426,306,1,0,1
225296,426,306,1,0,1
225374,425,306,1,0,1
225452,406,313,1,0,1
225530,401,315,1,0,1
225608,393,302,1,0,1
225686,394,310,1,0,1
225764,404,308,1,0,1
225858,397,316,1,0,1
225936,395,316,1,0,1
226014,390,318,1,0,1
226092,400,318,1,0,1
226170,397,309,1,0,1
226248,392,319,1,0,1
226326,395,316,0,0,1
226404,390,320,1,0,1
226497,390,318,1,0,1
226575,378,321,1,0,1
226653,382,325,1,0,1
226731,382,318,1,0,1
226809,371,331,1,0,1
226887,378,323,1,0,1
226965,373,327,1,0,1
227043,378,330,1,0,1
227137,373,322,1,0,1
227215,369,335,1,0,1
227293,384,323,1,0,1
227371,375,331,0,0,1
227449,380,332,0,0,1
227527,376,330,0,0,1
227605,371,339,0,0,1
227683,367,335,0,0,1
227777,357,343,0,0,1
227855,366,341,0,0,1
227933,353,338,0,0,1
228011,344,349,0,0,1
228089,348,343,0,0,1
228167,340,349,0,0,1
228245,360,351,1,0,1
228338,353,339,1,0,1
228416,346,341,1,0,1
228494,364,303,1,0,1
228572,363,302,1,0,1
228650,367,293,1,0,1
228728,356,301,1,0,1
228806,356,301,1,0,1
228884,345,299,1,0,1
228978,346,303,1,0,1
229056,344,293,1,0,1
229134,327,294,1,0,1
229212,336,283,1,0,1
229290,332,282,1,0,1
229368,337,287,1,0,1
229446,326,280,1,0,1
229524,318,289,1,0,1
229617,311,283,1,0,1
229695,307,297,1,0,1
229773,316,295,1,0,1
229851,297,286,1,0,1
229929,298,292,1,0,1
230007,297,282,1,0,1
230085,291,289,1,0,1
230163,289,282,1,0,1
230257,261,283,1,0,1
230335,262,283,1,0,1
230413,243,275,1,0,1
230491,249,286,1,0,1
230569,236,273,1,0,1
230647,243,294,1,0,1
230725,263,292,1,0,1
230819,249,291,1,0,1
230897,279,305,1,0,1
230975,291,295,1,0,1
231053,313,319,1,0,1
231131,371,318,1,0,1
231209,351,313,1,0,1
231287,355,323,1,0,1
231365,360,315,1,0,1
231458,390,310,1,0,1
231536,412,296,1,0,1
231614,412,295,1,0,1
231692,412,294,1,0,1
231770,413,291,1,0,1
231848,413,288,1,0,1
231926,425,278,1,0,1
232004,378,281,1,0,1
232098,386,282,1,0,1
232176,398,279,1,0,1
232254,398,279,1,0,1
232332,396,281,1,0,1
232410,406,275,1,0,1
232488,382,282,1,0,1
232566,401,272,1,0,1
232644,398,275,1,0,1
232737,389,279,1,0,1
232815,401,276,1,0,1
232893,388,281,1,0,1
232971,399,277,1,0,1
233049,394,282,1,0,1
233127,387,286,1,0,1
233205,401,275,1,0,1
233283,387,284,1,0,1
233377,396,280,1,0,1
233455,413,271,0,0,1
233533,391,277,0,0,1
233611,421,261,0,0,1
233689,393,267,0,0,1
233767,392,266,0,0,1
233845,413,251,0,0,1
233939,384,265,0,0,1
234017,398,260,0,0,1
234095,396,266,0,0,1
234173,388,272,0,0,1
234251,397,265,0,0,1
234329,377,272,0,0,1
234407,377,272,0,0,1
234485,408,267,1,0,1
234578,388,277,1,0,1
234656,395,271,1,0,1
234734,385,274,1,0,1
234812,393,274,1,0,1
234890,422,265,1,0,1
234968,426,264,1,0,1
235046,440,264,1,0,1
235124,427,274,1,0,1
235218,434,271,1,0,1
235296,445,264,1,0,1
235374,438,271,1,0,1
235452,471,266,1,0,1
235530,461,272,1,0,1
235608,469,272,1,0,1
235686,476,274,1,0,1
235764,462,283,1,0,1
235857,487,260,1,0,1
235935,472,274,1,0,1
236013,463,279,1,0,1
236091,481,267,1,0,1
236169,463,280,1,0,1
236247,464,279,1,0,1
236325,477,270,1,0,1
236403,469,277,1,0,1
236497,484,260,0,0,1
236575,490,252,1,0,1
236653,476,264,1,0,1
236731,494,244,1,0,1
236809,497,242,1,0,1
236887,484,251,1,0,1
236965,492,237,1,0,1
237059,471,259,1,0,1
237137,465,263,1,0,1
237215,470,257,1,0,1
237293,452,281,1,0,1
237371,456,276,1,0,1
237449,468,267,1,0,1
237527,436,295,1,0,1
237605,448,280,1,0,1
237698,479,256,1,0,1
237776,461,273,1,0,1
237854,440,294,1,0,1
237932,441,292,0,0,1
238010,441,291,0,0,1
238088,429,296,0,0,1
238166,434,282,0,0,1
238244,433,274,0,0,1
238338,431,256,0,0,1
238416,431,224,0,0,1
238494,403,195,0,0,1
238572,397,188,0,0,1
238650,394,187,0,0,1
238728,394,187,0,0,1
238806,374,182,0,0,1
238884,360,182,0,0,1
238978,360,182,0,0,1
239056,348,188,0,0,1
239134,343,197,0,0,1
239212,343,197,0,0,1
239290,345,201,0,0,1
239368,327,210,0,0,1
239446,324,217,0,0,1
239539,311,222,0,0,1
239617,293,235,1,0,1
239695,298,239,1,0,1
239773,299,233,1,0,1
239851,288,223,1,0,1
239929,279,221,1,0,1
240007,276,229,1,0,1
240085,281,230,1,0,1
240179,279,232,1,0,1
240257,297,233,1,0,1
240335,294,233,1,0,1
240413,295,231,1,0,1
240491,291,230,1,0,1
240569,302,232,1,0,1
240647,302,227,1,0,1
240725,303,237,1,0,1
240818,302,232,1,0,1
240896,301,244,1,0,1
240974,306,235,1,0,1
241052,301,232,1,0,1
241130,309,236,1,0,1
241208,303,227,1,0,1
241286,312,232,1,0,1
241364,316,221,1,0,1
241458,316,229,1,0,1
241536,323,230,1,0,1
241614,304,246,1,0,1
241692,327,251,1,0,1
241770,329,249,1,0,1
241848,330,250,1,0,1
241926,333,250,1,0,1
242004,333,250,1,0,0
242098,333,250,1,0,0
242176,345,249,1,2,0
242254,373,245,1,0,0
242332,378,242,1,0,0
242410,390,239,1,0,0
242488,401,238,1,0,0
242566,416,237,1,0,0
242659,428,237,1,0,0
242737,437,245,1,0,0
242815,441,251,1,0,0
242893,444,252,1,0,0
242971,448,257,1,0,0
243049,461,268,1,0,0
243127,465,279,1,0,0
243205,463,285,1,0,0
243299,459,300,1,0,0
243377,454,315,1,0,0
243455,444,331,1,0,0
243533,433,348,1,0,0
243611,423,358,1,0,0
243689,416,364,1,0,0
243767,408,370,1,0,0
243845,399,373,1,0,0
243938,380,370,1,0,0
244016,369,365,1,0,0
244094,343,355,1,0,0
244172,324,345,1,0,0
244250,317,333,1,0,0
244328,309,316,1,0,0
244406,314,293,1,0,0
244484,331,265,1,0,0
244578,359,224,1,0,0
244656,405,199,1,0,0
244734,430,186,1,0,0
244812,454,184,1,0,0
244890,479,192,1,0,0
244968,511,221,1,0,0
245046,535,248,1,0,0
245124,546,269,1,0,0
245218,545,289,1,0,0
245296,536,321,1,0,0
245374,521,363,1,0,0
245452,494,394,1,0,0
245530,472,404,1,0,0
245608,449,414,1,0,0
245686,418,419,1,0,0
245779,392,414,1,0,0
245857,383,392,1,0,0
245935,364,345,1,0,0
246013,355,332,1,0,0
246091,341,326,1,0,0
246169,331,324,1,0,0
246247,323,323,1,0,1
246325,311,322,1,0,1
246419,314,307,1,0,1
246497,298,307,1,0,1
246575,303,303,1,0,1
246653,295,304,1,0,1
246731,293,306,1,0,1
246809,297,303,1,0,1
246887,290,303,1,0,1
246965,308,300,1,0,1
247058,295,300,1,0,1
247136,315,297,1,0,1
247214,308,305,1,0,1
247292,312,306,1,0,1
247370,315,306,1,0,1
247448,306,312,1,0,1
247526,313,308,1,0,1
247604,307,309,1,0,1
247698,331,300,1,0,1
247776,316,304,1,0,1
247854,328,299,1,0,1
247932,330,294,1,0,1
248010,308,303,1,0,1
248088,308,281,1,0,1
248166,268,303,1,0,1
248260,303,302,1,0,1
248338,283,282,1,0,1
248416,274,308,1,0,1
248494,290,293,1,0,1
248572,268,314,1,0,1
248650,281,311,1,0,1
248728,268,294,1,0,1
248806,262,307,1,0,1
248899,280,295,1,0,1
248977,252,312,1,0,1
249055,263,313,1,0,1
249133,262,316,1,0,1
249211,277,321,1,0,1
249289,275,331,1,0,1
249367,302,351,1,0,1
249445,311,348,1,0,1
249539,304,352,1,0,1
249617,352,303,1,0,1
249695,363,286,1,0,1
249773,380,258,1,0,1
249851,378,260,1,0,1
249929,365,272,1,0,1
250007,373,257,0,0,1
250085,360,269,0,0,1
250178,360,268,0,0,1
250256,366,265,0,0,1
250334,355,279,0,0,1
250412,368,269,0,0,1
250490,362,280,0,0,1
250568,355,287,0,0,1
250646,364,278,0,0,1
250724,360,288,0,0,1
250818,363,281,0,0,1
250896,364,281,0,0,1
250974,361,285,0,0,1
251052,379,261,0,0,1
251130,381,260,1,0,1
251208,381,258,1,0,1
251286,387,244,1,0,1
251380,387,246,1,0,1
251458,390,234,1,0,1
251536,392,234,1,0,1
251614,392,237,1,0,1
251692,399,231,1,0,1
251770,395,244,1,0,1
251848,396,241,1,0,1
251926,405,226,1,0,1
252019,405,233,1,0,1
252097,409,224,0,0,1
252175,410,223,0,0,1
252253,408,228,0,0,1
252331,411,215,0,0,1
252409,405,229,0,0,1
252487,409,223,0,0,1
252565,420,197,0,0,1
252659,412,215,0,0,1
252737,412,212,0,0,1
252815,419,199,0,0,1
252893,416,208,0,0,1
252971,422,202,0,0,1
253049,417,219,1,0,1
253127,416,221,0,0,1
253205,416,221,0,0,1
253298,417,220,0,0,0
253376,417,219,0,0,0
253454,417,219,0,0,0
253532,417,219,0,3,0
253610,417,219,0,0,0
253688,417,219,0,0,0
253766,418,218,0,0,0
253860,418,218,0,0,0
253938,418,218,0,0,0
254016,418,218,0,0,0
254094,418,218,0,0,0
254172,418,218,0,0,0
254250,419,217,0,0,0
254328,422,213,0,0,0
254406,422,213,0,0,1
254500,422,213,0,0,1
254578,422,213,1,0,1
254656,423,213,1,0,1
254734,423,214,1,0,1
254812,423,214,1,0,1
254890,425,213,1,0,1
254968,425,214,1,0,1
255046,425,214,1,0,1
255139,433,203,1,0,1
255217,432,206,1,0,1
255295,432,207,1,0,1
255373,433,204,1,0,1
255451,433,204,1,0,1
255529,433,204,1,0,1
255607,433,204,1,0,1
255685,439,200,1,0,1
255779,444,194,1,0,1
255857,437,205,1,0,1
255935,439,199,1,0,1
256013,440,198,0,0,1
256091,438,211,0,0,1
256169,441,211,0,0,1
256247,437,220,0,0,1
256325,437,214,0,0,1
256418,433,226,0,0,1
256496,434,235,0,0,1
256574,435,222,0,0,1
256652,432,241,0,0,1
256730,437,231,1,0,1
256808,432,232,1,0,1
256886,435,241,1,0,1
256980,437,229,1,0,1
257058,433,246,1,0,1
257136,440,240,1,0,1
257214,424,243,1,0,1
257292,423,253,1,0,1
257370,424,246,1,0,1
257448,404,263,1,0,1
257526,405,264,1,0,1
257620,382,277,1,0,1
257698,387,291,1,0,1
257776,390,286,1,0,1
257854,391,291,0,0,1
257932,396,285,1,0,1
258010,381,287,1,0,1
258088,380,296,1,0,1
258166,389,287,1,0,1
258259,379,307,1,0,1
258337,388,309,1,0,1
258415,385,299,1,0,1
258493,387,313,0,0,1
258571,386,300,0,0,1
258649,377,307,0,0,1
258727,381,306,0,0,1
258805,374,300,0,0,1
258899,377,314,0,0,1
258977,376,302,0,0,1
259055,360,316,0,0,1
259133,370,318,0,0,1
259211,361,314,0,0,1
259289,344,325,0,0,1
259367,345,316,1,0,1
259445,345,322,1,0,1
259538,352,323,1,0,1
259616,340,322,1,0,1
259694,350,336,1,0,1
259772,349,325,1,0,1
259850,330,334,1,0,1
259928,330,335,1,0,1
260006,322,337,1,0,1
260100,327,346,1,0,1
260178,338,331,1,0,1
260256,340,332,1,0,1
260334,360,300,1,0,1
260412,357,289,1,0,1
260490,359,295,0,0,1
260568,356,286,0,0,1
260646,348,296,0,0,1
260740,351,289,0,0,1
260818,338,285,0,0,1
260896,351,296,0,0,1
260974,350,281,0,0,1
261052,342,296,0,0,1
261130,352,284,0,0,1
261208,334,282,0,0,1
261286,340,293,0,0,1
261379,338,281,0,0,1
261457,341,291,1,0,1
261535,344,288,1,0,1
261613,347,294,1,0,1
261691,369,300,1,0,1
261769,358,299,1,0,1
261847,359,302,1,0,1
261925,355,283,1,0,1
262019,351,288,1,0,1
262097,356,282,1,0,1
262175,355,278,1,0,1
262253,356,284,1,0,1
262331,353,280,1,0,1
262409,351,283,0,0,1
262487,353,275,0,0,1
262580,349,281,0,0,1
262658,384,308,0,0,1
262736,375,326,0,0,1
262814,378,339,0,0,1
262892,379,338,0,0,1
262970,377,341,0,0,1
263048,376,341,0,0,1
263126,372,342,0,0,1
263220,373,330,0,0,1
263298,364,333,1,0,1
263376,364,333,1,0,1
263454,358,340,1,0,1
263532,356,344,1,0,1
263610,355,346,1,0,1
263688,358,351,1,0,1
263766,458,304,1,0,1
263860,478,293,1,0,1
263938,453,297,1,0,1
264016,465,295,1,0,1
264094,463,295,1,0,1
264172,459,298,1,0,1
264250,454,306,1,0,1
264328,450,322,0,0,1
264406,446,311,0,0,1
264499,439,323,0,0,1
264577,458,319,0,0,1
264655,438,313,0,0,1
264733,433,332,0,0,1
264811,443,316,1,0,1
264889,434,322,1,0,1
264967,439,322,1,0,1
265045,434,313,1,0,1
265139,434,330,1,0,1
265217,442,313,1,0,1
265295,409,315,1,0,1
265373,407,311,1,0,1
265451,395,284,1,0,1
265529,399,293,1,0,1
265607,394,279,1,0,1
265700,390,287,1,0,1
265778,387,279,1,0,1
265856,384,283,1,0,1
265934,383,277,1,0,1
266012,369,273,1,0,1
266090,372,276,1,0,1
266168,355,262,1,0,1
266246,358,274,1,0,1
266340,358,264,1,0,1
266418,358,271,1,0,1
266496,364,270,1,0,1
266574,360,268,1,0,1
266652,378,276,1,0,1
266730,369,270,1,0,1
266808,364,281,1,0,1
266886,368,273,1,0,1
266980,365,287,1,0,1
267058,380,296,1,0,1
267136,361,290,1,0,1
267214,391,313,1,0,1
267292,410,314,1,0,1
267370,426,344,1,0,1
267448,430,349,1,0,1
267526,426,351,1,0,1
267619,418,335,1,0,1
267697,404,349,1,0,1
267775,408,341,1,0,1
267853,380,338,1,0,1
267931,383,348,1,0,1
268009,361,306,0,0,1
268087,339,304,0,0,1
268165,326,274,0,0,1
268259,274,265,0,0,1
268337,280,258,0,0,1
268415,253,232,0,0,1
268493,270,252,0,0,1
268571,268,239,0,0,1
268649,272,250,0,0,1
268727,273,245,0,0,1
268821,278,255,0,0,1
268899,282,254,0,0,1
268977,277,251,0,0,1
269055,298,259,0,0,1
269133,293,254,0,0,1
269211,298,260,0,0,1
269289,296,255,0,0,1
269367,298,261,1,0,1
269460,310,263,1,0,1
269538,310,265,1,0,1
269616,320,269,1,0,1
269694,317,264,1,0,1
269772,328,273,1,0,1
269850,326,267,1,0,1
269928,327,277,1,0,1
270006,331,271,1,0,1
270100,325,277,1,0,1
270178,349,286,1,0,1
270256,341,283,1,0,1
270334,355,288,1,0,1
270412,351,284,1,0,1
270490,356,296,1,0,1
270568,354,283,1,0,1
270646,349,293,1,0,1
270739,363,289,1,0,1
270817,352,285,1,0,1
270895,368,303,1,0,1
270973,361,286,1,0,1
271051,357,298,1,0,1
271129,376,292,1,0,1
271207,358,296,1,0,1
271301,367,300,1,0,1
271379,352,298,1,0,1
271457,329,316,1,0,1
271535,323,312,1,0,1
271613,321,325,1,0,1
271691,327,314,1,0,1
271769,327,325,1,0,1
271847,339,329,1,0,1
271941,322,327,1,0,1
272019,331,341,1,0,1
272097,350,325,1,0,1
272175,342,333,1,0,1
272253,362,321,1,0,1
272331,360,318,1,0,1
272409,360,324,1,0,1
272487,355,301,1,0,1
272580,358,308,1,0,1
272658,375,287,1,0,1
272736,335,274,1,0,1
272814,333,274,1,0,1
272892,330,260,1,0,1
272970,328,282,1,0,1
273048,334,261,1,0,1
273126,312,254,1,0,1
273220,332,257,1,0,1
273298,333,239,1,0,1
273376,325,259,1,0,1
273454,335,243,1,0,1
273532,318,235,1,0,1
273610,328,241,1,0,1
273688,324,219,1,0,1
273766,308,225,1,0,1
273859,318,216,1,0,1
273937,307,204,1,0,1
274015,303,215,1,0,1
274093,301,187,1,0,1
274171,291,186,1,0,1
274249,293,178,1,0,1
274327,265,165,1,0,1
274421,246,171,1,0,1
274499,245,146,1,0,1
274577,210,135,1,0,1
274655,202,114,1,0,1
274733,173,106,1,0,1
274811,166,106,1,0,1
274889,184,100,1,0,1
274967,162,124,1,0,1
275061,162,119,1,0,1
275139,163,142,1,0,1
275217,387,293,1,0,1
275295,422,306,1,0,1
275373,450,348,1,0,1
275451,502,353,1,0,1
275529,552,388,1,0,1
275607,651,403,1,0,1
275700,653,416,1,0,1
275778,660,422,1,0,1
275856,663,430,1,0,1
275934,675,460,1,0,1
276012,699,499,1,0,1
276090,738,506,1,0,1
276168,730,499,1,0,1
276246,727,482,1,0,1
276340,698,459,1,0,1
276418,702,451,1,0,1
276496,575,411,1,0,1
276574,592,396,1,0,1
276652,575,362,1,0,1
276730,560,338,1,0,1
276808,467,322,1,0,1
276886,474,312,1,0,1
276979,451,295,1,0,1
277057,457,289,1,0,1
277135,464,277,1,0,1
277213,445,263,1,0,1
277291,451,258,1,0,1
277369,331,223,1,0,1
277447,350,212,1,0,1
277541,353,203,1,0,1
277619,364,199,1,0,1
277697,415,197,1,0,1
277775,415,197,1,0,1
277853,349,183,1,0,1
277931,345,176,1,0,1
278009,333,164,1,0,1
278087,334,166,1,0,1
278181,449,264,1,0,1
278259,451,265,1,0,1
278337,473,265,1,0,1
278415,479,269,1,0,1
278493,532,280,1,0,1
278571,543,280,1,0,1
278649,573,274,1,0,1
278727,591,270,1,0,1
278820,595,269,1,0,1
278898,600,267,1,0,0
278976,603,265,1,0,0
279054,613,260,1,0,0
279132,614,253,1,0,0
279210,605,239,1,0,0
279288,599,236,1,0,0
279366,586,226,1,0,0
279460,560,217,1,0,0
279538,520,209,1,0,0
279616,520,209,1,0,0
279694,520,209,1,0,0
279772,520,209,1,0,0
279850,516,205,1,0,0
279928,514,207,1,0,0
280021,514,207,1,0,0
280099,514,207,1,0,0
280177,514,207,1,0,0
280255,514,207,1,0,0
280333,515,209,1,0,0
280411,517,210,1,0,0
280489,519,210,1,0,0
280567,519,210,1,0,0
280661,519,210,1,0,0
280739,519,210,1,0,0
280817,519,210,1,0,0
280895,521,210,1,0,0
280973,505,209,1,0,0
281051,494,217,1,0,0
281129,474,219,1,0,0
281207,465,219,1,0,0
281301,443,217,1,0,0
281379,443,196,1,0,0
281457,379,100,1,0,0
281535,375,90,1,0,0
281613,358,78,1,0,0
281691,339,63,1,0,0
281769,326,66,1,0,1
281847,327,74,1,0,1
281940,334,80,1,0,1
282018,334,81,1,0,1
282096,342,105,1,0,1
282174,338,104,1,0,1
282252,338,107,1,0,1
282330,351,118,1,0,1
282408,342,114,1,0,1
282486,353,120,1,0,1
282580,341,112,1,0,1
282658,340,112,1,0,1
282736,384,125,1,0,1
282814,367,116,1,0,1
282892,374,123,1,0,1
282970,376,120,1,0,1
283048,367,115,1,0,1
283141,382,117,1,0,1
283219,369,104,1,0,1
283297,390,116,1,0,1
283375,389,105,1,0,1
283453,383,108,1,0,1
283531,357,141,1,0,1
283609,168,143,1,0,1
283687,151,146,1,0,1
283781,144,146,1,0,1
283859,136,141,1,0,1
283937,186,168,1,0,1
284015,179,168,1,0,1
284093,181,176,1,0,1
284171,197,178,1,0,1
284249,192,186,1,0,1
284327,219,195,1,0,1
284421,197,210,1,0,1
284499,231,217,1,0,1
284577,228,218,1,0,1
284655,294,211,0,0,1
284733,248,210,0,0,1
284811,247,210,0,0,1
284889,259,211,0,0,1
284967,242,222,0,0,1
285060,314,220,0,0,1
285138,309,219,0,0,1
285216,315,220,0,0,1
285294,308,220,0,0,1
285372,350,220,0,0,1
285450,303,218,0,0,1
285528,358,222,0,0,1
285622,386,221,0,0,1
285700,343,218,0,0,1
285778,369,218,0,0,1
285856,365,218,0,0,1
285934,374,218,0,0,1
286012,350,214,0,0,1
286090,398,211,0,0,1
286168,357,211,0,0,1
286261,401,211,0,0,1
286339,326,216,0,0,1
286417,319,220,0,0,1
286495,333,224,0,0,1
286573,310,229,0,0,1
286651,319,232,0,0,1
286729,311,233,0,0,1
286807,374,244,0,0,1
286901,378,246,0,0,1
286979,378,246,0,0,0
287057,377,247,0,0,0
287135,377,247,0,0,0
287213,377,247,0,2,0
287291,377,247,0,0,0
287369,377,247,0,0,0
287447,377,247,0,0,0
287541,377,247,0,0,0
287619,377,247,0,0,0
287697,377,247,0,0,0
287775,377,245,0,0,0
287853,380,243,0,0,0
287931,382,241,0,0,0
288009,383,239,0,0,0
288087,399,240,0,0,0
288180,426,246,0,0,0
288258,437,256,0,0,0
288336,502,289,0,0,0
288414,527,300,0,0,0
288492,529,301,0,0,0
288570,529,301,0,0,0
288648,529,301,0,0,0
288742,529,301,0,0,0
288820,529,301,0,0,0
288898,529,301,0,0,0
288976,529,301,0,0,0
289054,529,301,0,0,0
289132,529,301,0,0,0
289210,529,301,0,0,0
289288,529,301,0,0,0
289381,529,301,0,0,0
289459,529,301,0,0,0
289537,529,301,0,0,0
289615,529,301,0,0,0
