16,89,223,0,0,0
94,89,223,0,0,0
188,89,223,0,0,0
266,89,223,0,0,0
344,89,223,0,0,0
422,89,223,0,0,0
500,89,223,0,0,0
578,89,223,0,0,0
656,89,223,0,0,0
734,136,230,0,0,0
827,178,237,0,0,0
905,208,241,0,0,0
983,233,244,0,0,0
1061,260,242,0,0,0
1139,289,243,0,0,0
1217,308,249,0,0,0
1295,308,249,0,0,0
1373,335,285,0,0,0
1467,357,314,0,0,0
1545,359,316,0,0,0
1623,360,316,0,0,1
1701,360,316,0,0,1
1779,359,310,0,0,1
1857,357,298,0,0,1
1935,357,298,0,0,1
2028,357,287,0,0,1
2106,357,285,0,0,1
2184,357,270,0,0,1
2262,356,263,0,0,1
2340,356,263,0,0,1
2418,356,263,0,0,1
2496,356,263,0,0,1
2574,356,265,0,0,1
2668,356,270,0,0,1
2746,356,277,0,0,1
2824,356,278,0,0,1
2902,355,285,0,0,1
2980,355,286,0,0,1
3058,355,286,0,0,1
3136,355,286,0,0,1
3214,354,286,0,0,1
3308,343,274,0,0,1
3386,340,260,0,0,1
3464,340,259,0,0,1
3542,336,258,0,0,1
3620,331,272,0,0,1
3698,333,286,0,0,1
3776,343,289,0,0,1
3869,352,284,0,0,1
3947,364,270,0,0,1
4025,365,268,0,0,1
4103,365,268,0,0,1
4181,365,268,0,0,1
4259,366,267,0,0,1
4337,379,254,0,0,0
4415,384,246,0,0,0
4509,386,244,0,0,0
4587,386,244,0,0,0
4665,398,249,0,0,0
4743,424,255,0,0,0
4821,475,267,0,0,1
4899,480,269,0,0,1
4977,480,269,0,0,1
5055,460,265,0,0,1
5148,452,264,0,0,1
5226,452,264,0,0,1
5304,452,264,0,0,1
5382,452,264,0,0,1
5460,442,271,0,0,1
5538,414,288,0,0,1
5616,400,294,0,0,1
5710,400,294,0,0,1
5788,400,294,0,0,1
5866,407,291,0,0,1
5944,410,289,0,0,1
6022,436,278,0,0,1
6100,509,273,0,0,1
6178,572,275,0,0,1
6256,589,275,0,0,1
6350,589,275,0,0,1
6428,586,276,0,0,1
6506,571,279,0,0,1
6584,511,281,0,0,1
6662,490,283,0,0,1
6740,490,283,0,0,1
6818,490,283,0,0,1
6896,490,283,0,0,1
6989,498,279,0,0,1
7067,503,275,0,0,1
7145,503,275,0,0,1
7223,506,277,0,0,1
7301,512,280,0,0,1
7379,513,280,0,0,1
7457,504,280,0,0,1
7551,497,280,0,0,1
7629,493,281,0,0,1
7707,493,281,0,0,1
7785,479,294,0,0,1
7863,474,298,0,0,1
7941,473,298,0,0,1
8019,461,296,0,0,1
8112,461,296,0,0,1
8190,462,295,0,0,1
8268,470,294,0,0,1
8346,481,293,0,0,1
8424,486,293,0,0,1
8502,486,293,0,0,1
8580,500,288,0,0,0
8658,511,284,0,0,0
8752,514,283,0,0,0
8830,514,283,0,0,0
8908,516,285,0,0,0
8986,521,288,0,0,0
9064,530,293,0,0,0
9142,547,291,0,0,0
9220,548,290,0,0,0
9298,548,290,0,0,0
9392,548,290,0,0,0
9470,548,290,0,0,0
9548,548,291,0,0,0
9626,548,291,0,0,0
9704,551,287,0,0,0
9782,553,285,0,0,0
9860,555,284,0,0,0
9938,555,284,0,0,0
10031,555,284,0,0,0
10109,555,284,0,0,0
10187,555,284,0,0,0
10265,555,284,0,0,0
10343,555,284,0,0,0
10421,555,284,0,0,0
10499,660,284,0,0,0
10593,677,286,0,0,0
10671,687,302,0,0,0
10749,709,334,0,0,0
10827,714,340,0,0,0
10905,722,351,0,0,0
10983,744,371,0,0,0
11061,773,374,0,0,0
11139,768,369,0,0,0
11232,737,355,0,0,0
11310,717,355,0,0,0
11388,686,358,0,0,0
11466,589,361,0,0,0
11544,542,358,0,0,0
11622,542,358,0,0,0
11700,513,357,0,0,0
11778,454,351,0,0,0
11872,418,347,0,0,0
11950,406,347,0,0,0
12028,406,347,0,0,1
12106,406,347,0,0,1
12184,406,347,0,0,1
12262,406,347,0,0,1
12340,406,347,0,0,1
12418,405,345,0,0,1
12512,401,335,0,0,1
12590,399,332,0,0,1
12668,395,329,0,0,1
12746,393,328,0,0,1
12824,384,323,0,0,1
12902,379,321,0,0,1
12980,379,321,0,0,1
13073,378,319,0,0,1
13151,378,319,0,0,1
13229,376,317,0,0,1
13307,374,315,0,0,1
13385,373,315,0,0,1
13463,373,315,0,0,1
13541,373,314,0,0,1
13619,376,309,0,0,1
13713,376,309,0,0,1
13791,376,309,0,0,1
13869,374,302,0,0,1
13947,373,298,0,0,1
14025,373,298,0,0,1
14103,379,295,0,0,1
14181,381,294,0,0,1
14259,387,295,0,0,1
14352,387,295,0,0,1
14430,389,296,0,0,1
14508,391,297,0,0,1
14586,449,295,0,0,0
14664,575,286,0,0,0
14742,615,277,0,0,0
14820,627,271,0,0,0
14914,637,262,0,0,0
14992,637,260,0,0,0
15070,633,257,0,0,0
15148,632,256,0,0,0
15226,632,255,0,0,0
15304,634,245,0,0,0
15382,638,238,0,0,0
15460,642,233,0,0,0
15554,644,233,0,0,0
15632,645,232,0,0,0
15710,650,230,0,0,0
15788,655,227,0,0,0
15866,656,226,0,0,0
15944,656,226,1,0,0
16022,656,226,1,0,0
16100,656,226,1,0,0
16193,656,226,1,0,0
16271,655,222,1,0,0
16349,653,219,1,0,0
16427,651,217,1,0,0
16505,651,216,1,0,0
16583,651,215,0,0,0
16661,651,215,0,0,0
16755,650,212,0,0,0
16833,650,211,0,0,0
16911,650,209,0,0,0
16989,650,208,0,0,0
17067,650,208,0,0,0
17145,650,207,1,0,0
17223,650,207,1,0,0
17301,650,207,1,0,0
17394,650,207,1,0,0
17472,628,215,1,0,0
17550,628,215,1,0,0
17628,628,215,1,0,0
17706,631,210,1,0,0
17784,632,209,1,0,0
17862,631,203,0,0,0
17940,630,194,0,0,0
18034,630,193,0,0,0
18112,629,191,0,0,0
18190,627,189,0,0,0
18268,627,189,0,0,0
18346,615,186,1,0,0
18424,577,195,1,0,0
18502,519,216,1,0,0
18580,448,236,1,0,0
18674,447,237,1,0,0
18752,421,250,1,0,0
18830,418,251,1,0,1
18908,417,251,1,0,1
18986,423,244,1,0,1
19064,434,228,1,0,1
19142,438,211,1,0,1
19235,443,189,1,0,1
19313,443,188,1,0,1
19391,452,189,1,0,1
19469,496,189,1,0,1
19547,511,194,1,0,1
19625,527,199,1,0,1
19703,532,202,1,0,0
19781,554,212,1,0,0
19875,563,219,1,0,0
19953,560,226,1,0,0
20031,543,242,1,0,0
20109,531,253,1,0,0
20187,499,270,1,0,0
20265,482,281,1,0,0
20343,475,287,1,0,1
20421,475,287,1,0,1
20514,472,291,1,0,1
20592,471,293,1,0,1
20670,463,300,1,0,1
20748,462,301,1,0,1
20826,457,303,1,0,1
20904,451,306,1,0,1
20982,441,310,1,0,1
21076,428,316,1,0,1
21154,428,316,1,0,1
21232,429,316,1,0,1
21310,434,317,1,0,1
21388,436,314,1,0,1
21466,434,312,1,0,1
21544,430,311,1,0,1
21622,428,310,1,0,1
21716,427,310,1,0,1
21794,434,312,1,0,1
21872,438,313,1,0,1
21950,433,313,1,0,1
22028,414,313,1,0,1
22106,408,313,1,0,1
22184,408,313,1,0,1
22262,415,313,1,0,1
22355,416,313,1,0,1
22433,407,310,1,0,1
22511,404,308,1,0,1
22589,404,308,1,0,1
22667,409,308,1,0,1
22745,437,303,1,0,1
22823,515,273,1,0,0
22901,522,268,1,0,0
22995,524,269,1,0,0
23073,525,268,1,0,0
23151,519,265,1,0,0
23229,516,265,1,0,0
23307,498,272,1,0,0
23385,497,273,0,0,0
23463,497,273,0,0,0
23556,498,273,0,0,0
23634,502,274,0,0,0
23712,505,275,0,0,0
23790,506,276,0,0,0
23868,507,276,0,0,0
23946,509,278,0,0,0
24024,509,278,0,0,0
24102,509,278,1,0,0
24196,509,278,1,0,0
24274,509,278,1,0,0
24352,509,278,1,0,0
24430,510,278,1,0,0
24508,513,278,1,0,0
24586,517,278,1,0,0
24664,519,278,1,0,0
24742,519,278,1,0,0
24836,519,278,0,0,0
24914,519,278,0,0,0
24992,519,278,0,0,0
25070,519,278,0,0,0
25148,519,278,0,0,0
25226,520,276,0,0,0
25304,521,276,0,0,0
25382,521,276,0,0,0
25475,521,276,1,0,0
25553,521,276,1,0,0
25631,521,275,1,0,0
25709,483,280,1,0,0
25787,416,301,1,0,0
25865,380,314,1,0,0
25943,366,318,1,0,0
26021,365,318,1,0,0
26115,365,318,1,0,0
26193,368,317,1,0,0
26271,368,317,1,0,1
26349,370,317,1,0,1
26427,372,318,1,0,1
26505,372,318,1,0,1
26583,372,318,1,0,1
26676,372,318,1,0,1
26754,374,320,1,0,1
26832,374,322,1,0,1
26910,373,332,1,0,1
26988,373,334,1,0,1
27066,373,334,1,0,1
27144,400,345,1,0,1
27222,400,345,1,0,1
27316,400,345,1,0,1
27394,393,351,1,0,1
27472,388,354,1,0,1
27550,388,354,1,0,1
27628,413,347,1,0,1
27706,498,327,1,0,1
27784,501,324,1,0,1
27878,513,309,1,0,1
27956,512,304,1,0,1
28034,505,292,1,0,1
28112,504,291,1,0,1
28190,502,291,1,0,1
28268,502,291,1,0,1
28346,501,291,1,0,1
28424,500,290,1,0,1
28517,500,290,1,0,1
28595,500,289,1,0,1
28673,500,289,1,0,1
28751,508,283,1,0,1
28829,536,280,1,0,1
28907,542,280,1,0,1
28985,541,279,1,0,1
29079,530,276,1,0,1
29157,523,274,1,0,1
29235,515,272,1,0,1
29313,496,265,1,0,1
29391,490,263,1,0,1
29469,491,263,1,0,1
29547,491,263,1,0,1
29625,491,263,1,0,1
29718,491,263,1,0,1
29796,494,253,1,0,1
29874,524,202,1,0,1
29952,551,157,1,0,1
30030,559,136,1,0,1
30108,560,136,1,0,0
30186,560,136,1,0,0
30264,560,136,0,0,0
30358,560,136,0,0,0
30436,560,136,0,0,0
30514,560,136,0,0,0
30592,560,136,0,0,0
30670,551,133,0,0,0
30748,549,132,1,0,0
30826,549,132,1,0,0
30904,542,139,1,0,0
30998,495,171,1,0,0
31076,445,201,1,0,0
31154,400,232,1,0,0
31232,356,262,1,0,0
31310,270,307,1,0,0
31388,252,321,1,0,0
31466,251,323,1,0,0
31544,249,324,1,0,0
31637,249,323,1,0,1
31715,249,323,1,0,1
31793,249,323,1,0,1
31871,249,323,1,0,1
31949,249,323,1,0,1
32027,252,322,1,0,1
32105,257,319,1,0,1
32199,257,319,1,0,1
32277,266,318,1,0,1
32355,269,318,1,0,1
32433,277,323,1,0,1
32511,284,331,1,0,1
32589,286,332,1,0,1
32667,287,333,1,0,1
32745,290,334,1,0,1
32839,304,348,1,0,1
32917,304,348,1,0,1
32995,304,348,1,0,1
33073,310,341,1,0,1
33151,322,331,1,0,1
33229,323,331,1,0,1
33307,323,331,1,0,1
33400,323,331,1,0,0
33478,335,326,1,0,0
33556,387,307,1,0,0
33634,411,299,1,0,0
33712,411,299,1,0,0
33790,442,292,1,0,0
33868,471,288,1,0,0
33946,471,288,1,0,0
34040,481,292,1,0,0
34118,498,302,1,0,0
34196,521,326,1,0,0
34274,532,359,1,0,0
34352,532,369,1,0,0
34430,517,390,1,0,0
34508,491,411,1,0,0
34586,463,426,1,0,0
34679,442,432,1,0,0
34757,423,428,1,0,0
34835,384,386,1,0,0
34913,370,325,1,0,0
34991,386,273,1,0,0
35069,402,252,1,0,0
35147,422,238,1,0,0
35241,449,228,1,0,0
35319,510,228,1,0,0
35397,546,239,1,0,0
35475,553,242,1,0,0
35553,571,259,1,0,0
35631,584,282,1,0,0
35709,589,294,1,0,0
35787,591,301,1,0,0
35881,592,305,1,0,0
35959,589,340,1,0,0
36037,582,367,1,0,0
36115,574,379,1,0,0
36193,560,385,1,0,0
36271,538,401,1,0,0
36349,507,420,1,0,0
36427,484,430,1,0,0
36520,463,435,1,0,0
36598,420,435,1,0,0
36676,418,435,1,0,0
36754,397,423,1,0,0
36832,385,414,1,0,0
36910,370,378,1,0,0
36988,373,346,1,0,0
37082,378,314,1,0,0
37160,392,259,1,0,0
37238,405,232,1,0,0
37316,439,209,1,0,0
37394,470,190,1,0,0
37472,487,182,1,0,0
37550,522,176,1,0,0
37643,566,185,1,0,0
37721,584,196,1,0,0
37799,604,215,1,0,0
37877,622,245,1,0,0
37955,622,251,1,0,0
38033,622,280,1,0,0
38111,611,302,1,0,0
38189,594,315,1,0,0
38283,542,341,1,0,0
38361,512,354,1,0,0
38439,499,360,1,0,0
38517,462,369,1,0,0
38595,443,377,1,0,0
38673,396,384,1,0,0
38751,366,382,1,0,0
38829,347,380,1,0,0
38923,341,378,1,0,0
39001,334,374,1,0,0
39079,315,368,1,0,0
39157,266,361,1,0,0
39235,244,360,1,0,0
39313,243,360,1,0,0
39391,239,359,1,0,0
39469,254,364,1,0,0
39562,254,364,1,0,0
39640,254,364,1,0,0
39718,254,364,1,0,0
39796,254,364,1,0,0
39874,254,364,1,0,0
39952,254,364,1,0,0
40030,254,364,1,0,0
40108,254,364,1,0,0
40202,254,364,1,0,0
40280,254,364,1,0,0
40358,254,364,1,0,0
40436,254,364,1,0,0
40514,254,364,1,0,0
40592,254,364,1,0,0
40670,254,364,1,0,0
40763,254,364,1,0,0
40841,254,364,1,0,0
40919,254,364,1,0,0
40997,254,364,1,0,0
41075,254,364,1,0,0
41153,254,364,1,0,0
41231,254,364,1,0,0
41309,254,364,1,0,0
41403,254,364,1,0,0
41481,254,364,1,0,0
41559,254,364,1,0,0
41637,254,364,1,0,0
41715,254,364,1,0,0
41793,254,364,1,0,0
41871,254,364,1,0,0
41949,254,364,1,0,0
42043,254,365,1,0,0
42121,278,374,1,0,0
42199,281,374,1,0,0
42277,348,372,1,0,0
42355,393,371,1,0,0
42433,425,371,1,0,0
42511,469,376,1,0,0
42604,469,376,1,0,0
42682,469,376,1,0,0
42760,473,375,1,0,0
42838,505,374,1,0,0
42916,514,375,1,0,0
42994,544,370,1,0,0
43072,579,361,1,0,0
43150,590,360,1,0,0
43244,592,360,1,0,0
43322,592,360,1,0,0
43400,592,360,1,0,0
43478,592,360,1,0,0
43556,592,360,1,0,0
43634,592,360,1,0,0
43712,592,360,1,0,0
43790,592,360,1,0,0
43883,592,360,1,0,0
43961,592,360,1,0,0
44039,592,360,1,0,0
44117,592,360,1,0,0
44195,592,360,1,0,0
44273,592,360,1,0,0
44351,592,360,1,0,0
44429,592,360,1,0,0
44523,592,360,1,0,0
44601,592,360,1,0,0
44679,592,360,1,0,0
44757,592,360,1,0,0
44835,592,360,1,0,0
44913,592,360,1,0,0
44991,592,360,1,0,0
45085,592,360,1,0,0
45163,592,360,1,0,0
45241,592,360,1,0,0
45319,568,331,1,0,0
45397,523,264,1,0,0
45475,494,223,1,0,0
45553,467,187,1,0,0
45646,458,179,1,0,0
45724,458,179,1,0,0
45802,458,179,1,0,0
45880,458,179,1,0,0
45958,458,179,1,0,0
46036,464,170,1,0,0
46114,474,155,1,0,0
46208,477,152,1,0,0
46286,478,143,1,0,0
46364,477,141,1,0,0
46442,455,131,1,0,0
46520,455,130,1,0,0
46598,455,130,1,0,0
46676,455,130,1,0,0
46754,455,130,1,0,0
46847,455,130,1,0,0
46925,455,130,1,0,0
47003,455,130,1,0,0
47081,456,189,1,0,0
47159,465,239,1,0,0
47237,472,276,1,0,0
47315,476,293,1,0,0
47393,482,308,1,0,0
47487,487,319,1,0,0
47565,497,340,1,0,0
47643,506,358,1,0,0
47721,513,371,1,0,0
47799,514,372,1,0,0
47877,514,372,1,0,0
47955,514,372,1,0,0
48049,514,372,1,0,1
48127,514,372,1,0,1
48205,506,369,1,0,1
48283,496,366,1,0,1
48361,493,365,1,0,1
48439,492,365,1,0,1
48517,486,364,1,0,1
48595,479,357,1,0,1
48688,477,356,1,0,1
48766,462,349,1,0,1
48844,447,342,1,0,1
48922,433,337,1,0,1
49000,426,336,1,0,1
49078,426,334,1,0,1
49156,423,323,1,0,1
49250,422,321,1,0,1
49328,418,315,1,0,1
49406,418,315,1,0,1
49484,418,315,1,0,1
49562,418,315,1,0,1
49640,418,315,1,0,0
49718,418,315,1,0,0
49796,418,315,1,0,0
49889,434,312,1,0,0
49967,447,309,1,0,0
50045,500,298,1,0,0
50123,524,297,1,0,0
50201,524,297,1,0,0
50279,524,297,1,0,0
50357,524,297,1,0,0
50435,524,297,1,0,0
50529,524,297,1,0,0
50607,524,297,1,0,0
50685,524,297,1,0,0
50763,524,297,1,0,0
50841,524,297,1,0,0
50919,524,297,1,0,0
50997,524,297,1,0,0
51075,524,297,1,0,0
51169,524,297,1,0,0
51247,524,297,1,0,0
51325,524,297,1,0,0
51403,524,297,1,0,0
51481,524,297,1,0,0
51559,524,297,1,0,0
51637,524,297,1,0,0
51730,524,297,1,0,0
51808,524,297,1,0,0
51886,524,297,1,0,0
51964,524,297,1,0,0
52042,524,297,1,0,0
52120,524,297,1,0,0
52198,524,297,1,0,0
52276,524,297,1,0,0
52370,524,297,1,0,0
52448,588,333,1,0,0
52526,614,347,1,0,0
52604,614,347,1,0,0
52682,614,346,1,0,1
52760,599,338,1,0,1
52838,581,333,1,0,1
52916,575,331,1,0,1
53009,573,331,1,0,1
53087,547,336,1,0,1
53165,493,343,1,0,1
53243,493,343,1,0,1
53321,491,343,1,0,1
53399,491,343,1,0,1
53477,491,343,1,0,1
53555,491,343,1,0,1
53649,492,346,1,0,1
53727,492,352,1,0,1
53805,494,356,1,0,1
53883,497,359,1,0,1
53961,498,359,1,0,1
54039,501,361,1,0,1
54117,502,361,1,0,1
54195,503,361,1,0,1
54289,503,361,1,0,1
54367,503,361,1,0,1
54445,502,358,1,0,1
54523,500,352,1,0,1
54601,498,351,1,0,1
54679,498,350,1,0,1
54757,497,350,1,0,1
54850,496,349,1,0,1
54928,495,349,1,0,1
55006,485,344,1,0,1
55084,418,311,1,0,1
55162,369,290,1,0,1
55240,368,290,1,0,1
55318,355,285,1,0,1
55396,355,285,1,0,1
55490,355,285,1,0,1
55568,360,288,1,0,0
55646,369,292,1,0,0
55724,372,293,1,0,0
55802,372,293,1,0,0
55880,372,293,1,0,0
55958,372,293,1,0,0
56036,372,293,1,0,0
56129,372,293,1,0,0
56207,372,293,1,0,0
56285,372,293,1,0,0
56363,372,293,1,0,0
56441,372,293,1,0,0
56519,372,293,1,0,0
56597,372,293,1,0,0
56675,372,293,1,0,0
56769,372,293,1,0,0
56847,372,293,1,0,0
56925,425,323,1,0,0
57003,495,367,1,0,0
57081,519,391,1,0,0
57159,542,425,1,0,0
57237,547,440,1,0,0
57315,547,441,1,0,0
57409,547,441,1,0,0
57487,547,441,1,0,0
57565,547,441,1,0,0
57643,547,441,1,0,0
57721,547,441,1,0,0
57799,547,441,1,0,0
57877,532,385,1,0,0
57970,512,344,1,0,0
58048,502,324,1,0,0
58126,502,321,1,0,0
58204,502,321,1,0,0
58282,513,377,1,0,0
58360,529,398,1,0,1
58438,546,411,1,0,1
58516,549,414,1,0,1
58610,548,414,1,0,1
58688,529,400,1,0,1
58766,519,384,1,0,1
58844,512,371,1,0,1
58922,509,364,1,0,1
59000,509,364,1,0,1
59078,509,364,1,0,1
59171,509,364,1,0,1
59249,509,364,1,0,1
59327,509,363,1,0,1
59405,503,352,1,0,1
59483,500,349,1,0,1
59561,500,349,1,0,1
59639,494,346,1,0,1
59717,491,345,1,0,1
59811,491,345,1,0,1
59889,491,345,1,0,1
59967,491,345,1,0,1
60045,484,374,1,0,1
60123,484,395,1,0,1
60201,486,399,1,0,1
60279,487,402,1,0,1
60357,490,407,1,0,1
60451,493,411,1,0,1
60529,498,414,1,0,0
60607,501,415,1,0,0
60685,501,415,1,0,0
60763,501,415,1,0,0
60841,502,414,1,0,0
60919,503,414,1,0,0
60997,504,414,1,0,0
61090,505,414,1,0,0
61168,506,414,1,0,0
61246,506,414,1,0,0
61324,506,414,1,0,0
61402,506,414,1,0,0
61480,506,414,1,0,0
61558,506,414,1,0,0
61636,506,414,1,0,0
61730,506,413,1,0,0
61808,499,376,1,0,0
61886,492,337,1,0,0
61964,490,327,1,0,0
62042,490,327,1,0,0
62120,490,327,1,0,0
62198,490,327,1,0,0
62292,490,327,1,0,0
62370,502,305,1,0,0
62448,527,285,1,0,0
62526,535,280,1,0,0
62604,536,279,1,0,0
62682,536,279,1,0,0
62760,536,279,1,0,1
62838,536,285,1,0,1
62931,532,306,1,0,1
63009,527,311,1,0,1
63087,513,328,1,0,1
63165,512,329,1,0,1
63243,512,329,1,0,1
63321,512,329,1,0,1
63399,512,329,1,0,1
63477,512,329,1,0,1
63571,503,335,1,0,1
63649,502,335,1,0,1
63727,503,335,1,0,0
63805,492,344,1,0,0
63883,491,344,1,0,0
63961,482,344,1,0,0
64039,480,344,1,0,0
64117,476,348,1,0,0
64210,474,348,1,0,0
64288,459,355,1,0,0
64366,459,355,1,0,0
64444,458,355,1,0,0
64522,458,355,1,0,0
64600,458,355,1,0,0
64678,458,355,1,0,0
64772,445,375,1,0,0
64850,442,380,1,0,0
64928,442,380,0,0,0
65006,442,380,0,0,0
65084,442,380,0,0,0
65162,442,380,0,0,0
65240,442,380,0,0,0
65318,442,382,0,0,0
65412,442,385,0,0,0
65490,443,387,0,0,0
65568,444,389,0,0,0
65646,446,391,1,0,0
65724,450,394,0,0,0
65802,455,397,0,0,0
65880,461,401,0,0,0
65958,466,405,0,0,0
66051,478,416,0,0,0
66129,488,425,0,0,0
66207,494,431,0,0,0
66285,508,442,0,0,0
66363,510,444,0,0,0
66441,515,449,1,0,0
66519,528,466,0,0,0
66597,528,466,0,0,0
66691,535,471,0,0,0
66769,545,479,0,0,0
66847,557,492,0,0,0
66925,557,493,0,0,0
67003,558,495,0,0,0
67081,557,505,0,0,0
67159,557,508,0,0,0
67252,559,519,1,0,0
67330,559,520,1,0,0
67408,561,527,1,0,0
67486,566,545,1,0,0
67564,570,555,1,0,0
67642,575,566,1,0,0
67720,578,569,1,0,0
67798,583,575,0,0,0
67892,586,578,0,0,0
67970,586,578,0,0,0
68048,586,578,0,0,0
68126,583,569,0,0,0
68204,566,529,0,0,0
68282,529,466,0,0,0
68360,478,396,0,0,0
68438,448,354,0,0,0
68532,431,325,0,0,0
68610,422,302,0,0,0
68688,410,275,0,0,0
68766,404,268,0,0,0
68844,404,268,0,0,0
68922,401,273,0,0,0
69000,398,282,0,0,0
69093,397,284,0,0,0
69171,397,283,0,0,1
69249,400,284,0,0,1
69327,407,284,0,0,1
69405,430,280,0,0,1
69483,432,279,0,0,1
69561,433,277,0,0,1
69639,438,275,0,0,1
69733,438,275,0,0,1
69811,438,275,0,0,1
69889,457,267,0,0,1
69967,475,263,0,0,1
70045,478,260,0,0,1
70123,506,250,0,0,1
70201,508,249,0,0,1
70279,513,246,0,0,1
70372,523,243,0,0,1
70450,523,243,0,0,1
70528,523,243,0,0,1
70606,521,244,0,0,1
70684,463,281,0,0,1
70762,421,301,0,0,1
70840,373,319,0,0,1
70918,303,335,0,0,1
71012,291,336,0,0,1
71090,289,335,0,0,1
71168,279,331,0,0,1
71246,278,331,0,0,1
71324,246,363,0,0,1
71402,225,377,0,0,1
71480,225,376,0,0,1
71558,263,351,0,0,1
71652,303,335,0,0,1
71730,304,335,0,0,1
71808,348,319,0,0,1
71886,384,296,0,0,1
71964,418,270,0,0,1
72042,439,258,0,0,1
72120,439,258,0,0,0
72213,449,254,0,0,0
72291,454,253,0,0,0
72369,468,249,0,0,0
72447,484,244,0,0,0
72525,514,235,0,0,0
72603,555,228,0,0,0
72681,606,226,0,0,0
72759,646,228,0,0,0
72853,708,257,0,0,0
72931,731,275,0,0,0
73009,726,303,0,0,0
73087,691,341,0,0,0
73165,648,360,0,0,0
73243,603,371,0,0,0
73321,556,373,0,0,0
73399,513,372,0,0,0
73492,498,367,0,0,0
73570,449,345,0,0,0
73648,433,330,0,0,0
73726,433,330,0,0,0
73804,434,331,0,0,0
73882,433,330,0,0,0
73960,433,330,0,0,0
74054,433,330,0,0,0
74132,433,330,0,0,0
74210,433,330,0,0,0
74288,433,330,0,0,0
74366,433,330,0,0,0
74444,433,330,0,0,0
74522,433,330,0,0,0
74600,433,330,0,0,0
74694,433,330,0,0,0
74772,433,330,0,0,0
74850,433,330,0,0,0
74928,433,330,0,0,0
75006,433,330,0,0,0
75084,433,330,0,0,0
75162,433,330,0,0,0
75240,433,330,0,0,0
75333,433,330,0,0,0
75411,433,330,0,0,0
75489,433,330,0,0,0
75567,433,330,0,0,0
75645,433,330,0,0,0
75723,433,330,0,0,0
75801,433,330,0,0,0
75879,406,346,0,0,0
75973,391,356,0,0,0
76051,388,359,0,0,0
76129,374,372,0,0,0
76207,371,374,0,0,0
76285,360,386,0,0,0
76363,345,397,0,0,0
76441,345,397,0,0,0
76534,345,397,0,0,0
76612,339,394,0,0,0
76690,333,393,0,0,0
76768,333,393,0,0,0
76846,333,393,0,0,0
76924,333,393,0,0,0
77002,333,393,0,0,0
77080,333,393,0,0,0
77174,333,393,0,0,0
77252,333,393,0,0,0
77330,333,393,0,0,0
77408,304,394,0,0,0
77486,256,377,0,0,0
77564,217,355,0,0,0
77642,197,348,0,0,0
77736,168,329,0,0,0
77814,168,306,0,0,1
77892,191,303,0,0,1
77970,219,313,0,0,1
78048,240,325,0,0,1
78126,255,332,0,0,1
78204,259,333,0,0,1
78282,260,333,0,0,1
78375,260,333,0,0,1
78453,269,328,0,0,1
78531,279,324,0,0,1
78609,280,320,0,0,1
78687,277,310,0,0,1
78765,277,309,0,0,1
78843,277,310,0,0,0
78937,278,310,0,0,0
79015,278,310,0,0,0
79093,284,311,0,0,0
79171,284,311,0,0,0
79249,284,311,0,0,0
79327,284,311,0,0,0
79405,284,311,0,0,0
79483,284,311,0,0,0
79576,284,311,0,0,0
79654,284,311,0,0,0
79732,284,311,0,0,0
79810,284,311,0,0,0
79888,284,311,0,0,0
79966,284,311,0,0,0
80044,284,311,0,0,0
80122,284,311,0,0,0
80216,284,311,0,0,0
80294,284,309,0,0,0
80372,281,304,0,0,0
80450,281,304,0,0,0
80528,281,304,0,0,0
80606,281,304,0,0,0
80684,281,304,0,0,0
80762,281,304,0,0,0
80856,281,304,0,0,0
80934,280,303,0,0,0
81012,200,268,0,0,0
81090,165,244,0,0,0
81168,127,223,0,0,0
81246,98,220,0,0,0
81324,63,210,0,0,0
81402,55,196,0,0,1
81495,44,177,0,0,1
81573,38,171,0,0,1
81651,47,175,0,0,1
81729,134,218,0,0,1
81807,150,225,0,0,1
81885,152,236,0,0,1
81963,147,251,0,0,1
82057,146,269,0,0,1
82135,155,289,0,0,1
82213,155,291,0,0,1
82291,155,291,0,0,1
82369,157,304,0,0,1
82447,159,319,0,0,1
82525,186,347,0,0,1
82603,223,359,0,0,1
82696,259,355,0,0,1
82774,276,351,0,0,1
82852,276,351,0,0,1
82930,217,309,0,0,1
83008,173,284,0,0,1
83086,160,272,0,0,1
83164,153,258,0,0,1
83242,157,251,0,0,1
83336,158,249,0,0,1
83414,158,249,0,0,1
83492,158,249,0,0,1
83570,156,248,0,0,1
83648,154,248,0,0,1
83726,153,248,0,0,1
83804,153,248,0,0,1
83882,153,248,0,0,1
83976,153,249,0,0,1
84054,165,274,0,0,1
84132,172,291,0,0,1
84210,180,309,0,0,1
84288,186,323,1,0,1
84366,188,329,1,0,1
84444,189,333,1,0,1
84537,191,335,1,0,1
84615,191,336,1,0,1
84693,196,343,1,0,1
84771,202,357,1,0,1
84849,219,388,1,0,1
84927,233,407,1,0,1
85005,244,425,0,0,1
85083,250,437,0,0,1
85177,255,451,0,0,1
85255,258,466,0,0,1
85333,257,488,0,0,1
85411,250,503,0,0,1
85489,236,521,0,0,1
85567,219,541,0,0,1
85645,219,541,1,0,1
85723,219,541,1,0,1
85816,219,541,1,0,1
85894,219,541,1,0,1
85972,223,539,1,0,1
86050,254,504,1,0,1
86128,290,458,1,0,1
86206,319,407,1,0,0
86284,342,382,1,0,0
86378,389,349,1,0,0
86456,416,330,1,0,0
86534,436,316,1,0,0
86612,438,313,1,0,0
86690,337,270,1,0,0
86768,285,237,1,0,0
86846,286,228,1,0,0
86924,287,223,1,0,0
87018,288,214,1,0,0
87096,288,214,1,0,1
87174,296,219,1,0,1
87252,308,225,1,0,1
87330,313,228,1,0,1
87408,324,232,1,0,1
87486,335,236,1,0,1
87564,339,237,1,0,1
87657,345,239,1,0,1
87735,375,249,1,0,1
87813,379,250,1,0,1
87891,380,247,1,0,1
87969,394,234,1,0,1
88047,403,225,1,0,1
88125,414,216,1,0,1
88203,417,213,1,0,1
88297,424,198,1,0,1
88375,424,198,1,0,1
88453,424,198,1,0,1
88531,424,198,1,0,0
88609,487,207,1,0,0
88687,497,211,1,0,0
88765,521,228,1,0,0
88843,524,232,1,0,0
88936,526,248,1,0,0
89014,514,272,1,0,0
89092,486,298,1,0,0
89170,474,310,1,0,0
89248,351,347,1,0,0
89326,278,365,1,0,0
89404,278,365,1,0,0
89498,243,363,1,0,0
89576,226,353,1,0,0
89654,212,345,1,0,0
89732,207,343,1,0,1
89810,208,342,1,0,1
89888,227,322,1,0,1
89966,227,322,1,0,1
90044,245,316,1,0,1
90138,251,314,1,0,1
90216,265,311,1,0,1
90294,270,312,1,0,1
90372,272,312,1,0,1
90450,272,314,1,0,1
90528,266,327,1,0,1
90606,263,335,1,0,1
90684,258,368,1,0,1
90777,250,381,1,0,1
90855,239,382,1,0,1
90933,218,370,1,0,1
91011,193,355,1,0,1
91089,179,337,1,0,1
91167,182,321,1,0,1
91245,182,321,1,0,1
91323,196,316,1,0,1
91417,209,312,1,0,1
91495,211,312,1,0,1
91573,215,313,1,0,1
91651,215,313,1,0,1
91729,215,313,1,0,1
91807,215,313,1,0,1
91885,215,313,1,0,1
91978,215,313,1,0,1
92056,215,313,0,0,1
92134,215,313,0,0,1
92212,215,313,0,0,1
92290,215,313,0,0,1
92368,215,313,0,0,1
92446,215,313,0,0,1
92524,216,314,0,0,1
92618,219,315,0,0,1
92696,220,315,0,0,1
92774,223,315,0,0,1
92852,240,316,0,0,1
92930,247,318,0,0,1
93008,247,318,0,0,1
93086,247,318,0,0,1
93164,247,318,0,0,1
93258,247,318,0,0,1
93336,247,318,0,0,1
93414,250,319,0,0,1
93492,250,319,0,0,1
93570,250,319,0,0,1
93648,250,319,0,0,1
93726,250,319,0,0,0
93819,250,319,0,0,0
93897,250,319,0,0,0
93975,250,319,0,0,0
94053,250,319,0,0,0
94131,260,319,0,0,0
94209,285,314,0,0,0
94287,378,303,0,0,0
94365,421,301,0,0,0
94459,438,297,0,0,0
94537,523,288,0,0,0
94615,590,279,0,0,0
94693,629,265,0,0,0
94771,635,259,0,0,0
94849,635,259,0,0,0
94927,586,261,0,0,0
95021,520,277,0,0,0
95099,426,307,0,0,0
95177,367,327,0,0,0
95255,366,327,0,0,0
95333,343,333,0,0,0
95411,320,329,0,0,1
95489,313,327,0,0,1
95567,311,328,0,0,1
95660,301,337,0,0,1
95738,293,343,0,0,1
95816,293,343,0,0,1
95894,288,340,0,0,1
95972,283,338,0,0,1
96050,283,337,0,0,1
96128,283,337,0,0,1
96206,283,337,0,0,1
96300,283,337,1,0,1
96378,283,337,1,0,1
96456,282,337,1,0,1
96534,281,337,1,0,1
96612,275,342,1,0,1
96690,272,344,1,0,1
96768,269,345,1,0,1
96846,266,346,1,0,1
96939,264,347,1,0,1
97017,263,348,1,0,1
97095,260,349,1,0,1
97173,257,350,1,0,1
97251,241,361,1,0,1
97329,238,362,1,0,1
97407,231,368,1,0,1
97485,215,378,1,0,1
97579,215,378,1,0,1
97657,215,378,1,0,1
97735,215,378,1,0,1
97813,215,378,1,0,1
97891,225,374,1,0,1
97969,237,367,1,0,1
98047,241,364,1,0,1
98141,242,363,1,0,1
98219,242,363,1,0,1
98297,241,363,1,0,1
98375,241,360,1,0,1
98453,243,352,1,0,1
98531,243,350,1,0,1
98609,243,349,0,0,1
98687,243,347,0,0,1
98780,243,347,0,0,1
98858,243,347,0,0,1
98936,243,344,0,0,1
99014,243,333,0,0,1
99092,243,331,0,0,1
99170,243,314,0,0,1
99248,243,308,0,0,1
99326,242,301,0,0,1
99420,242,301,0,0,1
99498,242,300,1,0,1
99576,242,300,1,0,1
99654,241,300,1,0,1
99732,240,300,1,0,1
99810,240,299,1,0,1
99888,239,299,1,0,1
99966,235,297,1,0,1
100059,229,292,1,0,1
100137,218,274,1,0,1
100215,218,273,1,0,1
100293,217,272,0,0,1
100371,216,271,0,0,1
100449,212,263,0,0,1
100527,210,255,0,0,1
100621,210,255,0,0,1
100699,210,255,0,0,1
100777,213,252,0,0,1
100855,222,236,0,0,1
100933,223,235,0,0,1
101011,225,230,0,0,1
101089,227,224,0,0,1
101167,232,198,1,0,1
101261,233,195,1,0,1
101339,233,195,1,0,1
101417,239,184,1,0,1
101495,241,175,1,0,1
101573,241,175,1,0,1
101651,241,175,1,0,1
101729,241,175,1,0,1
101807,243,170,0,0,1
101900,247,158,0,0,1
101978,246,158,0,0,1
102056,224,136,0,0,1
102134,218,129,0,0,1
102212,218,129,0,0,1
102290,218,129,0,0,1
102368,235,118,0,0,1
102446,244,110,0,0,1
102540,244,110,0,0,1
102618,244,110,1,0,1
102696,243,111,1,0,1
102774,218,140,1,0,1
102852,213,145,1,0,1
102930,213,146,1,0,1
103008,219,169,1,0,1
103101,222,174,1,0,1
103179,226,176,1,0,1
103257,229,176,1,0,1
103335,232,174,1,0,1
103413,232,174,1,0,1
103491,232,173,1,0,1
103569,229,160,1,0,1
103647,229,160,1,0,1
103741,229,160,1,0,1
103819,229,160,1,0,1
103897,229,160,1,0,1
103975,229,160,1,0,1
104053,225,149,1,0,1
104131,222,141,1,0,1
104209,213,170,1,0,1
104287,218,204,1,0,1
104381,218,192,1,0,1
104459,216,184,1,0,1
104537,202,291,1,0,1
104615,270,360,1,0,1
104693,358,402,1,0,1
104771,436,393,1,0,1
104849,455,352,1,0,1
104942,450,316,1,0,1
105020,430,274,1,0,1
105098,414,247,1,0,1
105176,414,246,1,0,1
105254,427,249,1,0,1
105332,445,263,1,0,1
105410,451,278,1,0,1
105488,462,294,1,0,1
105582,462,294,1,0,1
105660,455,297,1,0,1
105738,424,305,1,0,1
105816,367,309,1,0,1
105894,345,311,1,0,1
105972,333,310,1,0,1
106050,329,311,1,0,1
106128,328,311,1,0,1
106221,328,311,1,0,1
106299,328,311,1,0,1
106377,334,311,1,0,1
106455,334,311,1,0,1
106533,334,311,1,0,1
106611,334,311,0,0,1
106689,334,311,0,0,1
106783,334,311,0,0,1
106861,334,311,0,0,1
106939,334,311,0,0,1
107017,334,311,0,0,1
107095,285,312,0,0,1
107173,265,311,0,0,1
107251,255,310,0,0,1
107329,253,309,0,0,1
107423,250,309,0,0,1
107501,249,309,0,0,1
107579,249,309,0,0,1
107657,250,311,0,0,1
107735,252,312,0,0,1
107813,259,315,0,0,1
107891,266,318,0,0,1
107984,271,320,0,0,1
108062,275,321,0,0,1
108140,286,322,0,0,1
108218,325,318,0,0,1
108296,367,306,0,0,1
108374,383,294,0,0,1
108452,410,254,0,0,1
108530,414,228,0,0,1
108624,411,209,0,0,1
108702,404,192,0,0,1
108780,397,178,0,0,1
108858,393,169,0,0,1
108936,393,169,0,0,1
109014,393,169,0,0,1
109092,393,169,0,0,1
109185,393,169,0,0,1
109263,392,159,0,0,1
109341,392,159,0,0,1
109419,392,159,0,0,1
109497,408,152,0,0,1
109575,426,146,0,0,1
109653,426,146,0,0,1
109731,423,146,0,0,1
109825,410,134,0,0,1
109903,380,115,0,0,1
109981,379,114,0,0,1
110059,346,99,0,0,1
110137,341,97,0,0,1
110215,341,97,0,0,1
110293,340,94,0,0,1
110371,339,69,0,0,1
110465,339,69,0,0,1
110543,342,57,0,0,1
110621,343,55,0,0,1
110699,345,56,0,0,1
110777,360,59,0,0,1
110855,377,67,0,0,1
110933,391,79,0,0,1
111011,400,96,0,0,1
111104,398,119,0,0,1
111182,385,143,0,0,1
111260,361,166,0,0,1
111338,325,185,0,0,1
111416,309,184,0,0,1
111494,287,160,0,0,1
111572,287,135,0,0,1
111650,314,105,0,0,1
111744,350,82,0,0,1
111822,374,70,0,0,1
111900,396,53,0,0,1
111978,408,45,0,0,1
112056,410,46,0,0,1
112134,416,57,0,0,1
112212,408,83,0,0,1
112305,399,102,0,0,1
112383,390,122,0,0,1
112461,376,148,0,0,1
112539,356,174,0,0,1
112617,338,203,0,0,1
112695,304,253,0,0,1
112773,276,294,0,0,1
112851,249,329,0,0,1
112945,242,339,0,0,1
113023,250,331,0,0,1
113101,297,271,0,0,1
113179,311,223,0,0,1
113257,319,179,0,0,1
113335,332,146,0,0,1
113413,356,116,0,0,1
113491,377,99,0,0,1
113585,393,85,0,0,1
113663,409,73,0,0,1
113741,410,73,0,0,1
113819,414,76,0,0,1
113897,406,106,0,0,1
113975,363,146,0,0,1
114053,325,179,0,0,1
114131,309,200,0,0,1
114224,300,210,0,0,1
114302,283,226,0,0,1
114380,247,264,0,0,1
114458,215,294,0,0,1
114536,206,304,0,0,1
114614,205,306,0,0,1
114692,206,299,0,0,1
114786,236,251,0,0,1
114864,255,229,0,0,1
114942,273,218,0,0,1
115020,286,212,0,0,1
115098,286,212,0,0,1
115176,260,234,1,0,1
115254,240,244,0,0,1
115332,214,253,0,0,1
115425,203,256,0,0,1
115503,201,256,0,0,1
115581,191,256,0,0,1
115659,176,260,0,0,1
115737,167,263,0,0,1
115815,162,264,1,0,1
115893,159,264,1,0,1
115971,157,264,1,0,1
116065,149,263,1,0,1
116143,131,262,1,0,1
116221,124,260,1,0,1
116299,122,259,1,0,1
116377,108,253,1,0,1
116455,108,253,0,0,1
116533,108,252,0,0,1
116611,96,247,0,0,1
116705,96,247,0,0,1
116783,96,247,0,0,1
116861,91,241,0,0,1
116939,85,234,0,0,1
117017,83,231,0,0,1
117095,80,225,1,0,1
117173,79,225,1,0,1
117251,77,225,1,0,1
117344,76,223,1,0,1
117422,73,220,1,0,1
117500,67,214,1,0,1
117578,64,211,1,0,1
117656,60,208,1,0,1
117734,60,208,1,0,1
117812,60,204,1,0,1
117906,57,176,1,0,1
117984,54,161,1,0,1
118062,53,158,1,0,1
118140,53,158,1,0,1
118218,53,158,1,0,1
118296,127,157,1,0,1
118374,178,166,1,0,1
118452,262,190,1,0,1
118545,344,215,1,0,1
118623,394,238,1,0,1
118701,421,256,1,0,1
118779,429,272,1,0,1
118857,433,284,1,0,1
118935,434,286,1,0,1
119013,392,284,1,0,1
119107,282,282,1,0,1
119185,273,282,1,0,1
119263,265,281,1,0,1
119341,249,279,1,0,1
119419,239,279,1,0,1
119497,237,279,1,0,1
119575,233,277,1,0,1
119653,231,276,1,0,1
119747,227,274,1,0,1
119825,224,273,1,0,1
119903,218,271,1,0,1
119981,214,269,1,0,1
120059,214,269,1,0,1
120137,216,269,1,0,1
120215,223,267,1,0,1
120293,235,262,0,0,1
120386,244,259,1,0,1
120464,247,258,1,0,1
120542,251,257,1,0,1
120620,251,257,1,0,1
120698,251,257,1,0,1
120776,250,252,1,0,1
120854,248,249,1,0,1
120932,248,249,1,0,1
121026,248,249,0,0,1
121104,249,249,0,0,1
121182,250,248,0,0,1
121260,250,247,0,0,1
121338,248,245,0,0,1
121416,246,243,0,0,1
121494,247,238,0,0,1
121572,247,237,0,0,1
121665,248,231,0,0,1
121743,247,228,1,0,1
121821,245,227,1,0,1
121899,244,223,1,0,1
121977,245,217,1,0,1
122055,245,217,1,0,1
122133,245,217,1,0,1
122227,245,217,1,0,1
122305,245,217,1,0,1
122383,245,215,1,0,1
122461,245,215,0,0,1
122539,245,215,0,0,1
122617,245,215,0,0,1
122695,245,215,0,0,1
122773,245,215,0,0,1
122867,245,215,0,0,1
122945,245,215,0,0,1
123023,245,215,1,0,1
123101,246,216,1,0,1
123179,247,216,1,0,1
123257,247,217,1,0,1
123335,247,217,1,0,1
123413,247,216,1,0,1
123506,249,205,1,0,1
123584,249,205,1,0,1
123662,249,202,0,0,1
123740,250,201,0,0,1
123818,250,201,0,0,1
123896,255,199,0,0,1
123974,255,199,0,0,1
124052,255,199,0,0,1
124146,255,199,0,0,1
124224,264,190,0,0,1
124302,264,190,0,0,1
124380,264,190,1,0,1
124458,269,181,1,0,1
124536,279,169,1,0,1
124614,279,169,1,0,1
124692,279,171,1,0,1
124786,278,180,1,0,1
124864,278,183,1,0,1
124942,278,194,1,0,1
125020,278,195,0,0,1
125098,277,200,0,0,1
125176,276,203,0,0,1
125254,276,203,0,0,1
125347,273,212,0,0,1
125425,270,218,0,0,1
125503,270,218,0,0,1
125581,270,220,1,0,1
125659,273,220,1,0,1
125737,276,220,1,0,1
125815,283,219,1,0,1
125893,291,219,1,0,1
125987,296,219,1,0,1
126065,304,217,1,0,1
126143,304,217,1,0,1
126221,309,214,1,0,1
126299,310,213,1,0,1
126377,310,213,0,0,1
126455,313,213,0,0,1
126548,316,213,0,0,1
126626,316,213,0,0,1
126704,316,213,0,0,1
126782,316,215,0,0,1
126860,317,220,0,0,1
126938,318,230,0,0,1
127016,316,246,1,0,1
127094,320,261,1,0,1
127188,322,266,1,0,1
127266,324,272,1,0,1
127344,325,279,1,0,1
127422,328,289,1,0,1
127500,332,296,1,0,1
127578,338,305,0,0,1
127656,344,312,0,0,1
127750,348,315,0,0,1
127828,353,322,0,0,1
127906,355,324,0,0,1
127984,357,327,0,0,1
128062,366,338,0,0,1
128140,373,345,0,0,1
128218,375,346,0,0,1
128296,375,346,1,0,1
128389,375,346,1,0,1
128467,376,347,1,0,1
128545,381,349,1,0,1
128623,390,351,1,0,1
128701,397,352,1,0,1
128779,403,354,1,0,1
128857,424,362,1,0,1
128935,439,369,0,0,1
129029,447,375,0,0,1
129107,453,378,0,0,1
129185,453,378,0,0,1
129263,454,378,0,0,1
129341,456,382,0,0,1
129419,462,390,0,0,1
129497,470,400,0,0,1
129575,470,400,0,0,1
129668,475,407,1,0,1
129746,484,416,1,0,1
129824,493,424,1,0,1
129902,497,426,1,0,1
129980,526,439,1,0,1
130058,527,440,1,0,1
130136,544,451,1,0,1
130230,545,451,1,0,1
130308,556,457,0,0,1
130386,559,459,0,0,1
130464,564,462,0,0,1
130542,577,468,0,0,1
130620,593,474,0,0,1
130698,593,474,0,0,1
130776,626,494,0,0,1
130870,647,506,1,0,1
130948,647,506,1,0,1
131026,647,506,1,0,1
131104,644,505,1,0,1
131182,641,504,1,0,1
131260,604,487,1,0,1
131338,572,473,1,0,1
131416,532,453,1,0,1
131509,499,432,1,0,1
131587,473,406,1,0,1
131665,458,388,1,0,1
131743,448,368,1,0,1
131821,441,358,1,0,1
131899,440,353,1,0,1
131977,438,332,1,0,1
132071,437,324,1,0,1
132149,436,322,1,0,1
132227,436,319,1,0,1
132305,434,313,1,0,1
132383,433,311,1,0,1
132461,431,307,1,0,1
132539,431,307,1,0,1
132617,431,307,1,0,1
132710,428,324,1,0,1
132788,427,340,1,0,1
132866,428,345,1,0,1
132944,428,348,1,0,1
133022,426,348,1,0,1
133100,410,362,1,0,1
133178,391,374,1,0,1
133256,372,380,1,0,1
133350,363,374,1,0,1
133428,372,358,1,0,1
133506,412,343,1,0,1
133584,441,330,1,0,1
133662,478,320,1,0,1
133740,493,321,1,0,1
133818,506,328,1,0,1
133896,506,328,1,0,1
133990,507,337,1,0,1
134068,500,356,1,0,1
134146,493,382,1,0,1
134224,493,405,1,0,1
134302,493,405,1,0,1
134380,477,421,1,0,1
134458,445,445,1,0,1
134536,421,462,1,0,1
134629,370,457,1,0,1
134707,336,429,1,0,1
134785,313,389,1,0,1
134863,299,336,1,0,1
134941,283,290,1,0,1
135019,264,259,1,0,1
135097,234,218,1,0,1
135191,215,178,1,0,1
135269,224,178,1,0,1
135347,277,206,1,0,1
135425,295,214,1,0,1
135503,302,218,1,0,1
135581,311,223,1,0,1
135659,312,225,1,0,1
135737,315,231,1,0,1
135830,316,232,1,0,1
135908,331,251,1,0,1
135986,351,252,1,0,1
136064,387,217,1,0,1
136142,386,199,1,0,1
136220,377,180,1,0,1
136298,370,174,1,0,1
136376,360,164,1,0,1
136470,345,151,1,0,1
136548,335,143,1,0,1
136626,317,150,1,0,1
136704,303,188,1,0,1
136782,310,228,1,0,1
136860,332,273,1,0,1
136938,356,296,1,0,1
137016,375,308,1,0,1
137110,393,314,1,0,0
137188,406,311,1,0,0
137266,447,298,1,0,0
137344,454,296,1,0,0
137422,454,296,1,0,0
137500,462,282,1,0,0
137578,430,287,1,0,0
137671,355,298,1,0,0
137749,273,299,1,0,0
137827,217,308,1,0,0
137905,162,311,1,0,0
137983,166,306,1,0,1
138061,203,284,1,0,1
138139,206,282,1,0,1
138217,221,276,1,0,1
138311,226,277,1,0,1
138389,253,279,1,0,1
138467,262,280,1,0,1
138545,273,281,1,0,1
138623,273,281,1,0,1
138701,274,285,1,0,1
138779,281,298,1,0,1
138857,283,303,1,0,1
138950,286,307,1,0,1
139028,290,320,1,0,1
139106,291,333,1,0,1
139184,291,335,1,0,1
139262,295,337,1,0,1
139340,296,341,1,0,1
139418,296,341,1,0,1
139496,296,341,1,0,1
139590,296,341,1,0,1
139668,298,338,1,0,1
139746,300,337,1,0,1
139824,313,332,1,0,1
139902,320,330,1,0,1
139980,336,324,1,0,1
140058,342,321,1,0,1
140136,348,317,1,0,1
140230,348,317,1,0,1
140308,350,317,1,0,1
140386,345,287,1,0,1
140464,341,251,1,0,1
140542,341,251,1,0,1
140620,341,251,1,0,1
140698,341,251,1,0,1
140791,341,251,1,0,1
140869,341,251,1,0,1
140947,291,272,1,0,1
141025,224,291,1,0,0
141103,222,291,1,0,0
141181,222,291,1,0,0
141259,222,291,1,0,0
141337,222,291,1,0,1
141431,229,295,1,0,1
141509,271,297,1,0,1
141587,272,297,1,0,1
141665,327,290,1,0,1
141743,376,285,1,0,1
141821,376,285,1,0,1
141899,370,306,1,0,1
141977,363,335,1,0,1
142070,370,341,1,0,1
142148,381,347,1,0,1
142226,384,348,1,0,1
142304,393,354,1,0,1
142382,396,355,1,0,1
142460,396,355,1,0,1
142538,404,349,1,0,1
142616,433,344,1,0,1
142710,449,350,1,0,1
142788,459,361,1,0,1
142866,460,363,1,0,1
142944,460,363,1,0,1
143022,460,363,1,0,1
143100,460,363,1,0,1
143178,462,362,1,0,1
143256,466,355,1,0,1
143350,458,352,1,0,1
143428,458,352,1,0,1
143506,459,352,1,0,0
143584,458,349,1,0,0
143662,458,349,1,0,0
143740,458,349,1,0,0
143818,458,349,1,0,0
143911,458,349,1,0,0
143989,458,349,1,0,0
144067,458,349,1,0,0
144145,458,349,1,0,0
144223,458,349,1,0,0
144301,458,349,1,0,0
144379,458,349,1,0,0
144457,458,349,1,0,0
144551,458,349,1,0,0
144629,458,349,1,0,0
144707,322,347,1,0,0
144785,303,352,1,0,0
144863,302,352,1,0,0
144941,278,351,1,0,0
145019,259,349,1,0,0
145097,252,347,1,0,0
145190,252,347,1,0,1
145268,252,347,1,0,1
145346,252,347,1,0,1
145424,252,347,1,0,1
145502,253,330,1,0,1
145580,253,330,1,0,1
145658,253,330,1,0,1
145736,253,330,1,0,1
145830,253,330,1,0,1
145908,253,330,1,0,1
145986,253,330,1,0,1
146064,253,330,1,0,1
146142,265,333,1,0,1
146220,268,334,1,0,1
146298,268,334,1,0,1
146392,268,334,1,0,1
146470,268,334,1,0,1
146548,268,334,1,0,1
146626,268,334,1,0,1
146704,268,334,1,0,1
146782,299,329,1,0,1
146860,386,321,1,0,1
146938,540,307,1,0,1
147031,649,303,1,0,1
147109,677,302,1,0,1
147187,678,302,1,0,0
147265,678,302,1,0,0
147343,678,302,1,0,0
147421,678,302,1,0,0
147499,678,302,1,0,0
147577,678,302,1,0,0
147671,678,302,1,0,0
147749,678,302,1,0,0
147827,678,302,1,0,0
147905,678,302,1,0,0
147983,678,302,1,0,0
148061,678,302,1,0,0
148139,678,302,1,0,0
148217,678,302,1,0,0
148310,678,302,1,0,0
148388,678,302,1,0,0
148466,678,302,1,0,0
148544,678,302,1,0,0
148622,678,302,1,0,0
148700,678,302,1,0,0
148778,634,312,1,0,0
148856,573,335,1,0,0
148950,567,340,1,0,0
149028,551,350,1,0,0
149106,510,369,1,0,0
149184,438,335,1,0,0
149262,350,257,1,0,0
149340,322,235,1,0,0
149418,312,199,1,0,0
149512,307,172,1,0,1
149590,305,165,1,0,1
149668,305,165,1,0,1
149746,305,165,1,0,1
149824,308,166,1,0,1
149902,312,170,1,0,1
149980,317,177,1,0,1
150058,328,192,1,0,1
150151,334,200,1,0,1
150229,341,207,1,0,1
150307,352,219,1,0,1
150385,366,233,1,0,1
150463,369,235,1,0,1
150541,376,248,1,0,1
150619,381,269,1,0,1
150697,382,271,1,0,1
150791,379,290,1,0,1
150869,375,299,1,0,1
150947,375,302,1,0,1
151025,376,302,1,0,1
151103,379,294,1,0,1
151181,388,282,1,0,1
151259,388,282,1,0,1
151337,391,296,1,0,1
151430,384,319,1,0,1
151508,376,335,1,0,1
151586,379,343,1,0,1
151664,392,380,1,0,1
151742,418,433,1,0,1
151820,424,450,1,0,1
151898,419,462,1,0,1
151976,378,483,1,0,1
152070,319,489,1,0,1
152148,297,464,1,0,1
152226,291,431,1,0,1
152304,301,409,1,0,1
152382,324,381,1,0,1
152460,369,345,1,0,1
152538,419,312,1,0,1
152632,456,287,1,0,1
152710,478,268,1,0,0
152788,503,238,1,0,0
152866,543,183,1,0,0
152944,593,137,1,0,0
153022,600,130,1,0,0
153100,600,130,1,0,0
153178,600,130,1,0,0
153271,600,130,1,0,0
153349,600,130,1,0,0
153427,600,130,1,0,0
153505,600,130,1,0,0
153583,600,130,1,0,0
153661,550,154,1,0,0
153739,499,184,1,0,0
153817,455,214,1,0,0
153911,461,222,1,0,0
153989,462,222,1,0,0
154067,462,222,1,0,0
154145,462,222,1,0,0
154223,466,230,1,0,0
154301,475,244,1,0,0
154379,495,262,1,0,0
154457,495,265,1,0,0
154550,399,299,1,0,0
154628,284,333,1,0,0
154706,248,342,1,0,0
154784,248,342,1,0,0
154862,248,342,1,0,1
154940,238,330,1,0,1
155018,234,326,1,0,1
155112,234,326,1,0,1
155190,234,326,1,0,1
155268,241,323,1,0,1
155346,243,321,1,0,1
155424,273,302,1,0,1
155502,277,298,1,0,1
155580,277,298,1,0,1
155658,277,298,1,0,1
155752,277,321,1,0,1
155830,276,326,1,0,1
155908,276,326,1,0,1
155986,251,320,1,0,1
156064,211,319,1,0,1
156142,181,310,1,0,1
156220,171,305,1,0,1
156298,171,305,1,0,1
156391,171,305,1,0,1
156469,171,305,1,0,1
156547,184,310,1,0,1
156625,201,318,1,0,1
156703,204,321,1,0,1
156781,194,338,1,0,1
156859,188,343,1,0,1
156953,188,343,1,0,1
157031,188,343,1,0,1
157109,190,344,1,0,1
157187,192,345,1,0,1
157265,192,347,1,0,1
157343,192,347,1,0,1
157421,192,347,1,0,1
157499,191,347,1,0,1
157593,191,347,1,0,1
157671,191,347,1,0,1
157749,191,347,1,0,1
157827,192,346,1,0,0
157905,207,331,1,0,0
157983,270,321,1,0,0
158061,330,318,1,0,0
158139,372,312,1,0,0
158232,405,310,1,0,0
158310,421,309,1,0,0
158388,463,306,1,0,0
158466,492,298,1,0,0
158544,519,276,1,0,0
158622,531,266,1,0,0
158700,533,265,1,0,0
158778,540,263,1,0,0
158872,561,254,1,0,0
158950,579,238,1,0,0
159028,596,219,1,0,0
159106,606,211,1,0,0
159184,648,200,1,0,0
159262,661,199,1,0,0
159340,661,199,1,0,0
159433,662,198,1,0,0
159511,664,193,1,0,0
159589,660,183,1,0,0
159667,655,168,1,0,0
159745,651,151,1,0,0
159823,651,150,1,0,0
159901,651,150,1,0,0
159979,651,150,1,0,0
160073,647,154,1,0,0
160151,632,167,1,0,0
160229,598,201,1,0,0
160307,555,231,1,0,0
160385,526,251,1,0,0
160463,505,274,1,0,0
160541,493,287,1,0,0
160619,457,300,1,0,0
160713,431,295,1,0,0
160791,430,289,1,0,0
160869,467,237,1,0,0
160947,568,189,1,0,0
161025,614,164,1,0,0
161103,619,160,1,0,0
161181,621,158,1,0,0
161274,540,196,1,0,0
161352,387,222,1,0,0
161430,291,223,1,0,0
161508,278,229,1,0,0
161586,278,228,1,0,0
161664,272,225,1,0,0
161742,271,225,1,0,1
161820,271,225,1,0,1
161914,276,226,1,0,1
161992,286,229,1,0,1
162070,293,234,1,0,1
162148,300,238,1,0,1
162226,304,240,1,0,1
162304,315,247,1,0,1
162382,319,249,1,0,1
162475,331,260,1,0,1
162553,346,299,1,0,1
162631,368,362,1,0,1
162709,382,385,1,0,1
162787,375,401,1,0,1
162865,334,447,1,0,1
162943,320,464,1,0,1
163021,323,465,1,0,1
163115,345,461,1,0,1
163193,394,455,1,0,1
163271,434,449,1,0,1
163349,461,447,1,0,1
163427,463,447,1,0,1
163505,497,403,1,0,1
163583,522,355,1,0,0
163661,527,336,1,0,0
163755,543,297,1,0,0
163833,579,236,1,0,0
163911,612,200,1,0,0
163989,616,197,1,0,0
164067,619,193,1,0,0
164145,620,190,1,0,0
164223,620,190,1,0,0
164301,620,190,1,0,0
164394,620,190,1,0,0
164472,616,191,1,0,0
164550,616,191,1,0,0
164628,655,158,1,0,0
164706,671,147,1,0,0
164784,694,124,1,0,0
164862,703,117,1,0,0
164956,714,108,1,0,0
165034,719,105,1,0,0
165112,719,105,1,0,0
165190,719,105,1,0,0
165268,719,105,1,0,0
165346,719,105,1,0,0
165424,719,105,1,0,0
165502,719,105,1,0,0
165595,719,105,1,0,1
165673,719,105,1,0,1
165751,719,105,1,0,1
165829,720,101,1,0,1
165907,722,99,1,0,1
165985,732,89,1,0,1
166063,734,86,1,0,1
166141,740,77,1,0,1
166235,742,74,1,0,1
166313,748,66,1,0,1
166391,753,60,1,0,1
166469,753,60,1,0,1
166547,753,60,1,0,1
166625,753,60,1,0,1
166703,725,88,1,0,1
166781,705,113,1,0,1
166875,698,120,1,0,1
166953,679,131,1,0,1
167031,666,137,1,0,1
167109,666,137,1,0,1
167187,666,137,1,0,1
167265,668,130,1,0,1
167343,669,128,1,0,1
167421,669,128,1,0,1
167514,669,128,1,0,1
167592,667,131,1,0,1
167670,663,137,1,0,1
167748,657,150,1,0,1
167826,656,156,1,0,1
167904,655,159,1,0,1
167982,655,159,1,0,1
168076,655,160,1,0,1
168154,653,160,1,0,1
168232,643,173,1,0,1
168310,634,182,1,0,1
168388,631,187,1,0,1
168466,631,187,1,0,1
168544,631,187,0,0,1
168622,631,187,0,0,1
168715,631,187,0,0,1
168793,631,187,0,0,1
168871,616,204,0,0,1
168949,614,206,0,0,1
169027,588,230,0,0,1
169105,582,237,0,0,1
169183,582,237,0,0,1
169261,582,237,0,0,1
169355,582,237,1,0,1
169433,581,239,0,0,1
169511,581,239,0,0,1
169589,581,239,0,0,1
169667,581,239,0,0,1
169745,581,242,0,0,1
169823,581,246,0,0,1
169901,579,250,0,0,1
169995,577,256,0,0,1
170073,577,256,0,0,1
170151,569,268,0,0,1
170229,569,269,0,0,1
170307,566,270,0,0,1
170385,566,270,1,0,1
170463,565,273,1,0,1
170541,558,282,1,0,1
170634,558,282,1,0,1
170712,549,292,1,0,1
170790,549,293,1,0,1
170868,547,293,1,0,1
170946,534,304,1,0,1
171024,534,304,1,0,1
171102,530,305,1,0,1
171196,522,308,1,0,1
171274,517,311,1,0,1
171352,517,311,1,0,1
171430,517,311,1,0,1
171508,517,311,1,0,1
171586,516,311,1,0,1
171664,511,312,1,0,1
171757,499,318,0,0,1
171835,491,321,0,0,1
171913,491,321,0,0,1
171991,491,321,0,0,1
172069,491,321,0,0,1
172147,475,329,0,0,1
172225,467,332,0,0,1
172303,464,334,0,0,1
172397,452,337,1,0,1
172475,447,338,0,0,1
172553,427,343,0,0,1
172631,426,344,0,0,1
172709,420,348,0,0,1
172787,390,372,0,0,1
172881,379,383,0,0,1
172959,379,388,0,0,1
173037,377,397,0,0,1
173115,376,402,0,0,1
173193,376,404,1,0,1
173271,376,402,1,0,1
173349,370,399,1,0,1
173427,365,396,1,0,1
173520,357,391,1,0,1
173598,318,369,1,0,1
173676,296,357,1,0,1
173754,291,353,0,0,1
173832,291,353,0,0,1
173910,291,353,0,0,1
173988,301,355,0,0,1
174066,309,357,0,0,1
174160,310,357,0,0,1
174238,310,357,1,0,1
174316,310,357,1,0,1
174394,310,357,1,0,1
174472,310,357,1,0,1
174550,310,357,1,0,1
174628,310,357,1,0,1
174706,310,357,1,0,1
174799,311,358,1,0,1
174877,312,358,1,0,1
174955,316,358,1,0,1
175033,325,354,1,0,1
175111,343,344,1,0,1
175189,363,338,1,0,1
175267,431,328,1,0,1
175361,500,301,1,0,1
175439,548,278,1,0,1
175517,595,260,1,0,1
175595,643,242,1,0,1
175673,665,230,1,0,1
175751,681,220,1,0,0
175829,696,213,1,0,0
175907,696,213,1,0,0
176001,696,213,1,0,0
176079,696,213,1,0,0
176157,696,213,1,0,0
176235,696,213,1,0,0
176313,696,213,1,0,0
176391,696,213,1,0,0
176469,696,213,1,0,0
176547,696,213,1,0,0
176640,699,221,1,0,0
176718,703,242,1,0,0
176796,699,275,1,0,0
176874,687,310,1,0,0
176952,666,349,1,0,0
177030,645,383,1,0,0
177108,633,401,1,0,0
177202,611,423,1,0,0
177280,588,444,1,0,0
177358,566,459,1,0,0
177436,537,479,1,0,0
177514,530,485,1,0,0
177592,519,500,1,0,0
177670,514,504,1,0,0
177748,504,511,1,0,0
177841,487,522,1,0,0
177919,463,535,1,0,0
177997,441,535,1,0,0
178075,417,524,1,0,0
178153,396,509,1,0,0
178231,382,482,1,0,0
178309,380,437,1,0,0
178387,396,386,1,0,0
178481,426,340,1,0,0
178559,464,298,1,0,0
178637,504,267,1,0,0
178715,509,262,1,0,0
178793,535,247,1,0,0
178871,582,229,1,0,0
178949,627,220,1,0,0
179027,665,222,1,0,0
179121,718,236,1,0,0
179199,773,261,1,0,0
179277,814,293,1,0,0
179355,827,324,1,0,0
179433,825,361,1,0,0
179511,806,394,1,0,0
179589,781,406,1,0,0
179682,766,405,1,0,0
179760,746,398,1,0,0
179838,726,392,1,0,0
179916,707,395,1,0,0
179994,702,399,1,0,0
180072,689,409,1,0,0
180150,681,419,1,0,0
180228,667,440,1,0,0
180322,664,449,1,0,0
180400,659,463,1,0,0
180478,657,471,1,0,0
180556,651,488,1,0,0
180634,650,491,1,0,0
180712,650,491,1,0,0
180790,646,495,1,0,0
180868,620,502,1,0,0
180961,583,504,1,0,0
181039,556,506,1,0,0
181117,549,506,1,0,0
181195,549,505,1,0,0
181273,540,503,1,0,0
181351,547,472,1,0,0
181429,569,439,1,0,0
181507,576,411,1,0,0
181601,575,407,1,0,1
181679,564,393,1,0,1
181757,560,386,1,0,1
181835,555,379,1,0,1
181913,545,365,1,0,1
181991,542,357,1,0,1
182069,540,352,1,0,1
182163,540,352,1,0,1
182241,540,352,1,0,1
182319,540,352,1,0,1
182397,524,351,1,0,1
182475,482,366,1,0,1
182553,466,375,1,0,1
182631,465,375,1,0,1
182709,462,374,1,0,1
182802,462,374,1,0,1
182880,462,369,1,0,1
182958,463,356,1,0,1
183036,471,344,1,0,1
183114,492,339,1,0,1
183192,500,338,1,0,1
183270,516,343,1,0,1
183348,527,348,1,0,1
183442,528,348,1,0,1
183520,525,364,1,0,1
183598,506,385,1,0,1
183676,459,406,1,0,1
183754,397,416,1,0,1
183832,363,420,1,0,1
183910,342,421,1,0,1
183988,291,408,1,0,1
184081,253,397,1,0,1
184159,234,388,1,0,0
184237,195,375,1,0,0
184315,179,366,1,0,0
184393,168,362,1,0,0
184471,167,362,1,0,0
184549,167,362,1,0,0
184627,167,362,1,0,0
184721,167,362,1,0,0
184799,165,359,1,0,0
184877,158,352,1,0,0
184955,157,352,1,0,0
185033,158,352,1,0,0
185111,158,352,1,0,0
185189,158,352,1,0,0
185283,162,345,1,0,0
185361,162,343,1,0,0
185439,162,342,1,0,0
185517,162,342,1,0,0
185595,162,337,1,0,1
185673,162,336,1,0,1
185751,162,335,1,0,1
185829,163,329,1,0,1
185922,168,320,1,0,1
186000,170,316,1,0,1
186078,173,313,1,0,1
186156,178,304,1,0,1
186234,178,304,1,0,1
186312,181,299,1,0,1
186390,191,293,1,0,1
186484,196,294,1,0,1
186562,201,295,1,0,1
186640,204,296,1,0,1
186718,205,296,1,0,1
186796,205,296,1,0,1
186874,206,295,1,0,1
186952,231,291,1,0,1
187030,232,290,1,0,1
187124,232,290,1,0,1
187202,232,290,1,0,1
187280,222,285,1,0,1
187358,212,278,1,0,1
187436,208,275,1,0,1
187514,200,271,1,0,1
187592,195,267,1,0,1
187670,195,267,1,0,1
187763,195,267,1,0,1
187841,195,267,1,0,1
187919,192,263,1,0,1
187997,191,262,1,0,1
188075,184,252,1,0,1
188153,182,251,1,0,1
188231,180,246,1,0,1
188309,180,246,1,0,1
188403,202,259,1,0,1
188481,206,262,1,0,1
188559,206,262,1,0,1
188637,206,262,1,0,1
188715,200,251,1,0,1
188793,210,253,1,0,1
188871,380,331,1,0,1
188949,519,363,1,0,1
189042,527,363,1,0,1
189120,540,361,1,0,1
189198,541,360,1,0,1
189276,573,347,1,0,1
189354,575,344,1,0,1
189432,573,343,1,0,1
189510,558,336,1,0,1
189604,547,334,1,0,1
189682,546,339,1,0,1
189760,545,351,1,0,1
189838,546,356,1,0,1
189916,539,374,1,0,1
189994,523,388,1,0,1
190072,513,394,1,0,1
190150,507,392,1,0,1
190244,495,384,1,0,1
190322,487,374,1,0,1
190400,486,369,1,0,1
190478,489,364,1,0,1
190556,493,343,1,0,1
190634,491,322,1,0,1
190712,487,306,1,0,1
190790,487,306,1,0,1
190883,414,272,1,0,1
190961,288,210,1,0,1
191039,246,193,1,0,1
191117,217,186,1,0,1
191195,194,178,1,0,1
191273,193,178,1,0,1
191351,188,175,1,0,1
191429,182,156,1,0,1
191523,181,153,1,0,1
191601,180,152,1,0,1
191679,179,152,1,0,1
191757,179,152,1,0,1
191835,180,151,0,0,1
191913,180,151,0,0,1
191991,179,147,0,0,1
192069,177,138,0,0,1
192162,177,137,0,0,1
192240,176,134,0,0,1
192318,176,134,0,0,1
192396,173,133,0,0,1
192474,171,132,0,0,1
192552,171,132,0,0,1
192630,171,132,1,0,1
192724,171,132,0,0,1
192802,171,132,0,0,1
192880,177,129,0,0,1
192958,181,127,0,0,1
193036,190,123,0,0,1
193114,196,120,0,0,1
193192,196,120,0,0,1
193270,196,120,0,0,1
193364,196,120,0,0,1
193442,196,120,1,0,1
193520,196,120,1,0,1
193598,196,120,1,0,1
193676,206,112,1,0,1
193754,210,108,1,0,1
193832,210,108,1,0,1
193910,210,108,1,0,1
194003,208,108,1,0,1
194081,206,108,1,0,1
194159,206,108,1,0,1
194237,206,108,0,0,1
194315,206,108,0,0,1
194393,206,108,0,0,1
194471,209,109,0,0,1
194549,211,110,0,0,1
194643,212,110,0,0,1
194721,212,111,0,0,1
194799,214,112,0,0,1
194877,218,114,0,0,1
194955,219,115,0,0,1
195033,223,116,1,0,1
195111,223,116,1,0,1
195204,223,116,1,0,1
195282,223,116,1,0,1
195360,224,117,1,0,1
195438,224,117,1,0,1
195516,226,118,1,0,1
195594,226,118,1,0,1
195672,228,118,1,0,1
195766,232,120,0,0,1
195844,233,121,0,0,1
195922,235,122,0,0,1
196000,242,126,0,0,1
196078,247,128,0,0,1
196156,255,133,0,0,1
196234,258,134,0,0,1
196328,263,137,0,0,1
196406,265,138,0,0,1
196484,266,138,0,0,1
196562,270,141,1,0,1
196640,280,147,1,0,1
196718,287,152,1,0,1
196796,288,153,1,0,1
196874,288,153,1,0,1
196967,289,155,1,0,1
197045,295,163,1,0,1
197123,296,163,1,0,1
197201,298,165,1,0,1
197279,300,167,1,0,1
197357,302,169,1,0,1
197435,302,169,0,0,1
197513,305,175,0,0,1
197607,306,177,0,0,1
197685,307,178,0,0,1
197763,324,191,0,0,1
197841,340,203,0,0,1
197919,341,204,0,0,1
197997,341,204,0,0,1
198075,343,207,0,0,1
198168,343,207,1,0,1
198246,343,209,0,0,1
198324,344,212,0,0,1
198402,344,212,0,0,1
198480,344,212,0,0,1
198558,344,212,0,0,1
198636,344,212,0,0,1
198714,344,212,0,0,1
198808,345,215,0,0,1
198886,346,218,0,0,1
198964,348,223,0,0,1
199042,352,229,1,0,1
199120,356,239,1,0,1
199198,358,245,1,0,1
199276,358,245,1,0,1
199370,358,245,1,0,1
199448,358,245,1,0,1
199526,358,245,1,0,1
199604,358,245,1,0,1
199682,358,245,1,0,1
199760,359,245,1,0,1
199838,360,246,0,0,1
199916,360,246,1,0,1
200009,363,252,1,0,1
200087,363,253,1,0,1
200165,364,254,1,0,1
200243,365,255,1,0,1
200321,366,256,1,0,1
200399,369,259,1,0,1
200477,370,259,1,0,1
200555,372,260,0,0,1
200649,378,264,1,0,1
200727,378,264,1,0,1
200805,378,264,1,0,1
200883,378,264,1,0,1
200961,378,264,1,0,1
201039,378,264,1,0,1
201117,378,264,1,0,1
201195,378,264,1,0,1
201288,378,264,0,0,1
201366,378,264,1,0,1
201444,378,264,1,0,1
201522,392,250,1,0,1
201600,393,247,1,0,1
201678,393,247,1,0,1
201756,388,244,1,0,1
201834,388,243,1,0,1
201928,388,243,1,0,1
202006,392,241,1,0,1
202084,395,242,0,0,1
202162,402,246,0,0,1
202240,404,247,0,0,1
202318,406,251,0,0,1
202396,409,257,0,0,1
202490,412,257,0,0,1
202568,420,270,0,0,1
202646,426,279,0,0,1
202724,427,279,1,0,1
202802,427,279,0,0,1
202880,427,279,0,0,1
202958,427,279,0,0,1
203036,427,279,0,0,1
203129,428,279,0,0,1
203207,431,280,0,0,1
203285,431,280,0,0,1
203363,431,280,0,0,1
203441,436,282,0,0,1
203519,441,284,0,0,1
203597,444,284,1,0,1
203675,453,287,1,0,1
203769,453,287,1,0,1
203847,457,288,1,0,1
203925,458,288,1,0,1
204003,460,288,1,0,1
204081,470,292,1,0,1
204159,476,293,1,0,1
204237,476,293,1,0,1
204315,476,293,0,0,1
204408,476,293,0,0,1
204486,493,291,0,0,1
204564,498,291,0,0,1
204642,502,290,0,0,1
204720,511,288,0,0,1
204798,511,288,0,0,1
204876,518,278,0,0,1
204970,519,269,0,0,1
205048,520,255,1,0,1
205126,519,251,1,0,1
205204,519,247,1,0,1
205282,519,246,1,0,1
205360,518,246,1,0,1
205438,518,246,1,0,1
205516,520,246,1,0,1
205610,524,247,1,0,1
205688,527,248,0,0,1
205766,530,249,1,0,1
205844,531,249,1,0,1
205922,531,249,1,0,1
206000,533,251,1,0,1
206078,535,253,1,0,1
206156,551,271,1,0,1
206249,556,274,1,0,1
206327,560,278,1,0,1
206405,564,282,1,0,1
206483,566,283,0,0,1
206561,568,285,0,0,1
206639,573,289,0,0,1
206717,580,295,0,0,1
206795,580,295,0,0,1
206889,589,301,0,0,1
206967,591,303,0,0,1
207045,591,303,0,0,1
207123,591,304,1,0,1
207201,591,304,1,0,1
207279,590,304,1,0,1
207357,589,304,1,0,1
207435,586,304,1,0,1
207528,578,303,1,0,1
207606,551,297,1,0,1
207684,511,282,1,0,1
207762,485,268,1,0,1
207840,479,265,0,0,1
207918,472,260,0,0,1
207996,469,258,0,0,1
208090,469,258,0,0,1
208168,469,258,0,0,1
208246,468,256,0,0,1
208324,461,248,0,0,1
208402,461,248,0,0,1
208480,461,248,1,0,1
208558,461,248,1,0,1
208636,461,248,1,0,1
208730,462,249,1,0,1
208808,464,249,1,0,1
208886,464,249,1,0,1
208964,464,249,1,0,1
209042,464,249,1,0,1
209120,466,251,1,0,1
209198,484,258,1,0,1
209291,494,262,1,0,1
209369,494,262,1,0,1
209447,461,271,1,0,1
209525,410,286,1,0,1
209603,385,301,1,0,1
209681,354,324,1,0,1
209759,348,332,1,0,1
209853,348,333,1,0,1
209931,348,333,1,0,1
210009,347,332,1,0,1
210087,347,331,1,0,1
210165,347,331,1,0,1
210243,347,331,1,0,1
210321,347,331,1,0,1
210399,347,331,1,0,1
210492,343,332,1,0,1
210570,338,334,1,0,1
210648,338,334,1,0,1
210726,338,334,1,0,1
210804,336,340,1,0,1
210882,336,341,1,0,1
210960,336,341,1,0,1
211054,344,343,1,0,1
211132,352,343,1,0,1
211210,411,327,1,0,1
211288,435,320,1,0,1
211366,436,320,1,0,1
211444,435,314,1,0,1
211522,429,304,1,0,1
211600,416,275,1,0,1
211694,407,243,1,0,1
211772,402,217,1,0,1
211850,394,201,1,0,1
211928,380,185,1,0,1
212006,379,185,1,0,1
212084,380,185,1,0,1
212162,395,194,1,0,1
212255,404,199,1,0,1
212333,409,202,1,0,1
212411,410,203,1,0,1
212489,410,208,1,0,1
212567,410,208,1,0,1
212645,409,210,1,0,1
212723,409,210,0,0,1
212801,410,213,0,0,1
212895,411,217,0,0,1
212973,411,217,0,0,1
213051,413,218,0,0,1
213129,416,221,0,0,1
213207,420,223,0,0,1
213285,421,224,0,0,1
213363,421,225,0,0,1
213441,421,226,0,0,1
213534,421,227,0,0,1
213612,418,233,1,0,1
213690,418,237,0,0,1
213768,419,238,0,0,1
213846,419,238,0,0,1
213924,423,247,0,0,1
214002,423,247,0,0,1
214080,423,247,0,0,1
214174,423,247,0,0,1
214252,423,249,0,0,1
214330,423,249,0,0,1
214408,426,257,1,0,1
214486,426,257,1,0,1
214564,426,257,1,0,1
214642,426,257,1,0,1
214720,427,265,1,0,1
214814,427,266,1,0,1
214892,428,270,1,0,1
214970,428,272,1,0,1
215048,429,272,1,0,1
215126,435,275,0,0,1
215204,436,276,0,0,1
215282,437,276,0,0,1
215375,437,276,0,0,1
215453,446,288,0,0,1
215531,446,289,0,0,1
215609,446,289,0,0,1
215687,446,289,0,0,1
215765,446,289,0,0,1
215843,455,293,1,0,1
215921,459,296,1,0,1
216015,459,296,1,0,1
216093,459,296,1,0,1
216171,459,296,1,0,1
216249,459,296,1,0,1
216327,460,296,1,0,1
216405,460,296,1,0,1
216483,461,296,1,0,1
216561,461,297,0,0,1
216654,464,297,0,0,1
216732,465,298,0,0,1
216810,466,298,0,0,1
216888,467,298,0,0,1
216966,468,298,0,0,1
217044,468,298,0,0,1
217122,470,298,0,0,1
217200,470,298,1,0,1
217294,470,298,1,0,1
217372,472,298,1,0,1
217450,472,298,1,0,1
217528,483,298,1,0,1
217606,483,298,1,0,1
217684,483,298,1,0,1
217762,483,298,1,0,1
217856,483,298,1,0,1
217934,484,299,1,0,1
218012,495,301,0,0,1
218090,495,301,0,0,1
218168,495,301,0,0,1
218246,517,294,0,0,1
218324,521,291,0,0,1
218402,526,289,0,0,1
218495,536,286,0,0,1
218573,540,286,0,0,1
218651,546,287,0,0,1
218729,553,290,1,0,1
218807,555,289,1,0,1
218885,562,284,1,0,1
218963,562,283,1,0,1
219041,562,280,1,0,1
219135,562,274,1,0,1
219213,562,272,1,0,1
219291,563,264,0,0,1
219369,563,258,0,0,1
219447,560,256,0,0,1
219525,560,255,0,0,1
219603,560,255,0,0,1
219681,560,255,0,0,1
219775,561,256,0,0,1
219853,564,257,0,0,1
219931,566,257,0,0,1
220009,566,257,1,0,1
220087,566,257,1,0,1
220165,566,257,1,0,1
220243,566,257,1,0,1
220321,570,251,1,0,1
220414,571,249,1,0,1
220492,575,246,1,0,1
220570,577,243,1,0,1
220648,579,240,1,0,1
220726,579,240,0,0,1
220804,585,239,0,0,1
220882,604,235,0,0,1
220976,611,233,0,0,1
221054,611,233,0,0,1
221132,611,233,0,0,1
221210,612,232,0,0,1
221288,612,232,0,0,1
221366,612,232,0,0,1
221444,603,246,1,0,1
221537,598,252,1,0,1
221615,589,270,1,0,1
221693,574,289,1,0,1
221771,562,301,1,0,1
221849,557,305,1,0,1
221927,556,307,1,0,1
222005,557,313,1,0,1
222083,557,316,1,0,1
222177,557,326,1,0,1
222255,557,326,1,0,1
222333,559,326,1,0,1
222411,560,327,1,0,1
222489,559,329,1,0,1
222567,558,330,1,0,1
222645,543,338,1,0,1
222739,528,339,1,0,1
222817,501,345,1,0,1
222895,467,355,1,0,1
222973,451,359,1,0,1
223051,432,365,1,0,1
223129,425,368,1,0,1
223207,425,368,1,0,1
223285,426,368,1,0,1
223378,430,367,1,0,1
223456,429,367,1,0,1
223534,425,366,1,0,1
223612,411,365,1,0,1
223690,363,366,1,0,1
223768,356,366,1,0,1
223846,285,368,1,0,1
223940,229,365,1,0,1
224018,221,364,1,0,1
224096,216,363,1,0,1
224174,202,356,1,0,1
224252,194,334,1,0,1
224330,194,326,1,0,1
224408,194,326,1,0,1
224486,202,319,1,0,1
224579,208,316,1,0,1
224657,226,313,1,0,1
224735,244,313,1,0,1
224813,260,313,1,0,1
224891,287,316,1,0,1
224969,329,318,1,0,1
225047,331,317,1,0,1
225125,376,318,1,0,1
225219,396,317,1,0,1
225297,396,317,1,0,1
225375,396,317,1,0,1
225453,425,334,1,0,1
225531,456,346,1,0,1
225609,464,349,1,0,1
225687,468,353,1,0,1
225765,472,365,1,0,0
225859,471,381,1,0,0
225937,455,388,1,0,0
226015,435,400,1,0,0
226093,415,412,1,0,0
226171,395,421,1,0,0
226249,365,424,1,0,0
226327,349,425,1,0,0
226420,337,424,1,0,0
226498,318,424,1,0,0
226576,285,414,1,0,0
226654,255,401,1,0,0
226732,246,385,1,0,0
226810,240,332,1,0,0
226888,242,282,1,0,0
226966,250,259,1,0,0
227060,268,237,1,0,0
227138,300,218,1,0,0
227216,359,206,1,0,0
227294,419,207,1,0,0
227372,463,223,1,0,0
227450,505,256,1,0,0
227528,537,289,1,0,0
227606,546,313,1,0,0
227699,544,341,1,0,0
227777,535,369,1,0,0
227855,527,392,1,0,0
227933,516,409,1,0,0
228011,507,419,1,0,0
228089,506,419,1,0,0
228167,505,420,1,0,0
228245,481,429,1,0,0
228339,460,436,1,0,0
228417,458,436,1,0,0
228495,458,436,1,0,0
228573,452,437,1,0,0
228651,440,439,1,0,0
228729,424,447,1,0,0
228807,395,448,1,0,0
228885,368,447,1,0,0
228979,355,441,1,0,0
229057,345,435,1,0,0
229135,323,425,1,0,0
229213,313,421,1,0,0
229291,308,417,1,0,0
229369,300,409,1,0,0
229447,287,396,1,0,0
229540,275,387,1,0,0
229618,275,387,1,0,0
229696,275,387,1,0,0
229774,275,387,1,0,0
229852,271,386,1,0,0
229930,269,386,1,0,0
230008,269,386,1,0,0
230086,266,384,1,0,0
230180,266,384,1,0,0
230258,266,384,1,0,0
230336,266,384,1,0,0
230414,266,384,1,0,0
230492,266,384,1,0,0
230570,266,384,1,0,0
230648,266,384,1,0,0
230741,266,384,1,0,0
230819,266,384,1,0,0
230897,266,384,1,0,0
230975,266,384,1,0,0
231053,266,384,1,0,0
231131,266,384,1,0,0
231209,266,384,1,0,0
231287,266,384,1,0,0
231381,266,384,1,0,0
231459,266,384,1,0,0
231537,266,384,1,0,0
231615,266,384,1,0,0
231693,266,384,1,0,0
231771,266,384,1,0,0
231849,266,384,1,0,0
231927,266,384,1,0,0
232021,266,384,1,0,0
232099,266,384,1,0,0
232177,266,384,1,0,0
232255,266,384,1,0,0
232333,266,384,1,0,0
232411,266,384,1,0,0
232489,266,384,1,0,0
232567,266,384,1,0,0
232660,266,384,1,0,0
232738,266,384,1,0,0
232816,260,383,1,0,0
232894,195,367,1,0,0
232972,185,353,1,0,1
233050,178,313,1,0,1
233128,177,312,1,0,1
233222,179,313,1,0,1
233300,209,326,1,0,1
233378,217,329,1,0,1
233456,227,333,1,0,1
233534,236,337,1,0,1
233612,244,340,1,0,1
233690,244,340,1,0,1
233768,261,333,1,0,1
233861,280,312,1,0,1
233939,287,299,1,0,1
234017,282,290,1,0,1
234095,281,286,1,0,1
234173,283,285,1,0,1
234251,287,281,1,0,1
234329,298,285,1,0,1
234407,303,289,1,0,1
234501,310,297,1,0,1
234579,322,320,1,0,1
234657,334,340,1,0,1
234735,344,359,1,0,1
234813,344,360,1,0,1
234891,338,377,1,0,1
234969,325,389,1,0,1
235063,303,373,1,0,1
235141,286,335,1,0,1
235219,283,314,1,0,1
235297,285,295,1,0,1
235375,311,269,1,0,1
235453,342,253,1,0,1
235531,379,233,1,0,1
235609,397,221,1,0,1
235702,401,217,1,0,1
235780,394,201,1,0,1
235858,355,162,1,0,1
235936,340,153,1,0,1
236014,340,152,1,0,1
236092,316,148,1,0,1
236170,316,148,1,0,1
236248,323,162,1,0,1
236342,331,170,1,0,1
236420,336,175,1,0,1
236498,345,189,1,0,1
236576,352,200,1,0,1
236654,356,206,1,0,1
236732,355,206,1,0,1
236810,347,201,1,0,1
236888,342,198,0,0,1
236981,341,197,1,0,1
237059,335,194,0,0,1
237137,328,188,1,0,1
237215,325,184,0,0,1
237293,321,176,1,0,1
237371,321,176,0,0,1
237449,321,174,1,0,1
237527,323,175,1,0,1
237621,329,177,1,0,1
237699,332,179,1,0,1
237777,332,179,1,0,1
237855,332,179,1,0,1
237933,332,179,1,0,1
238011,330,177,1,0,1
238089,330,176,1,0,1
238183,330,176,1,0,1
238261,330,176,1,0,1
238339,342,183,1,0,1
238417,345,185,1,0,1
238495,350,203,1,0,1
238573,336,241,1,0,1
238651,290,303,1,0,1
238729,275,332,1,0,1
238822,266,346,1,0,1
238900,254,363,1,0,1
238978,255,363,1,0,1
239056,274,353,1,0,1
239134,283,344,1,0,1
239212,284,343,1,0,1
239290,300,324,1,0,1
239368,301,324,1,0,1
239462,307,314,1,0,1
239540,310,309,1,0,1
239618,310,309,1,0,1
239696,310,309,1,0,1
239774,315,322,1,0,1
239852,317,326,1,0,1
239930,320,327,1,0,1
240008,320,328,1,0,1
240101,320,328,1,0,1
240179,325,327,1,0,1
240257,367,306,1,0,1
240335,382,283,1,0,1
240413,387,273,0,0,1
240491,388,270,0,0,1
240569,392,266,0,0,1
240663,406,253,0,0,1
240741,408,252,0,0,1
240819,408,252,0,0,1
240897,423,250,0,0,1
240975,425,250,0,0,1
241053,445,257,0,0,1
241131,459,264,0,0,1
241209,459,265,0,0,1
241303,470,272,0,0,1
241381,479,281,0,0,1
241459,496,299,0,0,1
241537,514,313,0,0,1
241615,516,315,0,0,1
241693,527,322,0,0,1
241771,543,342,0,0,1
241849,546,354,0,0,1
241942,543,359,0,0,1
242020,541,362,1,0,1
242098,541,362,0,0,1
242176,541,362,0,0,1
242254,541,362,0,0,1
242332,541,366,0,0,1
242410,540,371,0,0,1
242488,540,371,0,0,1
242582,540,371,0,0,1
242660,539,378,0,0,1
242738,536,382,1,0,1
242816,534,384,0,0,1
242894,534,384,0,0,1
242972,533,392,0,0,1
243050,534,400,0,0,1
243128,536,404,0,0,1
243221,540,409,0,0,1
243299,540,409,0,0,1
243377,539,408,0,0,1
243455,534,400,1,0,1
243533,532,395,0,0,1
243611,530,395,0,0,1
243689,530,390,0,0,1
243783,530,385,0,0,1
243861,530,385,0,0,1
243939,529,384,0,0,1
244017,521,367,0,0,1
244095,514,338,0,0,1
244173,511,326,1,0,1
244251,511,326,0,0,1
244329,511,325,0,0,1
244423,513,320,0,0,1
244501,515,315,0,0,1
244579,515,315,0,0,1
244657,516,314,0,0,1
244735,516,314,0,0,1
244813,516,314,0,0,1
244891,516,314,1,0,1
244969,526,300,0,0,1
245062,533,290,0,0,1
245140,536,288,0,0,1
245218,536,288,0,0,1
245296,541,287,0,0,1
245374,544,287,0,0,1
245452,550,288,0,0,1
245530,564,284,0,0,1
245608,595,269,1,0,1
245702,598,269,1,0,1
245780,603,271,1,0,1
245858,616,280,1,0,1
245936,625,290,1,0,1
246014,626,290,1,0,1
246092,626,290,1,0,1
246170,621,289,1,0,1
246248,619,288,1,0,1
246341,604,285,1,0,1
246419,520,294,1,0,1
246497,433,310,1,0,1
246575,362,331,1,0,1
246653,332,337,1,0,1
246731,332,337,1,0,1
246809,327,335,1,0,1
246903,320,321,1,0,1
246981,320,321,1,0,1
247059,320,321,1,0,1
247137,317,319,1,0,1
247215,305,311,1,0,1
247293,301,307,1,0,1
247371,297,304,1,0,1
247449,297,304,1,0,1
247543,297,304,1,0,1
247621,297,304,0,0,1
247699,297,304,0,0,1
247777,298,304,0,0,1
247855,298,304,0,0,1
247933,298,304,0,0,1
248011,298,304,0,0,1
248089,298,304,0,0,1
248182,298,304,0,0,1
248260,298,304,0,0,1
248338,298,304,0,0,1
248416,285,297,0,0,1
248494,285,297,0,0,1
248572,285,297,0,0,1
248650,286,298,0,0,1
248728,292,302,0,0,1
248822,294,303,0,0,1
248900,297,304,0,0,1
248978,297,304,0,0,1
249056,300,305,0,0,1
249134,300,305,0,0,1
249212,301,305,0,0,1
249290,305,306,0,0,1
249383,325,310,0,0,1
249461,333,313,0,0,1
249540,334,313,0,0,1
249618,334,318,0,0,1
249696,334,318,0,0,1
249774,329,320,0,0,1
249852,328,345,0,0,1
249945,328,352,0,0,1
250023,328,352,0,0,1
250101,328,352,0,0,1
250179,328,352,0,0,1
250257,328,352,0,0,1
250335,328,352,0,0,1
250429,330,351,0,0,1
250507,374,332,0,0,1
250585,405,317,0,0,0
250663,454,301,0,0,0
250741,519,276,0,0,0
250819,627,213,0,0,0
250897,732,136,0,0,0
250975,770,78,0,0,0
251068,769,66,0,0,0
251146,762,61,0,0,0
251224,727,55,0,0,0
251302,702,53,0,0,0
251380,689,53,0,0,0
251458,673,57,0,0,0
251536,653,59,0,0,0
251614,629,70,0,0,0
251708,581,90,0,0,0
251786,543,119,0,0,0
251864,521,135,0,0,0
251942,502,152,0,0,0
252020,468,205,0,0,0
252098,441,258,0,0,0
252176,430,282,0,0,0
252270,423,292,0,0,0
252348,404,319,0,0,0
252426,365,389,0,0,0
252504,318,423,0,0,0
252582,294,433,0,0,0
252660,276,439,0,0,0
252738,247,440,0,0,0
252816,220,427,0,0,0
252909,198,389,0,0,0
252987,202,365,0,0,0
253065,225,342,0,0,0
253143,260,312,0,0,0
253221,326,274,0,0,0
253299,390,244,0,0,0
253377,430,224,0,0,0
253455,459,217,0,0,0
253549,532,217,0,0,0
253627,566,234,0,0,0
253705,601,283,0,0,0
253783,618,348,0,0,0
253861,604,381,0,0,0
253939,563,412,0,0,0
254017,514,434,0,0,0
254095,470,442,0,0,0
254188,446,433,0,0,0
254266,397,398,0,0,0
254344,348,353,0,0,0
254422,317,284,0,0,0
254500,341,239,0,0,0
254578,396,209,0,0,0
254656,460,215,0,0,0
254734,494,244,0,0,0
254828,515,295,0,0,0
254906,515,340,0,0,0
254984,489,375,0,0,0
255062,449,392,0,0,0
255140,408,398,0,0,0
255218,364,384,0,0,0
255296,331,366,0,0,0
255390,329,365,0,0,0
255468,329,365,0,0,0
255546,329,364,0,0,0
255624,329,364,0,0,0
255702,329,364,0,0,0
255780,329,364,0,0,0
255858,329,364,0,0,0
255936,329,364,0,0,0
