31,365,126,0,0,1
94,365,126,0,0,1
172,365,126,0,0,1
234,365,126,0,0,1
312,365,126,0,0,1
375,365,126,0,0,1
453,365,126,0,0,1
515,365,126,0,0,1
593,365,126,0,0,1
655,367,128,0,0,1
733,509,224,0,0,1
796,555,270,0,0,1
874,555,274,0,0,1
936,555,274,0,0,1
999,541,276,0,0,1
1077,515,288,0,0,1
1139,495,292,0,0,1
1217,489,296,0,0,1
1295,489,296,0,0,1
1357,489,296,0,0,1
1435,489,296,0,0,1
1498,489,296,0,0,1
1576,489,296,0,0,1
1638,489,296,1,0,1
1716,489,298,1,0,1
1779,489,298,1,0,1
1857,483,316,1,0,1
1919,479,322,1,0,1
1997,475,324,1,0,1
2075,475,324,1,0,1
2137,475,324,1,0,1
2215,473,322,1,0,1
2278,473,320,1,0,1
2356,469,318,1,0,1
2418,467,316,1,0,1
2496,461,312,1,0,1
2559,461,312,1,0,1
2637,461,312,0,0,1
2699,461,312,0,0,1
2777,463,312,0,0,1
2839,465,312,0,0,1
2902,467,312,0,0,1
2980,469,312,0,0,1
3042,473,312,0,0,1
3120,477,312,0,0,1
3183,483,318,0,0,1
3261,485,318,0,0,1
3339,485,318,0,0,1
3401,487,318,0,0,1
3479,487,318,0,0,1
3541,487,318,0,0,1
3619,487,318,0,0,1
3682,491,322,0,0,1
3760,497,328,0,0,1
3822,497,328,0,0,1
3900,499,328,0,0,1
3963,507,338,0,0,1
4041,515,344,0,0,1
4103,515,344,0,0,1
4181,515,346,0,0,1
4259,515,346,0,0,1
4321,517,346,0,0,1
4399,517,346,0,0,1
4462,519,346,0,0,1
4540,521,346,0,0,1
4618,521,346,0,0,1
4680,521,346,0,0,1
4758,521,348,0,0,1
4821,525,350,0,0,1
4899,525,350,0,0,1
4961,529,354,0,0,1
5039,541,360,0,0,1
5101,545,364,0,0,1
5179,545,364,0,0,1
5242,545,360,0,0,1
5320,543,350,0,0,1
5382,535,328,0,0,1
5460,507,280,0,0,1
5523,493,260,0,0,1
5601,485,244,0,0,1
5663,475,236,0,0,1
5741,449,226,0,0,1
5819,409,228,0,0,1
5881,391,230,0,0,1
5959,387,232,0,0,1
6022,379,232,0,0,1
6100,377,234,0,0,1
6162,375,236,0,0,1
6240,373,236,0,0,1
6303,373,240,0,0,1
6381,373,242,0,0,1
6459,373,248,0,0,1
6521,373,248,0,0,1
6599,373,248,0,0,1
6661,373,248,0,0,1
6739,373,248,0,0,1
6802,373,248,0,0,1
6880,373,248,0,0,1
6958,373,248,0,0,1
7020,373,248,0,0,1
7098,373,248,0,0,1
7161,373,248,0,0,1
7239,373,248,0,0,1
7301,373,248,0,0,1
7379,373,248,0,0,1
7457,373,248,0,0,1
7535,373,248,0,0,1
7597,373,248,0,0,1
7675,373,248,0,0,1
7753,373,250,0,0,1
7816,373,252,0,0,1
7894,373,254,0,0,1
7956,373,262,0,0,1
8034,373,276,0,0,1
8097,371,288,0,0,1
8175,371,288,0,0,1
8237,371,288,0,0,1
8315,371,288,0,0,1
8377,371,286,0,0,1
8455,371,284,0,0,1
8518,371,284,0,0,1
8596,371,284,0,0,1
8658,371,282,0,0,1
8736,371,282,0,0,1
8799,371,282,0,0,1
8877,371,282,0,0,1
8939,371,280,0,0,1
9017,371,280,0,0,1
9079,371,280,0,0,1
9157,371,280,0,0,1
9220,371,280,0,0,1
9298,371,280,0,0,1
9360,371,280,0,0,1
9438,371,282,0,0,1
9501,371,282,0,0,1
9579,369,284,0,0,1
9641,365,290,0,0,1
9719,357,310,0,0,1
9797,357,310,0,0,1
9875,357,310,0,0,1
9937,357,310,0,0,1
10015,361,310,0,0,1
10078,369,308,0,0,1
10156,373,306,0,0,1
10218,373,306,0,0,1
10296,373,304,1,0,1
10359,371,304,1,0,1
10437,361,296,1,0,1
10499,359,296,1,0,1
10577,355,296,1,0,1
10639,355,296,1,0,1
10717,355,296,1,0,1
10780,379,310,0,0,1
10858,395,314,0,0,1
10920,413,324,0,0,1
10998,431,330,0,0,1
11061,437,334,0,0,1
11139,437,334,0,0,1
11217,437,332,0,0,1
11279,437,332,0,0,1
11357,435,326,0,0,1
11419,431,322,0,0,1
11497,427,318,0,0,1
11560,425,318,0,0,1
11638,423,314,0,0,1
11700,417,310,0,0,1
11778,409,304,0,0,1
11841,409,304,0,0,1
11919,409,304,0,0,1
11981,407,304,0,0,1
12043,403,302,0,0,1
12121,401,302,0,0,1
12199,399,302,0,0,1
12262,393,308,0,0,1
12340,389,312,0,0,1
12402,383,318,0,0,1
12480,383,318,0,0,1
12543,381,320,0,0,1
12636,381,320,0,0,1
12699,381,320,0,0,1
12777,381,320,0,0,1
12839,381,320,0,0,1
12917,381,320,0,0,1
12979,379,320,0,0,1
13057,379,320,0,0,1
13120,379,320,0,0,1
13182,379,320,0,0,1
13260,379,320,0,0,1
13323,379,320,0,0,1
13401,379,320,0,0,1
13463,379,318,0,0,1
13541,379,316,0,0,1
13619,379,316,0,0,1
13681,379,314,0,0,1
13759,379,312,0,0,1
13822,379,312,0,0,1
13900,379,314,0,0,1
13962,379,320,0,0,1
14040,383,324,0,0,1
14118,383,326,0,0,1
14181,385,330,0,0,1
14259,399,352,0,0,1
14337,417,358,0,0,1
14399,441,368,0,0,1
14477,447,372,0,0,1
14539,469,378,0,0,1
14617,475,376,0,0,1
14680,477,376,0,0,1
14758,479,374,0,0,1
14820,481,372,0,0,1
14898,485,368,0,0,1
14976,485,368,0,0,1
15039,485,364,0,0,1
15117,485,364,0,0,1
15179,485,364,0,0,1
15257,485,364,0,0,1
15319,485,364,0,0,1
15397,489,358,0,0,1
15460,493,350,0,0,1
15538,499,340,0,0,1
15600,501,340,0,0,1
15678,503,338,0,0,1
15756,503,338,0,0,1
15819,503,338,0,0,1
15897,507,338,0,0,1
15959,507,338,0,0,1
16037,507,340,0,0,1
16115,509,342,0,0,1
16177,511,342,0,0,1
16255,515,344,0,0,1
16333,525,344,0,0,1
16396,535,346,0,0,1
16489,543,344,0,0,1
16567,549,344,0,0,1
16645,565,344,0,0,1
16723,575,336,0,0,1
16786,577,334,0,0,1
16864,575,334,0,0,1
16942,529,316,0,0,1
17020,419,278,0,0,1
17098,349,268,0,0,1
17176,333,266,0,0,1
17254,317,262,0,0,1
17332,315,260,0,0,1
17410,315,260,0,0,1
17488,315,258,1,0,1
17550,315,246,1,0,1
17628,329,244,1,0,1
17706,349,250,1,0,1
17769,355,254,1,0,1
17847,361,256,1,0,1
17909,363,256,1,0,1
17987,365,256,0,0,1
18065,365,254,0,0,1
18127,363,254,0,0,1
18205,335,258,0,0,1
18283,309,294,0,0,1
18361,299,296,0,0,1
18424,299,296,0,0,1
18517,299,298,0,0,1
18580,299,298,0,0,1
18658,299,298,0,0,1
18736,299,298,0,0,1
18798,299,298,0,0,1
18876,299,298,0,0,1
18954,299,298,0,0,1
19032,299,300,0,0,1
19110,299,300,0,0,1
19188,301,300,0,0,1
19266,305,308,0,0,1
19329,323,338,0,0,1
19407,323,338,0,0,1
19469,323,338,0,0,1
19547,321,338,0,0,1
19609,321,338,0,0,1
19687,321,338,0,0,1
19750,321,338,0,0,1
19828,321,338,0,0,1
19906,321,338,0,0,1
19968,321,336,0,0,1
20046,321,336,0,0,1
20109,321,336,0,0,1
20187,321,336,0,0,1
20249,321,336,0,0,1
20327,321,336,0,0,1
20389,335,318,0,0,1
20467,377,230,0,0,1
20530,383,218,0,0,1
20608,385,216,0,0,1
20670,385,220,0,0,1
20748,385,222,0,0,1
20811,395,224,1,0,1
20889,409,240,1,0,1
20951,417,244,1,0,1
21029,419,246,1,0,1
21091,419,246,1,0,1
21169,417,246,1,0,1
21232,413,248,1,0,1
21310,411,252,1,0,1
21372,407,252,1,0,1
21450,407,252,1,0,1
21513,407,252,0,0,1
21591,409,252,0,0,1
21653,419,256,0,0,1
21731,425,256,0,0,1
21793,425,256,0,0,1
21871,427,256,0,0,1
21934,427,256,0,0,1
22012,427,252,0,0,1
22074,425,252,0,0,1
22152,425,252,0,0,1
22230,425,252,0,0,1
22293,425,252,0,0,1
22371,425,252,0,0,1
22433,425,252,0,0,1
22511,425,252,0,0,1
22589,425,252,0,0,1
22651,425,252,0,0,1
22729,425,252,0,0,1
22792,425,252,0,0,1
22870,425,252,0,0,1
22932,463,304,0,0,1
23010,685,430,0,0,1
23073,745,440,0,0,1
23151,755,450,0,0,1
23229,769,462,0,0,1
23291,765,464,0,0,1
23369,755,460,0,0,1
23431,745,458,0,0,1
23509,741,456,0,0,1
23572,729,426,0,0,1
23650,719,412,0,0,1
23728,709,400,0,0,1
23790,707,400,0,0,1
23868,707,394,0,0,1
23931,705,394,0,0,1
24009,701,388,1,0,1
24071,697,378,1,0,1
24149,693,372,1,0,1
24211,689,364,1,0,1
24289,683,356,1,0,1
24352,679,338,1,0,1
24430,675,322,1,0,1
24492,673,320,1,0,1
24570,669,318,1,0,1
24633,667,314,1,0,1
24711,655,302,1,0,1
24773,649,298,1,0,1
24851,649,298,0,0,1
24913,649,296,0,0,1
24991,649,294,0,0,1
25054,643,286,0,0,1
25132,639,280,0,0,1
25194,627,260,0,0,1
25272,615,264,0,0,1
25335,469,348,0,0,1
25413,395,404,0,0,1
25475,389,408,0,0,1
25553,389,408,0,0,1
25615,393,408,0,0,1
25693,395,412,0,0,1
25756,397,412,0,0,1
25834,397,412,1,0,1
25896,413,412,1,0,1
25974,429,412,1,0,1
26052,443,414,1,0,1
26115,451,414,1,0,1
26177,455,416,1,0,1
26255,457,416,1,0,1
26318,457,416,1,0,1
26396,457,414,1,0,1
26458,459,402,1,0,1
26536,465,376,1,0,1
26614,465,376,1,0,1
26676,465,376,1,0,1
26754,465,376,1,0,1
26817,465,376,1,0,1
26895,449,364,1,0,1
26957,443,360,1,0,1
27035,433,358,1,0,1
27098,431,356,1,0,1
27176,431,356,1,0,1
27238,431,356,1,0,1
27316,435,356,0,0,1
27378,469,372,0,0,1
27456,523,418,0,0,1
27519,535,426,0,0,1
27597,535,424,0,0,1
27675,535,424,0,0,1
27737,529,428,0,0,1
27815,513,438,0,0,1
27878,507,440,0,0,1
27956,495,440,0,0,1
28018,491,440,0,0,1
28096,481,430,0,0,1
28158,477,428,0,0,1
28236,475,426,0,0,1
28299,475,426,0,0,1
28377,475,414,0,0,1
28439,475,410,0,0,1
28517,475,408,0,0,1
28580,475,406,0,0,1
28658,479,392,0,0,1
28720,479,388,0,0,1
28798,479,380,0,0,1
28860,479,376,0,0,1
28938,479,370,0,0,1
29001,479,368,0,0,1
29079,479,368,0,0,1
29141,479,368,0,0,1
29219,479,368,0,0,1
29282,477,368,0,0,1
29360,471,368,0,0,1
29422,467,368,0,0,1
29500,463,368,0,0,1
29562,459,370,0,0,1
29640,455,374,0,0,1
29703,455,374,0,0,1
29765,455,378,0,0,1
29843,455,378,0,0,1
29906,455,384,0,0,1
29984,455,384,0,0,1
30046,455,386,0,0,1
30124,455,388,0,0,1
30202,455,402,0,0,1
30264,455,402,0,0,1
30342,455,404,0,0,1
30405,453,408,0,0,1
30483,453,410,0,0,1
30545,453,410,0,0,1
30623,453,412,0,0,1
30686,447,424,0,0,1
30764,445,426,0,0,1
30842,445,430,0,0,1
30904,457,440,0,0,1
30982,499,474,0,0,1
31044,501,474,0,0,1
31122,501,474,0,0,1
31185,501,480,0,0,1
31263,501,488,0,0,1
31325,501,486,0,0,1
31403,501,486,0,0,1
31466,501,486,0,0,1
31544,501,486,0,0,1
31622,499,486,0,0,1
31684,485,494,0,0,1
31762,481,496,0,0,1
31824,479,498,0,0,1
31902,469,492,0,0,1
31965,411,390,0,0,1
32043,339,236,0,0,1
32105,329,220,0,0,1
32183,329,220,0,0,1
32246,329,222,0,0,1
32324,329,222,0,0,1
32386,329,226,0,0,1
32464,335,242,0,0,1
32526,337,244,0,0,1
32604,343,254,0,0,1
32667,345,256,0,0,1
32745,347,264,0,0,1
32807,349,268,0,0,1
32885,353,272,0,0,1
32948,359,282,0,0,1
33026,415,332,0,0,1
33088,511,376,0,0,1
33166,517,378,0,0,1
33228,517,378,0,0,1
33306,517,378,0,0,1
33369,517,378,0,0,1
33447,513,378,0,0,1
33509,501,370,0,0,1
33587,495,368,0,0,1
33650,487,364,0,0,1
33728,485,362,0,0,1
33790,483,362,0,0,1
33868,481,362,0,0,1
33930,479,362,0,0,1
34008,467,362,0,0,1
34071,417,382,0,0,1
34149,343,400,0,0,1
34211,295,418,0,0,1
34289,291,418,0,0,1
34352,291,418,0,0,1
34430,301,418,0,0,1
34492,313,416,0,0,1
34570,313,416,0,0,1
34632,317,416,0,0,1
34710,329,430,0,0,1
34773,333,434,0,0,1
34851,337,436,0,0,1
34913,339,436,0,0,1
34991,343,440,0,0,1
35054,347,442,0,0,1
35132,349,444,0,0,1
35210,355,448,0,0,1
35272,359,452,0,0,1
35350,363,456,0,0,1
35428,371,460,0,0,1
35506,377,464,0,0,1
35584,385,468,0,0,1
35646,387,468,0,0,1
35709,387,468,0,0,1
35787,343,416,0,0,1
35865,273,320,0,0,1
35927,261,304,0,0,1
36005,261,304,0,0,1
36068,263,304,0,0,1
36146,279,308,0,0,1
36208,285,312,0,0,1
36286,293,314,0,0,1
36364,295,314,0,0,1
36426,297,316,0,0,1
36504,301,316,0,0,1
36567,303,316,0,0,1
36645,305,316,0,0,1
36707,307,316,0,0,1
36785,309,316,0,0,1
36848,315,320,0,0,1
36926,327,332,0,0,1
36988,389,366,0,0,1
37066,485,398,0,0,1
37128,513,402,0,0,1
37206,515,402,0,0,1
37269,511,392,0,0,1
37347,497,374,0,0,1
37409,489,370,0,0,1
37487,487,370,0,0,1
37550,487,370,0,0,1
37628,487,370,0,0,1
37690,489,370,0,0,1
37768,491,370,0,0,1
37830,491,370,0,0,1
37908,495,370,0,0,1
37971,499,368,0,0,1
38049,505,364,0,0,1
38111,515,358,0,0,1
38189,525,352,0,0,1
38267,529,350,0,0,1
38330,531,350,0,0,1
38408,531,350,0,0,1
38486,531,348,0,0,1
38548,531,348,0,0,1
38626,535,346,0,0,1
38704,541,340,0,0,1
38766,545,336,0,0,1
38844,547,336,0,0,1
38907,547,336,0,0,1
38985,547,336,0,0,1
39047,547,336,0,0,1
39125,547,336,0,0,1
39203,549,338,0,0,1
39266,549,338,0,0,1
39344,551,338,0,0,1
39406,551,338,0,0,1
39484,551,338,0,0,1
39562,551,338,0,0,1
39624,551,338,0,0,1
39702,551,338,0,0,1
39765,551,338,0,0,1
39843,551,336,0,0,1
39905,559,326,0,0,1
39983,565,316,0,0,1
40046,567,312,0,0,1
40124,567,308,0,0,1
40202,569,304,0,0,1
40264,571,304,0,0,1
40342,571,302,0,0,1
40404,573,296,0,0,1
40482,579,270,0,0,1
40576,581,240,0,0,1
40638,573,228,0,0,1
40701,567,226,0,0,1
40779,559,222,0,0,1
40841,549,222,0,0,1
40919,533,216,0,0,1
40982,521,212,0,0,1
41060,517,210,0,0,1
41138,517,210,0,0,1
41200,517,210,0,0,1
41278,517,210,0,0,1
41340,515,208,0,0,1
41418,497,204,0,0,1
41481,357,234,0,0,1
41559,231,250,0,0,1
41621,185,246,0,0,1
41699,173,242,0,0,1
41762,173,242,0,0,1
41840,183,244,0,0,1
41902,223,254,0,0,1
41980,233,254,0,0,1
42042,245,256,0,0,1
42120,261,260,0,0,1
42183,267,260,0,0,1
42261,269,260,0,0,1
42323,267,262,0,0,1
42401,259,266,0,0,1
42464,239,274,0,0,1
42542,221,282,0,0,1
42604,219,284,0,0,1
42682,259,284,0,0,1
42744,411,250,0,0,1
42822,525,204,0,0,1
42885,555,174,0,0,1
42963,561,140,0,0,1
43025,569,128,0,0,1
43103,581,116,0,0,1
43166,585,100,0,0,1
43244,587,90,0,0,1
43306,587,84,0,0,1
43384,587,84,0,0,1
43446,587,84,0,0,1
43524,585,84,0,0,1
43602,585,84,1,0,1
43665,585,86,1,0,1
43743,599,90,1,0,1
43805,607,92,1,0,1
43883,609,94,1,0,1
43946,611,94,1,0,1
44024,611,94,1,0,1
44086,609,94,1,0,1
44164,603,96,1,0,1
44226,589,100,1,0,1
44304,585,102,1,0,1
44367,585,102,1,0,1
44445,585,102,1,0,1
44523,585,102,1,0,1
44585,585,102,0,0,1
44663,585,102,0,0,1
44726,585,104,0,0,1
44804,585,104,0,0,1
44866,583,104,0,0,1
44944,583,106,0,0,1
45006,581,110,0,0,1
45084,575,114,0,0,1
45147,563,122,0,0,1
45225,555,130,0,0,1
45287,547,140,0,0,1
45365,541,154,0,0,1
45428,527,176,0,0,1
45506,483,214,0,0,1
45584,417,260,0,0,1
45646,387,284,0,0,1
45724,357,298,0,0,1
45802,333,308,0,0,1
45880,311,310,0,0,1
45942,303,310,0,0,1
46020,301,310,0,0,1
46083,299,310,0,0,1
46161,299,310,0,0,1
46223,293,314,0,0,1
46301,287,316,0,0,1
46379,281,316,0,0,1
46442,279,318,0,0,1
46520,279,318,0,0,1
46582,275,318,0,0,1
46660,273,318,0,0,1
46722,271,318,0,0,1
46800,265,318,0,0,1
46878,261,318,0,0,1
46941,257,318,0,0,1
47019,253,318,0,0,1
47097,249,318,0,0,1
47159,249,316,0,0,1
47237,249,316,0,0,1
47315,249,314,0,0,1
47393,249,312,0,0,1
47456,249,312,0,0,1
47534,249,312,0,0,1
47596,249,312,0,0,1
47674,249,312,0,0,1
47736,249,312,0,0,1
47814,249,312,0,0,1
47877,249,312,0,0,1
47955,249,312,0,0,1
48017,245,300,0,0,1
48095,239,290,0,0,1
48158,239,290,0,0,1
48236,239,290,0,0,1
48298,239,290,0,0,1
48376,249,284,0,0,1
48438,251,278,0,0,1
48516,253,278,0,0,1
48594,253,278,0,0,1
48657,253,278,0,0,1
48735,253,278,0,0,1
48797,253,280,0,0,1
48875,253,280,0,0,1
48938,253,280,0,0,1
49016,253,280,0,0,1
49078,253,280,0,0,1
49156,253,280,0,0,1
49218,257,280,0,0,1
49296,259,280,0,0,1
49359,261,280,0,0,1
49437,263,282,0,0,1
49515,265,282,0,0,1
49577,269,282,0,0,1
49655,281,284,0,0,1
49718,339,302,0,0,1
49796,397,316,0,0,1
49858,417,316,0,0,1
49920,421,316,0,0,1
49998,423,316,0,0,1
50076,423,318,0,0,1
50139,417,322,0,0,1
50217,377,344,0,0,1
50295,323,378,0,0,1
50357,271,394,0,0,1
50435,221,412,0,0,1
50498,189,424,0,0,1
50576,165,432,0,0,1
50638,159,436,0,0,1
50716,157,436,0,0,1
50778,151,436,0,0,1
50856,145,438,0,0,1
50919,145,438,0,0,1
50997,145,438,0,0,1
51059,145,438,0,0,1
51137,145,438,0,0,1
51200,145,436,1,0,1
51278,145,432,1,0,1
51356,145,430,1,0,1
51418,145,430,1,0,1
51480,145,428,1,0,1
51558,145,426,1,0,1
51621,145,426,1,0,1
51699,139,414,1,0,1
51777,135,408,1,0,1
51855,135,406,1,0,1
51917,133,406,1,0,1
52026,135,406,1,0,1
52120,135,408,1,0,1
52182,137,410,1,0,1
52260,137,410,1,0,1
52323,137,410,1,0,1
52401,137,412,1,0,1
52463,137,412,0,0,1
52541,165,402,0,0,1
52619,337,342,0,0,1
52682,517,264,0,0,1
52760,573,236,0,0,1
52822,587,220,0,0,1
52900,601,200,0,0,1
52962,617,194,0,0,1
53040,643,180,0,0,1
53103,669,168,0,0,1
53181,691,156,0,0,1
53243,699,150,0,0,1
53321,709,144,0,0,1
53384,711,142,0,0,1
53462,711,142,0,0,1
53524,711,140,0,0,1
53602,707,140,0,0,1
53664,701,140,0,0,1
53742,697,140,0,0,1
53820,697,138,0,0,1
53883,695,138,0,0,1
53961,695,136,0,0,1
54023,693,136,0,0,1
54101,689,134,0,0,1
54164,683,132,0,0,1
54242,677,128,0,0,1
54304,673,124,0,0,1
54382,671,124,0,0,1
54444,669,122,0,0,1
54522,669,122,0,0,1
54585,669,122,0,0,1
54663,669,122,0,0,1
54741,669,122,0,0,1
54803,669,122,0,0,1
54881,669,122,0,0,1
54944,667,122,0,0,1
55022,665,122,0,0,1
55084,665,122,0,0,1
55162,665,120,0,0,1
55224,665,120,0,0,1
55302,665,118,0,0,1
55365,665,116,0,0,1
55443,661,114,0,0,1
55521,657,110,0,0,1
55583,653,106,0,0,1
55661,647,104,0,0,1
55739,645,102,0,0,1
55817,641,100,0,0,1
55880,639,98,0,0,1
55958,635,94,0,0,1
56020,631,92,0,0,1
56098,629,92,0,0,1
56160,627,90,0,0,1
56238,625,90,0,0,1
56301,623,90,0,0,1
56379,619,90,0,0,1
56441,585,106,0,0,1
56519,419,208,0,0,1
56582,325,252,0,0,1
56660,275,260,0,0,1
56722,251,260,0,0,1
56800,245,260,0,0,1
56862,245,258,0,0,1
56940,245,258,0,0,1
57003,245,256,0,0,1
57081,245,248,0,0,1
57143,245,246,0,0,1
57221,245,246,0,0,1
57284,243,246,0,0,1
57362,241,246,0,0,1
57440,239,246,0,0,1
57502,239,246,0,0,1
57580,237,246,0,0,1
57643,237,248,0,0,1
57705,237,248,0,0,1
57783,237,250,0,0,1
57845,235,258,0,0,1
57923,235,260,0,0,1
58001,233,260,0,0,1
58064,233,260,0,0,1
58142,233,262,0,0,1
58204,227,264,0,0,1
58282,203,292,0,0,1
58345,161,352,0,0,1
58423,127,394,0,0,1
58485,119,404,0,0,1
58563,119,404,0,0,1
58625,119,404,0,0,1
58703,125,404,0,0,1
58766,135,402,0,0,1
58844,143,400,0,0,1
58906,149,398,0,0,1
58984,153,396,0,0,1
59047,157,396,0,0,1
59125,163,396,0,0,1
59187,167,394,0,0,1
59265,175,392,0,0,1
59327,183,392,0,0,1
59405,187,390,0,0,1
59483,191,390,0,0,1
59546,195,388,0,0,1
59608,207,388,0,0,1
59686,213,386,0,0,1
59749,217,386,0,0,1
59827,219,386,0,0,1
59889,221,384,0,0,1
59967,225,382,0,0,1
60029,233,376,0,0,1
60107,241,372,0,0,1
60170,241,372,0,0,1
60248,237,374,0,0,1
60310,223,382,0,0,1
60388,223,382,0,0,1
60451,223,378,0,0,1
60529,213,376,0,0,1
60591,159,366,0,0,1
60669,143,364,0,0,1
60731,143,364,0,0,1
60809,145,364,0,0,1
60872,151,362,0,0,1
60950,165,352,0,0,1
61028,177,344,0,0,1
61106,185,340,0,0,1
61168,187,338,0,0,1
61246,187,338,0,0,1
61309,185,340,0,0,1
61387,181,340,0,0,1
61449,179,340,0,0,1
61527,175,340,0,0,1
61589,169,340,0,0,1
61667,169,340,0,0,1
61730,169,328,0,0,1
61808,183,288,0,0,1
61870,195,260,0,0,1
61948,207,232,0,0,1
62011,211,202,0,0,1
62089,199,186,0,0,1
62151,189,182,0,0,1
62229,189,182,0,0,1
62291,189,182,0,0,1
62369,191,182,0,0,1
62432,197,182,0,0,1
62510,201,182,0,0,1
62572,205,184,0,0,1
62650,209,186,0,0,1
62713,213,186,0,0,1
62791,215,186,0,0,1
62853,225,184,0,0,1
62931,231,184,0,0,1
62993,239,182,0,0,1
63071,243,182,0,0,1
63134,251,182,0,0,1
63212,255,182,0,0,1
63274,259,186,0,0,1
63352,269,200,0,0,1
63430,301,256,0,0,1
63493,313,284,0,0,1
63571,315,290,0,0,1
63633,311,294,0,0,1
63711,303,306,0,0,1
63773,299,310,0,0,1
63851,299,310,0,0,1
63914,299,312,0,0,1
63992,299,312,0,0,1
64054,301,312,0,0,1
64132,303,312,0,0,1
64195,303,314,0,0,1
64273,305,314,0,0,1
64335,305,314,0,0,1
64413,305,314,0,0,1
64475,307,316,0,0,1
64553,307,316,0,0,1
64616,309,316,0,0,1
64694,311,316,0,0,1
64756,313,318,0,0,1
64834,315,320,0,0,1
64897,319,320,0,0,1
64975,337,306,0,0,1
65037,357,260,0,0,1
65115,363,246,0,0,1
65177,363,246,0,0,1
65255,363,250,0,0,1
65318,361,254,0,0,1
65396,363,266,0,0,1
65458,371,272,0,0,1
65536,375,274,0,0,1
65614,409,276,0,0,1
65677,455,274,0,0,1
65755,481,272,0,0,1
65817,523,268,0,0,1
65895,569,260,0,0,1
65957,591,246,0,0,1
66035,603,232,0,0,1
66113,611,224,0,0,1
66176,611,220,0,0,1
66254,611,214,0,0,1
66316,611,208,1,0,1
66394,609,196,1,0,1
66457,603,168,1,0,1
66535,601,152,1,0,1
66597,601,142,1,0,1
66675,603,138,1,0,1
66737,605,136,1,0,1
66815,607,136,1,0,1
66878,607,136,1,0,1
66956,609,136,1,0,1
67034,611,136,1,0,1
67096,611,136,1,0,1
67174,609,146,1,0,1
67237,607,162,1,0,1
67315,607,182,1,0,1
67377,605,196,1,0,1
67455,605,204,1,0,1
67517,609,218,1,0,1
67595,615,242,1,0,1
67673,627,256,1,0,1
67736,631,258,1,0,1
67814,637,260,0,0,1
67876,663,264,0,0,1
67954,677,260,0,0,1
68017,691,256,0,0,1
68095,701,252,0,0,1
68157,707,248,0,0,1
68235,713,246,0,0,1
68297,719,244,0,0,1
68375,723,244,0,0,1
68438,727,244,0,0,1
68516,731,244,0,0,1
68578,733,248,0,0,1
68656,735,250,0,0,1
68719,737,252,0,0,1
68797,739,256,0,0,1
68875,739,262,0,0,1
68937,717,302,0,0,1
69015,651,368,0,0,1
69077,581,388,0,0,1
69155,565,388,0,0,1
69218,555,388,0,0,1
69296,551,386,0,0,1
69358,549,386,0,0,1
69436,541,384,0,0,1
69499,537,382,0,0,1
69577,527,378,0,0,1
69639,517,374,0,0,1
69717,509,370,0,0,1
69779,501,366,0,0,1
69857,487,362,0,0,1
69920,473,356,0,0,1
69998,465,356,0,0,1
70060,459,354,0,0,1
70138,451,352,0,0,1
70201,451,352,0,0,1
70279,451,352,0,0,1
70341,457,352,0,0,1
70419,465,356,0,0,1
70481,465,358,0,0,1
70559,465,354,0,0,1
70637,451,316,0,0,1
70700,445,304,0,0,1
70778,445,304,0,0,1
70840,445,304,0,0,1
70918,445,310,0,0,1
70981,485,344,0,0,1
71059,593,370,0,0,1
71121,639,364,0,0,1
71199,649,354,0,0,1
71277,673,334,0,0,1
71339,689,324,0,0,1
71417,691,322,0,0,1
71480,667,330,0,0,1
71558,533,410,0,0,1
71636,463,460,0,0,1
71698,443,466,0,0,1
71776,431,468,0,0,1
71839,389,440,0,0,1
71917,337,394,0,0,1
71979,313,372,0,0,1
72057,293,350,0,0,1
72119,275,330,0,0,1
72197,263,318,0,0,1
72260,257,308,0,0,1
72338,255,300,0,0,1
72400,253,296,0,0,1
72478,253,296,0,0,1
72541,253,296,0,0,1
72619,225,288,0,0,1
72681,199,280,0,0,1
72759,187,278,0,0,1
72821,179,276,0,0,1
72899,175,276,0,0,1
72962,173,274,0,0,1
73040,169,274,0,0,1
73102,155,274,0,0,1
73180,141,272,0,0,1
73243,137,276,0,0,1
73321,127,318,0,0,1
73399,139,342,0,0,1
73461,155,342,0,0,1
73539,183,342,0,0,1
73601,195,338,0,0,1
73679,199,338,0,0,1
73742,207,336,0,0,1
73820,213,336,0,0,1
73882,227,334,0,0,1
73960,235,334,0,0,1
74038,243,332,0,0,1
74101,249,332,0,0,1
74179,255,332,0,0,1
74241,259,330,0,0,1
74319,261,328,0,0,1
74381,263,320,0,0,1
74459,271,306,0,0,1
74522,275,296,0,0,1
74600,283,282,0,0,1
74662,289,272,0,0,1
74740,291,270,0,0,1
74803,293,270,0,0,1
74881,293,270,0,0,1
74943,293,272,0,0,1
75021,293,274,0,0,1
75083,293,294,0,0,1
75161,295,320,0,0,1
75239,311,338,0,0,1
75302,349,354,0,0,1
75380,387,358,0,0,1
75442,423,360,0,0,1
75520,453,362,0,0,1
75583,455,362,0,0,1
75661,455,362,0,0,1
75723,455,362,0,0,1
75801,467,362,0,0,1
75879,487,354,0,0,1
75941,497,348,0,0,1
76004,515,354,0,0,1
76082,545,386,0,0,1
76160,575,416,0,0,1
76222,587,432,0,0,1
76300,597,448,0,0,1
76363,599,452,0,0,1
76441,603,454,0,0,1
76503,603,456,0,0,1
76581,603,456,0,0,1
76643,603,464,0,0,1
76721,603,466,0,0,1
76784,601,472,0,0,1
76862,595,478,0,0,1
76924,593,480,0,0,1
77002,579,492,0,0,1
77080,573,500,0,0,1
77143,573,502,0,0,1
77205,571,504,0,0,1
77283,567,512,0,0,1
77361,565,518,0,0,1
77423,565,518,0,0,1
77486,563,518,0,0,1
77564,563,516,0,0,1
77642,601,446,0,0,1
77704,615,412,0,0,1
77782,621,394,0,0,1
77845,625,386,0,0,1
77923,625,384,0,0,1
77985,625,382,0,0,1
78063,625,380,0,0,1
78125,611,348,0,0,1
78203,607,344,0,0,1
78266,573,334,0,0,1
78344,521,314,0,0,1
78406,485,290,0,0,1
78484,483,290,0,0,1
78547,483,294,0,0,1
78625,487,294,0,0,1
78687,495,298,0,0,1
78765,501,300,0,0,1
78827,511,302,0,0,1
78905,517,298,0,0,1
78983,517,298,0,0,1
79046,519,298,0,0,1
79108,519,298,0,0,1
79186,519,296,0,0,1
79264,519,296,0,0,1
79327,519,296,0,0,1
79405,519,296,0,0,1
79467,519,296,0,0,1
79545,519,296,0,0,1
79607,519,292,0,0,1
79685,519,288,0,0,1
79748,515,286,0,0,1
79826,515,286,0,0,1
79888,513,284,0,0,1
79966,513,284,0,0,1
80029,509,282,0,0,1
80107,509,282,0,0,1
80185,551,272,0,0,1
80247,571,262,0,0,1
80325,575,260,0,0,1
80387,599,246,0,0,1
80465,609,238,0,0,1
80528,609,238,0,0,1
80606,609,238,0,0,1
80668,609,238,0,0,1
80746,603,238,0,0,1
80809,589,248,0,0,1
80887,581,258,0,0,1
80949,579,260,0,0,1
81027,577,266,0,0,1
81089,577,282,0,0,1
81167,577,282,0,0,1
81230,577,284,0,0,1
81308,571,288,0,0,1
81370,565,294,0,0,1
81448,563,294,0,0,1
81511,543,298,0,0,1
81589,531,300,0,0,1
81651,531,300,0,0,1
81729,531,300,0,0,1
81791,531,300,0,0,1
81869,531,300,0,0,1
81947,533,300,0,0,1
82010,533,300,0,0,1
82072,533,300,0,0,1
82150,533,300,0,0,1
82213,533,300,0,0,1
82291,533,300,0,0,1
82369,533,300,0,0,1
82431,533,300,0,0,1
82509,533,300,0,0,1
82571,533,300,0,0,1
82649,533,300,0,0,1
82712,533,300,0,0,1
82790,533,300,0,0,1
82852,533,300,0,0,1
82930,533,300,0,0,1
83008,533,300,0,0,1
83071,533,300,0,0,1
83149,455,320,0,0,1
83211,257,322,0,0,1
83273,159,308,0,0,1
83351,107,310,0,0,1
83429,89,312,0,0,1
83492,91,308,0,0,1
83570,99,306,0,0,1
83632,101,304,0,0,1
83710,111,302,0,0,1
83773,143,286,0,0,1
83851,155,264,0,0,1
83913,161,254,0,0,1
83991,179,246,0,0,1
84053,191,242,0,0,1
84131,199,242,0,0,1
84194,213,250,0,0,1
84272,221,250,0,0,1
84334,237,258,0,0,1
84412,255,268,0,0,1
84475,263,266,0,0,1
84553,279,270,0,0,1
84615,285,270,0,0,1
84693,289,270,0,0,1
84755,297,274,0,0,1
84833,305,276,0,0,1
84896,321,284,0,0,1
84974,335,292,0,0,1
85036,355,308,0,0,1
85114,367,318,0,0,1
85177,387,336,0,0,1
85255,401,344,0,0,1
85317,415,350,0,0,1
85395,419,352,0,0,1
85473,419,352,0,0,1
85535,423,354,0,0,1
85613,425,354,0,0,1
85676,427,356,0,0,1
85754,435,356,0,0,1
85816,441,356,0,0,1
85894,445,358,0,0,1
85957,447,358,0,0,1
86035,451,358,0,0,1
86097,453,358,0,0,1
86175,457,358,0,0,1
86253,467,354,0,0,1
86315,475,354,0,0,1
86393,479,352,0,0,1
86456,487,352,0,0,1
86534,501,350,0,0,1
86612,517,348,0,0,1
86690,537,346,0,0,1
86752,553,342,0,0,1
86830,573,340,0,0,1
86893,591,336,0,0,1
86971,605,332,0,0,1
87033,621,326,0,0,1
87111,639,310,0,0,1
87173,655,294,0,0,1
87251,663,288,0,0,1
87314,663,288,0,0,1
87392,651,288,0,0,1
87454,545,314,0,0,1
87532,433,330,0,0,1
87610,411,332,0,0,1
87673,405,334,0,0,1
87751,405,334,0,0,1
87813,405,334,0,0,1
87891,405,334,0,0,1
87953,411,336,0,0,1
88031,429,350,0,0,1
88094,445,366,0,0,1
88172,457,376,0,0,1
88234,467,384,0,0,1
88312,475,390,0,0,1
88375,485,396,0,0,1
88453,505,402,0,0,1
88531,525,404,0,0,1
88593,541,404,0,0,1
88671,557,406,0,0,1
88734,579,394,0,0,1
88812,593,350,0,0,1
88874,595,340,0,0,1
88952,593,340,0,0,1
89014,589,338,0,0,1
89092,581,338,0,0,1
89155,567,338,0,0,1
89233,561,340,0,0,1
89295,553,340,0,0,1
89373,545,342,0,0,1
89436,537,342,0,0,1
89514,527,342,0,0,1
89576,519,342,0,0,1
89654,519,340,0,0,1
89716,519,340,0,0,1
89794,519,340,0,0,1
89857,517,344,0,0,1
89935,511,356,0,0,1
90013,503,368,0,0,1
90075,493,376,0,0,1
90153,487,378,0,0,1
90216,485,378,0,0,1
90294,481,378,0,0,1
90356,473,376,0,0,1
90434,457,368,0,0,1
90496,445,362,0,0,1
90574,435,358,0,0,1
90637,425,352,0,0,1
90715,419,350,0,0,1
90777,413,346,0,0,1
90855,409,344,0,0,1
90918,405,344,0,0,1
90996,403,342,0,0,1
91058,395,348,0,0,1
91136,381,366,0,0,1
91198,371,386,0,0,1
91276,367,398,0,0,1
91339,363,404,0,0,1
91417,363,404,0,0,1
91479,357,376,0,0,1
91557,351,344,0,0,1
91620,351,326,0,0,1
91698,351,322,0,0,1
91760,355,322,0,0,1
91838,379,356,0,0,1
91916,405,394,0,0,1
91978,423,418,0,0,1
92056,445,442,0,0,1
92119,455,448,0,0,1
92197,469,450,0,0,1
92259,481,448,0,0,1
92337,503,440,0,0,1
92400,523,426,0,0,1
92478,527,384,0,0,1
92540,515,356,0,0,1
92618,505,348,0,0,1
92696,489,338,0,0,1
92758,465,330,0,0,1
92836,425,326,0,0,1
92899,401,326,0,0,1
92977,375,328,0,0,1
93039,359,330,0,0,1
93117,351,332,0,0,1
93180,345,334,0,0,1
93258,341,336,0,0,1
93320,339,338,0,0,1
93398,337,338,0,0,1
93460,335,338,0,0,1
93538,335,340,0,0,1
93601,335,340,0,0,1
93679,335,340,0,0,1
93741,337,340,0,0,1
93819,355,342,0,0,1
93882,381,344,0,0,1
93960,393,344,0,0,1
94022,403,354,0,0,1
94100,425,382,0,0,1
94162,435,398,0,0,1
94240,437,404,0,0,1
94303,425,410,0,0,1
94381,407,420,0,0,1
94443,389,426,0,0,1
94521,375,430,0,0,1
94599,363,434,0,0,1
94662,351,436,0,0,1
94740,341,438,0,0,1
94802,331,438,0,0,1
94880,325,438,0,0,1
94958,325,438,0,0,1
95020,323,438,0,0,1
95098,325,438,0,0,1
95161,339,438,0,0,1
95223,375,440,0,0,1
95301,413,444,0,0,1
95379,447,446,0,0,1
95442,477,450,0,0,1
95520,501,454,0,0,1
95582,529,456,0,0,1
95660,555,456,0,0,1
95738,573,456,0,0,1
95800,585,454,0,0,1
95878,591,450,0,0,1
95941,599,446,0,0,1
96019,609,428,0,0,1
96081,611,400,0,0,1
96159,593,360,0,0,1
96222,567,334,0,0,1
96300,541,316,0,0,1
96362,529,310,0,0,1
96440,525,308,0,0,1
96502,523,304,0,0,1
96580,521,302,0,0,1
96643,519,300,0,0,1
96721,519,298,0,0,1
96799,519,298,0,0,1
96861,519,298,0,0,1
96955,519,298,0,0,1
97017,519,298,0,0,1
97095,531,308,0,0,1
97173,549,330,0,0,1
97236,563,344,0,0,1
97314,569,354,0,0,1
97376,575,368,0,0,1
97454,583,384,0,0,1
97516,591,396,0,0,1
97594,599,410,0,0,1
97657,607,420,0,0,1
97735,617,432,0,0,1
97797,625,438,0,0,1
97875,629,442,0,0,1
97938,635,444,0,0,1
98016,639,444,0,0,1
98078,643,442,0,0,1
98156,649,434,0,0,1
98218,655,420,0,0,1
98296,659,396,0,0,1
98359,659,378,0,0,1
98437,659,364,0,0,1
98499,655,346,0,0,1
98577,643,324,0,0,1
98640,631,298,0,0,1
98718,613,272,0,0,1
98780,597,252,0,0,1
98858,587,240,0,0,1
98936,583,238,0,0,1
98998,577,236,0,0,1
99076,555,238,0,0,1
99139,525,258,0,0,1
99217,513,286,0,0,1
99279,519,328,0,0,1
99357,529,356,0,0,1
99420,537,382,0,0,1
99498,537,402,0,0,1
99560,539,418,0,0,1
99638,533,430,0,0,1
99700,523,442,0,0,1
99778,511,454,0,0,1
99856,499,466,0,0,1
99919,481,482,0,0,1
99997,465,492,0,0,1
100059,453,496,0,0,1
100137,437,500,0,0,1
100200,421,500,0,0,1
100278,401,500,0,0,1
100356,383,498,0,0,1
100418,377,498,0,0,1
100496,377,498,0,0,1
100558,379,498,0,0,1
100636,393,502,0,0,1
100699,405,506,0,0,1
100777,421,510,0,0,1
100839,427,510,0,0,1
100917,431,512,0,0,1
100980,437,514,0,0,1
101058,447,516,0,0,1
101120,469,518,0,0,1
101198,513,488,0,0,1
101260,573,430,0,0,1
101338,597,402,0,0,1
101401,599,392,0,0,1
101479,593,388,0,0,1
101541,579,384,0,0,1
101619,559,380,0,0,1
101682,549,378,0,0,1
101760,541,376,0,0,1
101838,537,374,0,0,1
101900,531,372,0,0,1
101962,523,366,0,0,1
102040,519,364,0,0,1
102118,513,362,0,0,1
102196,505,360,0,0,1
102259,505,360,0,0,1
102337,505,360,0,0,1
102399,505,358,0,0,1
102477,513,324,0,0,1
102540,515,266,0,0,1
102618,515,232,0,0,1
102696,507,216,0,0,1
102758,501,208,0,0,1
102836,497,204,0,0,1
102898,497,204,0,0,1
102976,497,214,0,0,1
103039,497,236,0,0,1
103117,497,236,0,0,1
103179,495,236,0,0,1
103257,491,236,0,0,1
103320,487,240,0,0,1
103398,483,250,0,0,1
103460,477,260,0,0,1
103538,467,266,0,0,1
103616,465,264,0,0,1
103678,439,208,0,0,1
103756,415,134,0,0,1
103819,405,114,0,0,1
103897,395,102,0,0,1
103959,385,92,0,0,1
104037,383,90,0,0,1
104100,383,90,0,0,1
104178,381,96,0,0,1
104240,375,126,0,0,1
104318,367,144,0,0,1
104380,357,160,0,0,1
104458,351,176,0,0,1
104521,345,190,0,0,1
104599,345,214,0,0,1
104661,349,230,0,0,1
104739,349,248,0,0,1
104802,351,268,0,0,1
104880,343,292,0,0,1
104942,333,318,0,0,1
105020,329,334,0,0,1
105082,325,350,0,0,1
105160,323,364,0,0,1
105223,321,380,0,0,1
105301,319,396,0,0,1
105363,317,406,0,0,1
105441,313,414,0,0,1
105504,309,418,0,0,1
105582,307,424,0,0,1
105644,305,430,0,0,1
105722,303,436,0,0,1
105784,303,436,0,0,1
105862,303,436,0,0,1
105925,319,402,0,0,1
106003,363,322,0,0,1
106065,387,284,0,0,1
106143,393,266,0,0,1
106221,399,244,0,0,1
106284,409,220,0,0,1
106362,423,182,0,0,1
106424,433,164,0,0,1
106502,435,162,0,0,1
106564,435,162,0,0,1
106642,435,162,0,0,1
106705,435,164,0,0,1
106783,435,168,0,0,1
106845,431,178,0,0,1
106923,431,184,0,0,1
106986,429,188,0,0,1
107064,427,194,0,0,1
107126,425,200,0,0,1
107204,423,206,0,0,1
107282,421,210,0,0,1
107344,419,216,0,0,1
107422,417,218,0,0,1
107485,417,220,0,0,1
107563,417,220,0,0,1
107625,417,220,0,0,1
107703,417,220,0,0,1
107766,417,220,0,0,1
107844,417,218,0,0,1
107922,423,212,0,0,1
107984,433,200,0,0,1
108062,439,190,0,0,1
108124,443,184,0,0,1
108202,443,184,0,0,1
108280,439,184,0,0,1
108343,433,190,0,0,1
108421,427,192,0,0,1
108483,425,198,0,0,1
108561,419,204,0,0,1
108624,411,226,0,0,1
108702,401,250,0,0,1
108764,397,260,0,0,1
108842,395,268,0,0,1
108904,393,272,0,0,1
108982,391,278,0,0,1
109045,389,286,0,0,1
109123,385,290,0,0,1
109185,381,292,0,0,1
109263,369,294,0,0,1
109326,361,296,0,0,1
109404,361,292,0,0,1
109466,357,264,0,0,1
109544,355,260,0,0,1
109606,355,260,0,0,1
109684,355,262,0,0,1
109747,363,262,0,0,1
109825,395,250,0,0,1
109903,397,248,0,0,1
109981,375,276,0,0,1
110043,347,320,0,0,1
110121,341,344,0,0,1
110184,341,356,0,0,1
110262,353,350,0,0,1
110324,385,318,0,0,1
110402,389,308,0,0,1
110480,389,308,0,0,1
110542,389,308,0,0,1
110620,397,296,0,0,1
110683,427,254,0,0,1
110761,435,246,0,0,1
110823,437,242,0,0,1
110901,437,242,0,0,1
110979,439,240,0,0,1
111042,441,240,0,0,1
111120,449,242,0,0,1
111182,463,246,0,0,1
111260,475,246,0,0,1
111322,479,246,0,0,1
111400,479,246,0,0,1
111463,479,246,0,0,1
111541,475,246,0,0,1
111619,467,244,0,0,1
111681,453,240,0,0,1
111759,443,238,0,0,1
111822,443,238,0,0,1
111900,475,244,0,0,1
111962,493,256,0,0,1
112040,487,274,0,0,1
112118,475,296,0,0,1
112180,473,298,0,0,1
112258,457,264,0,0,1
112336,431,224,0,0,1
112399,431,218,0,0,1
112477,437,218,0,0,1
112555,463,254,0,0,1
112617,483,278,0,0,1
112695,491,282,0,0,1
112758,495,260,0,0,1
112820,495,200,0,0,1
112898,481,174,0,0,1
112960,459,146,0,0,1
113038,439,130,0,0,1
113101,437,124,0,0,1
113179,435,124,0,0,1
113241,435,146,0,0,1
113319,441,182,0,0,1
113382,451,208,0,0,1
113460,465,236,0,0,1
113522,499,276,0,0,1
113600,515,292,0,0,1
113662,515,290,0,0,1
113740,495,246,0,0,1
113803,461,180,0,0,1
113881,437,146,0,0,1
113959,415,116,0,0,1
114021,401,98,0,0,1
114099,397,94,0,0,1
114162,397,102,0,0,1
114240,397,152,0,0,1
114318,397,198,0,0,1
114380,401,232,0,0,1
114458,405,260,0,0,1
114520,423,288,0,0,1
114598,449,310,0,0,1
114661,481,320,0,0,1
114739,499,314,0,0,1
114801,503,272,0,0,1
114879,477,204,0,0,1
114942,447,158,0,0,1
115020,425,126,0,0,1
115082,403,100,0,0,1
115160,397,100,0,0,1
115222,377,130,0,0,1
115300,367,186,0,0,1
115378,365,226,0,0,1
115441,373,270,0,0,1
115519,379,284,0,0,1
115581,379,272,0,0,1
115659,373,232,0,0,1
115722,371,210,0,0,1
115800,371,206,0,0,1
115862,369,204,0,0,1
115940,369,218,0,0,1
116018,371,258,0,0,1
116080,375,280,0,0,1
116158,379,306,0,0,1
116221,381,318,0,0,1
116299,383,330,0,0,1
116361,383,330,0,0,1
116439,383,322,0,0,1
116502,383,320,0,0,1
116580,385,322,0,0,1
116642,407,350,0,0,1
116720,415,366,0,0,1
116782,421,374,0,0,1
116860,423,374,0,0,1
116923,423,372,0,0,1
117001,425,372,0,0,1
117063,427,370,0,0,1
117141,431,370,0,0,1
117204,433,370,0,0,1
117282,433,370,0,0,1
117360,433,370,0,0,1
117438,433,370,0,0,1
117500,433,370,0,0,1
117578,433,370,0,0,1
117672,431,370,0,0,1
117734,423,370,0,0,1
117812,415,372,0,0,1
117874,409,374,0,0,1
117952,407,374,0,0,1
118030,405,374,0,0,1
118093,401,374,0,0,1
118171,399,374,0,0,1
118233,385,360,0,0,1
118311,377,352,0,0,1
118374,377,352,0,0,1
118452,383,352,0,0,1
118530,391,348,0,0,1
118592,409,342,0,0,1
118670,417,338,0,0,1
118748,409,330,0,0,1
118810,347,300,0,0,1
118888,319,294,0,0,1
118951,321,294,0,0,1
119029,367,328,0,0,1
119091,411,388,0,0,1
119169,431,458,0,0,1
119232,427,482,0,0,1
119310,421,506,0,0,1
119372,421,512,0,0,1
119450,421,512,0,0,1
119528,421,510,0,0,1
119591,421,510,0,0,1
119669,421,510,0,0,1
119731,421,510,0,0,1
119809,421,506,0,0,1
119871,421,454,0,0,1
119949,431,424,0,0,1
120012,435,422,0,0,1
120090,437,424,0,0,1
120168,447,458,0,0,1
120230,451,464,0,0,1
120308,451,466,0,0,1
120371,451,466,0,0,1
120449,453,464,0,0,1
120511,453,464,0,0,1
120589,453,464,0,0,1
120651,453,462,0,0,1
120729,459,452,0,0,1
120792,463,432,0,0,1
120870,465,408,0,0,1
120932,467,400,0,0,1
121010,469,398,0,0,1
121073,473,396,0,0,1
121151,479,394,0,0,1
121213,485,392,0,0,1
121291,493,388,0,0,1
121369,503,380,0,0,1
121447,513,370,0,0,1
121509,523,358,0,0,1
121587,527,354,0,0,1
121650,527,354,0,0,1
121728,523,354,0,0,1
121790,521,356,0,0,1
121868,521,356,0,0,1
121931,521,356,0,0,1
122009,521,358,0,0,1
122071,521,358,0,0,1
122149,521,358,0,0,1
122211,521,358,0,0,1
122289,521,358,0,0,1
122352,445,358,0,0,1
122430,257,360,0,0,1
122492,175,350,0,0,1
122570,129,346,0,0,1
122648,133,346,0,0,1
122711,165,344,0,0,1
122789,199,346,0,0,1
122851,205,346,0,0,1
122929,213,346,0,0,1
122991,227,338,0,0,1
123069,237,336,0,0,1
123132,245,334,0,0,1
123210,249,334,0,0,1
123272,253,334,0,0,1
123350,259,332,0,0,1
123413,261,332,0,0,1
123491,263,332,0,0,1
123553,263,332,0,0,1
123631,263,332,0,0,1
123693,263,332,0,0,1
123771,263,332,0,0,1
123834,261,332,0,0,1
123912,229,316,0,0,1
123974,195,302,0,0,1
124052,183,300,0,0,1
124115,183,300,0,0,1
124193,189,300,0,0,1
124271,207,304,0,0,1
124333,217,304,0,0,1
124411,225,304,0,0,1
124473,229,304,0,0,1
124536,231,306,0,0,1
124614,231,306,0,0,1
124692,231,306,0,0,1
124754,231,306,0,0,1
124832,231,306,0,0,1
124895,231,304,0,0,1
124973,219,284,0,0,1
125035,189,230,0,0,1
125113,163,192,0,0,1
125175,149,172,0,0,1
125253,147,166,0,0,1
125316,145,154,0,0,1
125394,143,146,0,0,1
125472,139,136,0,0,1
125534,137,130,0,0,1
125612,133,120,0,0,1
125675,127,108,1,0,1
125737,125,102,1,0,1
125815,121,96,1,0,1
125893,121,96,1,0,1
125955,121,96,1,0,1
126033,121,96,1,0,1
126096,121,100,0,0,1
126174,193,146,0,0,1
126236,307,190,0,0,1
126314,345,194,0,0,1
126392,347,194,0,0,1
126455,347,196,0,0,1
126533,357,204,0,0,1
126595,385,216,0,0,1
126673,443,226,0,0,1
126751,513,244,0,0,1
126813,549,260,0,0,1
126891,579,304,0,0,1
126954,631,398,0,0,1
127032,639,430,0,0,1
127094,633,430,0,0,1
127172,611,408,0,0,1
127235,601,400,0,0,1
127313,583,388,0,0,1
127375,573,384,0,0,1
127453,567,382,0,0,1
127515,557,382,0,0,1
127593,543,380,0,0,1
127656,531,380,0,0,1
127734,523,378,0,0,1
127812,519,378,0,0,1
127874,515,378,0,0,1
127952,511,378,0,0,1
128015,501,382,0,0,1
128093,495,384,0,0,1
128155,493,384,0,0,1
128233,493,386,0,0,1
128295,501,368,0,0,1
128373,493,312,0,0,1
128436,459,290,0,0,1
128514,433,286,0,0,1
128576,421,286,0,0,1
128654,407,278,0,0,1
128732,395,270,0,0,1
128795,395,266,0,0,1
128873,431,248,0,0,1
128935,453,230,0,0,1
129013,459,226,0,0,1
129075,463,224,0,0,1
129153,471,220,0,0,1
129216,479,216,0,0,1
129294,483,212,0,0,1
129356,485,212,0,0,1
129434,485,212,0,0,1
129497,485,212,0,0,1
129575,487,212,0,0,1
129637,489,212,0,0,1
129715,489,212,0,0,1
129777,489,212,0,0,1
129855,489,212,0,0,1
129918,479,216,0,0,1
129996,341,236,0,0,1
130058,157,262,0,0,1
130136,151,262,0,0,1
130214,159,264,0,0,1
130277,177,268,0,0,1
130355,211,282,0,0,1
130417,231,286,0,0,1
130495,241,288,0,0,1
130557,251,288,0,0,1
130635,257,288,0,0,1
130698,263,290,0,0,1
130776,269,292,0,0,1
130838,273,294,0,0,1
130916,275,296,0,0,1
130979,275,296,0,0,1
131057,275,296,0,0,1
131119,275,296,0,0,1
131197,275,296,0,0,1
131259,275,296,0,0,1
131337,275,296,0,0,1
131400,275,296,0,0,1
131478,275,296,0,0,1
131556,275,296,0,0,1
131618,275,296,0,0,1
131696,275,296,0,0,1
131759,289,302,0,0,1
131837,301,306,0,0,1
131899,303,306,0,0,1
131977,305,306,0,0,1
132039,307,306,0,0,1
132117,309,306,0,0,1
132180,311,306,0,0,1
132258,315,306,0,0,1
132320,317,306,0,0,1
132398,319,306,0,0,1
132461,325,304,0,0,1
132523,331,302,0,0,1
132601,337,302,0,0,1
132679,347,302,0,0,1
132741,429,324,0,0,1
132819,575,352,0,0,1
132897,603,352,0,0,1
132975,603,352,0,0,1
133038,597,348,0,0,1
133116,581,342,0,0,1
133178,563,340,0,0,1
133256,555,338,0,0,1
133319,549,338,0,0,1
133397,543,338,0,0,1
133459,535,338,0,0,1
133537,531,338,0,0,1
133599,527,338,0,0,1
133677,523,340,0,0,1
133740,509,368,0,0,1
133818,503,384,0,0,1
133880,501,384,0,0,1
133958,497,382,0,0,1
134036,491,370,0,0,1
134099,487,368,0,0,1
134177,471,368,0,0,1
134239,459,370,0,0,1
134317,447,370,0,0,1
134379,441,370,0,0,1
134457,435,370,0,0,1
134520,431,370,0,0,1
134598,427,370,0,0,1
134660,427,370,0,0,1
134738,427,368,0,0,1
134816,425,364,0,0,1
134879,415,358,0,0,1
134957,405,356,0,0,1
135019,395,356,0,0,1
135097,391,356,0,0,1
135159,389,356,0,0,1
135237,381,352,0,0,1
135300,355,324,0,0,1
135378,321,288,0,0,1
135440,315,274,0,0,1
135518,313,272,0,0,1
135596,295,266,0,0,1
135659,275,252,0,0,1
135737,265,246,0,0,1
135799,259,242,0,0,1
135877,259,242,0,0,1
135955,261,240,0,0,1
136033,329,218,0,0,1
136111,403,178,0,0,1
136173,421,170,0,0,1
136251,421,170,0,0,1
136314,425,182,0,0,1
136392,425,186,0,0,1
136454,413,188,0,0,1
136532,407,190,1,0,1
136595,405,190,1,0,1
136673,405,190,1,0,1
136735,415,188,1,0,1
136813,421,182,1,0,1
136875,423,178,1,0,1
136953,419,178,1,0,1
137016,415,178,0,0,1
137094,415,178,0,0,1
137156,415,178,0,0,1
137234,397,178,0,0,1
137297,377,178,0,0,1
137375,373,182,0,0,1
137437,375,182,0,0,1
137515,407,158,0,0,1
137577,427,124,0,0,1
137655,429,122,0,0,1
137718,433,118,0,0,1
137796,433,118,1,0,1
137858,435,118,1,0,1
137936,439,118,1,0,1
138014,445,118,1,0,1
138077,447,120,1,0,1
138155,449,122,1,0,1
138233,449,124,1,0,1
138295,447,134,1,0,1
138357,447,144,1,0,1
138435,443,152,1,0,1
138498,441,156,1,0,1
138576,443,160,1,0,1
138638,447,164,1,0,1
138716,449,166,1,0,1
138779,449,166,1,0,1
138857,449,166,1,0,1
138935,451,182,1,0,1
138997,451,202,0,0,1
139075,451,214,0,0,1
139137,451,218,0,0,1
139215,449,224,0,0,1
139278,441,226,0,0,1
139356,413,230,0,0,1
139418,391,230,0,0,1
139496,385,238,0,0,1
139559,385,238,0,0,1
139637,385,240,0,0,1
139699,389,248,0,0,1
139777,401,262,0,0,1
139855,409,268,0,0,1
139917,421,278,0,0,1
139995,425,278,0,0,1
140058,425,280,0,0,1
140136,427,280,0,0,1
140198,427,280,0,0,1
140276,427,280,0,0,1
140339,427,284,0,0,1
140417,427,292,0,0,1
140479,427,292,0,0,1
140557,411,286,0,0,1
140619,367,266,0,0,1
140697,347,246,0,0,1
140760,327,230,0,0,1
140838,269,186,0,0,1
140900,219,154,0,0,1
140978,171,118,0,0,1
141041,147,106,0,0,1
141119,145,106,0,0,1
141181,145,106,0,0,1
141259,165,130,0,0,1
141321,199,178,0,0,1
141399,221,218,0,0,1
141462,229,250,0,0,1
141540,241,278,0,0,1
141602,263,296,0,0,1
141680,323,314,0,0,1
141743,405,314,0,0,1
141821,437,312,0,0,1
141883,443,312,0,0,1
141961,447,316,0,0,1
142023,447,320,0,0,1
142101,427,330,0,0,1
142179,413,336,0,0,1
142242,419,336,0,0,1
142320,429,332,0,0,1
142382,435,330,0,0,1
142460,439,328,0,0,1
142523,439,328,0,0,1
142601,453,338,0,0,1
142679,465,344,0,0,1
142741,483,352,0,0,1
142819,485,352,0,0,1
142881,487,352,0,0,1
142959,487,352,0,0,1
143022,489,350,0,0,1
143100,499,350,0,0,1
143162,529,354,0,0,1
143240,517,352,0,0,1
143303,447,332,0,0,1
143381,439,330,0,0,1
143443,439,330,0,0,1
143521,439,330,0,0,1
143599,439,334,1,0,1
143661,447,346,1,0,1
143739,447,348,1,0,1
143802,445,348,1,0,1
143880,441,348,1,0,1
143942,441,348,1,0,1
144020,443,350,1,0,1
144083,459,362,1,0,1
144161,471,372,1,0,1
144223,473,372,0,0,1
144301,473,372,0,0,1
144379,473,372,0,0,1
144441,475,374,0,0,1
144504,483,376,0,0,1
144582,493,378,0,0,1
144644,499,382,0,0,1
144722,499,382,0,0,1
144785,459,382,0,0,1
144863,365,392,0,0,1
144925,363,392,0,0,1
145003,371,394,0,0,1
145065,451,402,0,0,1
145143,483,398,0,0,1
145206,471,398,0,0,1
145284,369,402,0,0,1
145346,337,404,0,0,1
145424,351,402,0,0,1
145487,363,392,0,0,1
145565,297,372,0,0,1
145627,261,370,0,0,1
145705,259,372,0,0,1
145767,343,386,0,0,1
145845,471,390,0,0,1
145908,479,388,0,0,1
145986,477,388,0,0,1
146048,469,388,0,0,1
146126,457,388,0,0,1
146189,451,386,0,0,1
146267,445,382,0,0,1
146329,411,348,0,0,1
146407,383,312,0,0,1
146469,377,306,0,0,1
146547,367,308,0,0,1
146610,351,328,0,0,1
146688,351,340,0,0,1
146750,351,340,0,0,1
146828,353,342,0,0,1
146906,353,342,0,0,1
146969,353,342,0,0,1
147047,353,342,0,0,1
147109,353,342,0,0,1
147187,353,342,0,0,1
147249,353,342,0,0,1
147327,353,342,0,0,1
147390,353,342,0,0,1
147468,353,342,0,0,1
147530,407,370,0,0,1
147608,557,408,0,0,1
147671,583,410,0,0,1
147749,585,410,0,0,1
147811,585,410,0,0,1
147889,585,410,0,0,1
147967,581,402,0,0,1
148029,567,392,0,0,1
148107,551,386,0,0,1
148185,541,382,0,0,1
148263,529,380,0,0,1
148341,515,376,0,0,1
148404,507,376,0,0,1
148497,505,376,0,0,1
148560,505,376,0,0,1
148638,503,376,0,0,1
148716,487,372,0,0,1
148778,441,356,0,0,1
148872,317,280,0,0,1
148934,269,222,0,0,1
149012,251,200,0,0,1
149090,251,200,0,0,1
149168,251,200,0,0,1
149246,153,144,0,0,1
149324,107,86,0,0,1
149402,103,82,0,0,1
149465,101,86,0,0,1
149543,95,112,0,0,1
149621,99,122,0,0,1
149699,99,126,0,0,1
149761,97,128,0,0,1
149839,91,142,1,0,1
149917,89,148,1,0,1
149979,93,156,1,0,1
150057,103,166,1,0,1
150120,105,166,1,0,1
150198,105,164,1,0,1
150260,115,138,1,0,1
150338,123,134,1,0,1
150401,127,134,1,0,1
150479,127,134,1,0,1
150541,127,136,1,0,1
150619,127,140,1,0,1
150697,139,154,1,0,1
150760,147,166,1,0,1
150838,151,168,1,0,1
150900,155,166,1,0,1
150978,175,166,0,0,1
151040,181,164,0,0,1
151118,181,164,0,0,1
151196,181,164,0,0,1
151259,183,164,0,0,1
151337,193,164,0,0,1
151415,195,166,0,0,1
151477,203,176,0,0,1
151555,245,228,0,0,1
151633,281,264,0,0,1
151696,281,264,0,0,1
151774,283,264,0,0,1
151836,285,264,0,0,1
151914,297,260,0,0,1
151976,297,258,0,0,1
152054,309,256,0,0,1
152117,319,254,0,0,1
152195,327,254,0,0,1
152257,335,252,0,0,1
152335,351,248,0,0,1
152413,361,246,0,0,1
152476,371,244,0,0,1
152554,385,240,0,0,1
152616,391,240,0,0,1
152694,395,240,0,0,1
152756,397,240,0,0,1
152834,399,240,0,0,1
152897,403,240,0,0,1
152975,405,240,0,0,1
153037,405,240,0,0,1
153115,383,250,0,0,1
153178,285,324,0,0,1
153256,235,366,0,0,1
153318,213,372,0,0,1
153396,187,352,0,0,1
153474,187,350,0,0,1
153536,191,350,0,0,1
153614,207,348,0,0,1
153677,215,344,0,0,1
153755,221,340,0,0,1
153817,231,338,0,0,1
153895,241,336,0,0,1
153958,251,334,0,0,1
154036,259,332,0,0,1
154098,263,330,0,0,1
154176,267,328,0,0,1
154238,269,326,0,0,1
154316,271,324,0,0,1
154379,275,322,0,0,1
154457,275,322,0,0,1
154519,275,322,0,0,1
154597,275,322,0,0,1
154660,275,320,0,0,1
154738,283,294,0,0,1
154800,297,256,0,0,1
154878,297,256,0,0,1
154940,305,272,0,0,1
155018,321,302,0,0,1
155081,323,306,0,0,1
155159,325,306,0,0,1
155221,323,308,0,0,1
155299,297,324,0,0,1
155362,295,328,0,0,1
155440,313,324,0,0,1
155502,375,296,0,0,1
155580,409,284,0,0,1
155642,449,270,0,0,1
155720,481,262,0,0,1
155783,493,260,0,0,1
155861,503,258,0,0,1
155923,503,258,0,0,1
156001,453,270,0,0,1
156064,353,318,0,0,1
156142,311,334,0,0,1
156204,299,336,0,0,1
156282,297,336,0,0,1
156344,297,336,0,0,1
156422,281,344,0,0,1
156500,259,354,0,0,1
156563,257,354,0,0,1
156641,257,354,0,0,1
156703,257,354,0,0,1
156781,255,356,0,0,1
156844,251,358,0,0,1
156922,249,358,0,0,1
156984,203,348,0,0,1
157062,155,336,0,0,1
157124,151,332,0,0,1
157202,169,328,0,0,1
157265,193,328,0,0,1
157343,205,328,0,0,1
157405,209,328,0,0,1
157483,217,328,0,0,1
157546,221,328,0,0,1
157624,229,328,0,0,1
157686,233,328,0,0,1
157764,237,328,0,0,1
157826,245,328,0,0,1
157904,255,328,0,0,1
157967,261,328,0,0,1
158045,269,326,0,0,1
158107,281,322,0,0,1
158185,293,318,0,0,1
158248,311,314,0,0,1
158326,317,314,0,0,1
158388,319,312,0,0,1
158466,321,310,0,0,1
158544,301,310,0,0,1
158606,223,314,0,0,1
158684,177,314,0,0,1
158762,175,314,0,0,1
158840,179,316,0,0,1
158903,207,316,0,0,1
158981,219,316,0,0,1
159043,227,316,0,0,1
159121,235,316,0,0,1
159184,247,316,0,0,1
159262,251,316,0,0,1
159340,257,316,0,0,1
159402,257,316,0,0,1
159480,257,316,0,0,1
159542,249,316,0,0,1
159620,237,322,0,0,1
159683,233,324,0,0,1
159761,235,324,0,0,1
159823,235,324,0,0,1
159901,237,324,0,0,1
159964,241,324,0,0,1
160042,245,324,0,0,1
160104,249,322,0,0,1
160182,257,320,0,0,1
160244,263,318,0,0,1
160322,267,318,0,0,1
160385,271,318,0,0,1
160463,271,318,0,0,1
160525,271,318,0,0,1
160603,271,318,0,0,1
160666,271,318,0,0,1
160744,271,318,0,0,1
160806,273,318,0,0,1
160884,299,320,0,0,1
160946,393,312,0,0,1
161024,469,276,0,0,1
161087,507,238,0,0,1
161165,425,218,0,0,1
161243,245,242,0,0,1
161305,199,258,0,0,1
161383,179,264,0,0,1
161446,167,264,0,0,1
161524,159,266,0,0,1
161586,147,272,0,0,1
161664,141,274,0,0,1
161726,139,274,0,0,1
161804,137,274,0,0,1
161867,133,264,0,0,1
161945,115,230,0,0,1
162007,109,222,0,0,1
162085,117,222,0,0,1
162148,159,232,0,0,1
162226,185,232,0,0,1
162288,201,236,0,0,1
162366,215,240,0,0,1
162428,225,244,0,0,1
162506,239,250,0,0,1
162569,255,252,0,0,1
162647,275,258,0,0,1
162709,287,260,0,0,1
162787,291,266,0,0,1
162865,303,282,0,0,1
162928,319,296,0,0,1
163006,343,320,0,0,1
163068,361,340,0,0,1
163146,367,344,0,0,1
163208,373,350,0,0,1
163286,377,350,0,0,1
163349,389,350,0,0,1
163427,393,350,0,0,1
163489,405,350,0,0,1
163567,413,352,0,0,1
163630,417,352,0,0,1
163708,421,352,0,0,1
163770,425,352,0,0,1
163848,431,356,0,0,1
163910,445,362,0,0,1
163988,447,362,0,0,1
164051,445,364,0,0,1
164129,435,364,0,0,1
164207,433,358,0,0,1
164269,441,260,0,0,1
164347,453,210,0,0,1
164410,485,190,0,0,1
164488,517,150,0,0,1
164550,517,134,0,0,1
164628,517,130,0,0,1
164690,527,122,0,0,1
164768,543,116,0,0,1
164831,553,112,0,0,1
164909,555,110,0,0,1
164971,555,110,0,0,1
165049,551,110,0,0,1
165112,539,108,0,0,1
165190,521,104,0,0,1
165252,513,104,0,0,1
165330,509,104,0,0,1
165392,509,104,0,0,1
165470,507,104,0,0,1
165533,499,106,0,0,1
165611,487,116,0,0,1
165673,483,124,0,0,1
165751,479,128,0,0,1
165814,471,132,0,0,1
165892,463,136,0,0,1
165954,457,142,0,0,1
166032,451,146,0,0,1
166094,443,152,0,0,1
166172,407,176,0,0,1
166235,285,248,0,0,1
166313,241,272,0,0,1
166375,241,272,0,0,1
166453,245,272,0,0,1
166516,245,272,0,0,1
166594,243,276,0,0,1
166656,243,278,0,0,1
166734,243,280,0,0,1
166812,251,286,0,0,1
166874,251,288,0,0,1
166952,255,290,0,0,1
167015,257,292,0,0,1
167093,259,294,0,0,1
167155,261,296,0,0,1
167233,261,296,0,0,1
167296,263,296,0,0,1
167374,269,302,0,0,1
167436,279,322,0,0,1
167514,289,340,0,0,1
167592,289,340,0,0,1
167654,289,340,0,0,1
167732,289,340,0,0,1
167795,289,340,0,0,1
167873,289,340,0,0,1
167935,291,340,0,0,1
168013,297,342,0,0,1
168076,299,342,0,0,1
168154,301,342,0,0,1
168216,307,342,0,0,1
168294,313,340,0,0,1
168356,313,340,0,0,1
168434,319,340,0,0,1
168497,323,340,0,0,1
168575,327,340,0,0,1
168637,327,340,0,0,1
168715,323,338,0,0,1
168778,287,326,0,0,1
168856,281,326,0,0,1
168934,281,326,0,0,1
168996,299,326,0,0,1
169074,349,326,0,0,1
169136,353,326,0,0,1
169214,331,328,0,0,1
169277,285,328,0,0,1
169355,283,328,0,0,1
169417,297,328,0,0,1
169495,341,320,0,0,1
169558,361,320,0,0,1
169636,375,320,0,0,1
169698,377,322,0,0,1
169776,377,326,0,0,1
169854,373,330,0,0,1
169916,365,334,0,0,1
169994,355,336,0,0,1
170057,347,338,0,0,1
170119,323,338,0,0,1
170197,287,338,0,0,1
170275,245,332,0,0,1
170338,205,326,0,0,1
170416,177,320,0,0,1
170478,155,308,0,0,1
170556,143,294,0,0,1
170618,141,294,0,0,1
170696,135,288,0,0,1
170759,125,286,0,0,1
170837,113,288,0,0,1
170899,141,322,0,0,1
170977,175,332,0,0,1
171040,197,332,0,0,1
171118,205,330,0,0,1
171180,207,330,0,0,1
171258,211,330,0,0,1
171320,225,330,0,0,1
171398,233,330,0,0,1
171461,239,330,0,0,1
171539,243,330,0,0,1
171601,247,330,0,0,1
171679,251,330,0,0,1
171742,253,330,0,0,1
171820,259,330,0,0,1
171882,263,330,0,0,1
171960,273,330,0,0,1
172069,289,330,0,0,1
172132,303,330,0,0,1
172210,313,330,0,0,1
172272,319,330,0,0,1
172350,319,330,0,0,1
172412,311,330,0,0,1
172490,287,324,0,0,1
172553,249,312,0,0,1
172631,221,304,0,0,1
172709,197,292,0,0,1
172771,173,268,0,0,1
172849,145,228,0,0,1
172912,123,204,0,0,1
172990,121,194,0,0,1
173052,135,180,0,0,1
173130,151,164,0,0,1
173192,163,156,0,0,1
173270,165,150,0,0,1
173333,165,148,0,0,1
173411,165,140,0,0,1
173473,163,136,0,0,1
173551,159,136,1,0,1
173614,129,152,1,0,1
173692,109,186,1,0,1
173754,101,196,1,0,1
173832,91,196,1,0,1
173910,75,172,1,0,1
173988,67,142,1,0,1
174050,81,142,1,0,1
174128,115,140,1,0,1
174191,155,156,0,0,1
174269,201,180,0,0,1
174347,237,210,0,0,1
174409,269,246,0,0,1
174487,277,258,0,0,1
174550,289,274,0,0,1
174628,295,286,0,0,1
174690,297,286,0,0,1
174768,297,286,0,0,1
174830,297,286,0,0,1
174908,297,286,0,0,1
174971,299,286,0,0,1
175049,327,272,0,0,1
175111,331,214,0,0,1
175189,315,158,0,0,1
175252,313,156,0,0,1
175330,321,172,0,0,1
175392,321,172,0,0,1
175470,321,174,0,0,1
175548,329,176,0,0,1
175610,331,188,0,0,1
175688,339,208,0,0,1
175751,357,214,0,0,1
175829,377,218,0,0,1
175891,387,218,0,0,1
175969,403,218,0,0,1
176032,429,224,0,0,1
176110,445,232,0,0,1
176188,459,234,0,0,1
176250,463,236,0,0,1
176328,467,236,0,0,1
176390,473,236,0,0,1
176468,473,236,0,0,1
176531,477,240,0,0,1
176609,477,242,0,0,1
176671,481,268,0,0,1
176749,497,284,0,0,1
176812,493,286,0,0,1
176890,397,300,0,0,1
176952,311,310,0,0,1
177030,263,316,0,0,1
177092,215,326,0,0,1
177170,183,334,0,0,1
177233,173,330,0,0,1
177311,163,302,0,0,1
177373,159,270,0,0,1
177451,163,264,0,0,1
177514,165,264,0,0,1
177592,169,266,0,0,1
177654,189,270,0,0,1
177732,209,272,0,0,1
177794,217,276,0,0,1
177872,225,276,0,0,1
177935,233,278,0,0,1
178013,237,278,0,0,1
178075,239,278,0,0,1
178138,239,280,0,0,1
178216,239,280,0,0,1
178294,245,298,0,0,1
178356,265,338,0,0,1
178434,269,350,0,0,1
178496,275,354,0,0,1
178574,277,354,0,0,1
178637,279,354,0,0,1
178715,281,354,0,0,1
178777,283,354,0,0,1
178855,283,354,0,0,1
178918,283,354,0,0,1
178996,283,352,0,0,1
179074,285,348,0,0,1
179136,287,344,0,0,1
179214,289,340,0,0,1
179276,289,336,0,0,1
179354,291,332,0,0,1
179417,293,328,0,0,1
179495,295,328,0,0,1
179557,295,328,0,0,1
179635,295,328,0,0,1
179698,307,334,0,0,1
179776,407,340,0,0,1
179838,541,316,0,0,1
179916,645,284,0,0,1
179978,689,258,0,0,1
180056,697,252,0,0,1
180119,699,250,0,0,1
180197,707,244,0,0,1
180259,703,242,0,0,1
180337,693,242,0,0,1
180400,687,238,1,0,1
180478,679,214,1,0,1
180540,675,174,1,0,1
180618,675,154,1,0,1
180680,671,156,1,0,1
180758,657,194,1,0,1
180836,655,202,1,0,1
180899,655,202,1,0,1
180977,643,178,1,0,1
181039,631,156,1,0,1
181117,631,158,1,0,1
181180,631,170,1,0,1
181258,631,170,1,0,1
181320,631,170,0,0,1
181398,631,170,0,0,1
181460,631,170,0,0,1
181538,627,170,0,0,1
181601,617,158,0,0,1
181679,607,150,0,0,1
181741,601,144,0,0,1
181819,593,136,0,0,1
181882,585,126,0,0,1
181960,575,118,0,0,1
182038,563,110,0,0,1
182100,549,104,0,0,1
182178,547,104,0,0,1
182241,545,104,0,0,1
182319,543,108,1,0,1
182381,537,126,1,0,1
182459,527,158,1,0,1
182521,523,170,1,0,1
182599,523,170,1,0,1
182677,521,166,1,0,1
182740,511,132,1,0,1
182818,505,114,1,0,1
182880,495,100,1,0,1
182958,491,98,1,0,1
183021,491,98,1,0,1
183099,489,122,1,0,1
183161,479,148,1,0,1
183239,475,150,1,0,1
183301,465,132,1,0,1
183379,455,112,1,0,1
183442,449,106,0,0,1
183520,439,102,0,0,1
183598,435,100,0,0,1
183660,433,100,0,0,1
183738,433,100,0,0,1
183801,429,100,0,0,1
183879,421,94,0,0,1
183941,415,90,0,0,1
184019,413,90,0,0,1
184081,409,90,0,0,1
184159,407,98,0,0,1
184222,415,138,0,0,1
184300,445,192,0,0,1
184362,477,236,0,0,1
184440,509,280,0,0,1
184503,529,308,0,0,1
184581,547,336,0,0,1
184643,567,356,0,0,1
184721,609,376,0,0,1
184783,645,374,0,0,1
184861,671,374,0,0,1
184924,679,376,0,0,1
185002,683,382,0,0,1
185064,689,388,0,0,1
185142,691,390,0,0,1
185205,691,390,0,0,1
185283,691,390,0,0,1
185345,691,390,0,0,1
185423,691,390,0,0,1
185485,663,356,0,0,1
185563,635,344,0,0,1
185626,605,342,0,0,1
185704,587,342,0,0,1
185766,577,342,0,0,1
185844,575,342,0,0,1
185907,573,344,0,0,1
185985,571,344,0,0,1
186047,563,346,0,0,1
186125,557,346,0,0,1
186187,545,344,0,0,1
186265,535,340,0,0,1
186328,525,336,0,0,1
186406,513,332,0,0,1
186468,503,332,0,0,1
186546,495,334,0,0,1
186609,485,348,0,0,1
186687,477,366,0,0,1
186749,477,368,0,0,1
186827,477,368,0,0,1
186889,477,370,0,0,1
186967,475,370,0,0,1
187030,473,370,0,0,1
187108,471,370,0,0,1
187170,463,368,0,0,1
187248,461,368,0,0,1
187311,459,368,0,0,1
187389,457,366,0,0,1
187467,447,362,0,0,1
187529,441,360,0,0,1
187607,437,360,0,0,1
187669,433,360,0,0,1
187747,427,358,0,0,1
187810,425,358,0,0,1
187888,423,358,0,0,1
187950,423,358,0,0,1
188028,423,358,0,0,1
188091,427,356,0,0,1
188169,437,352,0,0,1
188231,439,350,0,0,1
188309,439,340,0,0,1
188371,423,286,0,0,1
188449,417,256,0,0,1
188512,417,254,0,0,1
188590,417,248,0,0,1
188652,409,240,0,0,1
188730,407,236,0,0,1
188808,407,236,0,0,1
188871,407,236,0,0,1
188949,405,236,0,0,1
189011,405,236,0,0,1
189089,405,236,0,0,1
189151,407,244,0,0,1
189229,439,282,0,0,1
189292,513,360,0,0,1
189370,559,412,0,0,1
189448,585,446,0,0,1
189510,613,480,0,0,1
189588,643,504,0,0,1
189651,659,526,0,0,1
189729,667,540,0,0,1
189791,667,540,0,0,1
189869,667,540,0,0,1
189931,671,540,0,0,1
190009,673,540,0,0,1
190072,673,540,0,0,1
190150,673,540,0,0,1
190228,673,540,0,0,1
190290,673,540,0,0,1
190368,673,540,0,0,1
190431,673,540,0,0,1
190509,673,540,0,0,1
190571,673,540,0,0,1
190649,673,540,0,0,1
190711,673,540,0,0,1
190789,673,540,0,0,1
190852,673,540,0,0,1
190930,673,540,0,0,1
190992,673,540,0,0,1
191070,673,540,0,0,1
191133,673,540,0,0,1
191211,673,540,0,0,1
191273,673,540,0,0,1
191351,673,540,0,0,1
191413,673,540,0,0,1
191491,673,540,0,0,1
191569,673,540,0,0,1
191632,673,540,0,0,1
191710,673,540,0,0,1
191772,673,540,0,0,1
191850,673,540,0,0,1
191913,673,540,0,0,1
191991,673,540,0,0,1
192053,673,540,0,0,1
192131,673,540,0,0,1
192193,673,540,0,0,1
192271,673,540,0,0,1
192334,673,540,0,0,1
192412,671,540,0,0,1
192490,671,540,0,0,1
192552,671,540,0,0,1
192630,671,540,0,0,1
192693,671,540,0,0,1
192771,671,540,0,0,1
192833,671,540,0,0,1
192911,671,540,0,0,1
192973,671,540,0,0,1
193051,671,540,0,0,1
193114,671,540,0,0,1
193192,671,540,0,0,1
