15,561,73,0,0,0
109,561,73,0,0,0
187,561,73,0,0,0
265,561,73,0,0,0
343,561,73,0,0,0
421,561,73,0,0,0
499,561,73,0,0,0
577,561,73,0,0,0
655,561,73,0,0,0
748,561,73,0,0,0
826,561,73,0,0,0
904,561,73,0,0,0
982,561,73,0,0,0
1060,561,73,0,0,0
1138,540,83,0,0,0
1216,475,120,0,0,0
1310,466,127,0,0,0
1388,466,127,0,0,0
1466,466,127,0,0,0
1544,466,127,0,0,0
1622,466,127,0,0,0
1700,466,127,0,0,0
1778,466,127,0,0,0
1856,466,127,0,0,0
1950,466,127,0,0,0
2028,466,127,0,0,0
2106,466,127,0,0,0
2184,466,127,0,0,0
2262,466,127,0,0,0
2340,466,127,0,0,0
2418,466,127,0,0,0
2496,466,127,0,0,0
2589,465,128,0,0,0
2667,453,141,0,0,0
2745,451,143,0,0,0
2823,450,149,0,0,0
2901,450,151,0,0,0
2979,450,151,0,0,0
3057,450,151,0,0,0
3151,450,151,0,0,0
3229,450,151,0,0,0
3307,450,151,0,0,0
3385,450,151,0,0,0
3463,459,165,0,0,0
3541,479,192,0,0,0
3619,511,220,0,0,0
3697,526,248,0,0,0
3790,526,248,0,0,0
3868,526,248,0,0,0
3946,526,248,0,0,0
4024,526,248,0,0,0
4102,526,248,0,0,0
4180,526,248,0,0,0
4258,524,247,0,0,0
4336,526,247,0,0,0
4430,548,262,0,0,0
4508,548,262,0,0,0
4586,548,262,0,0,0
4664,528,252,0,0,0
4742,472,222,0,0,0
4820,446,212,0,0,0
4898,446,212,0,0,0
4976,446,212,0,0,0
5070,446,212,0,0,0
5148,446,212,0,0,0
5226,446,212,0,0,0
5304,446,212,0,0,0
5382,446,212,0,0,0
5460,446,212,0,0,0
5538,446,212,0,0,0
5616,446,212,0,0,0
5709,446,212,0,0,0
5787,446,212,0,0,0
5865,446,212,0,0,0
5943,446,212,0,0,0
6021,446,212,0,0,0
6099,434,204,0,0,0
6177,331,164,0,0,0
6271,292,162,0,0,0
6349,292,162,0,0,0
6427,292,162,0,0,0
6505,292,162,0,0,0
6583,294,162,0,0,0
6661,302,163,0,0,0
6739,302,163,0,0,0
6817,302,163,0,0,0
6910,315,181,0,0,0
6988,352,202,0,0,0
7066,384,220,0,0,0
7144,384,220,0,0,0
7222,384,220,0,0,0
7300,384,220,0,0,0
7378,384,220,0,0,0
7472,384,220,0,0,0
7550,384,220,0,0,0
7628,384,220,0,0,0
7706,384,220,0,0,0
7784,384,220,0,0,0
7862,384,220,0,0,0
7940,388,236,0,0,0
8018,387,239,0,0,0
8112,374,255,0,0,0
8190,354,269,0,0,0
8268,354,269,0,0,0
8346,354,269,0,0,0
8424,354,269,0,0,0
8502,354,269,0,0,0
8580,354,269,0,0,0
8673,354,269,0,0,0
8751,354,269,0,0,0
8829,354,269,0,0,0
8907,354,269,0,0,0
8985,354,269,0,0,0
9063,354,269,0,0,0
9141,354,269,0,0,0
9219,354,269,0,0,0
9313,354,269,0,0,0
9391,354,269,0,0,0
9469,354,269,0,0,0
9547,354,269,0,0,0
9625,354,269,0,0,0
9703,354,269,0,0,0
9781,354,269,0,0,0
9859,354,269,0,0,0
9952,354,269,0,0,0
10030,355,270,0,0,0
10108,360,297,0,0,0
10186,362,304,0,0,0
10264,370,319,0,0,0
10342,377,327,0,0,0
10420,385,333,0,0,0
10498,401,333,0,0,0
10592,416,324,0,0,0
10670,416,312,0,0,0
10748,402,300,0,0,0
10826,399,297,0,0,0
10904,399,297,0,0,0
10982,399,297,0,0,0
11060,399,296,0,0,0
11138,398,293,0,0,0
11232,398,292,0,0,0
11310,398,292,0,0,0
11388,398,292,0,0,0
11466,398,292,0,0,0
11544,398,292,0,0,0
11622,398,292,0,0,0
11700,398,292,0,0,0
11793,398,292,0,0,0
11871,398,292,0,0,0
11949,398,292,0,0,0
12027,398,292,0,0,0
12105,398,292,0,0,0
12183,398,292,0,0,0
12261,398,292,0,0,0
12339,398,292,0,0,0
12433,398,292,0,0,0
12511,398,292,0,0,0
12589,398,292,0,0,0
12667,398,292,0,0,0
12745,398,292,0,0,0
12823,398,292,0,0,0
12901,398,292,0,0,0
12994,398,292,0,0,0
13072,398,292,0,0,0
13150,398,292,0,0,0
13228,398,292,0,0,0
13306,397,292,0,0,0
13384,391,296,0,0,0
13462,391,296,0,0,0
13540,391,296,0,0,0
13634,391,296,0,0,0
13712,391,296,0,0,0
13790,391,296,0,0,0
13868,391,296,0,0,0
13946,391,296,0,0,0
14024,391,296,0,0,0
14102,391,296,0,0,0
14196,391,296,0,0,0
14274,391,296,0,0,0
14352,391,296,0,0,0
14430,391,296,0,0,0
14508,391,296,0,0,0
14586,391,296,0,0,0
14664,391,296,0,0,0
14757,391,296,0,0,0
14835,391,296,0,0,0
14913,391,296,0,0,0
14991,391,296,0,0,0
15069,393,296,0,0,0
15147,396,297,0,0,0
15225,398,296,0,0,0
15303,401,297,0,0,0
15397,401,297,0,0,0
15475,401,297,0,0,0
15553,401,297,0,0,0
15631,401,297,0,0,0
15709,401,297,0,0,0
15787,401,297,0,0,0
15865,401,297,0,0,0
15958,401,297,0,0,0
16036,406,305,0,0,0
16114,414,316,0,0,0
16192,416,320,0,0,0
16270,416,320,0,0,0
16348,416,320,0,0,0
16426,413,320,0,0,0
16504,405,322,0,0,0
16598,401,323,0,0,0
16676,397,323,0,0,1
16754,393,327,0,0,1
16832,393,327,0,0,1
16910,393,327,0,0,1
16988,393,327,0,0,1
17066,393,327,0,0,1
17144,393,327,0,0,1
17238,393,327,0,0,1
17316,393,327,0,0,1
17394,394,327,0,0,1
17472,395,329,0,0,1
17550,396,329,0,0,1
17628,397,329,0,0,1
17706,398,330,0,0,1
17784,399,330,0,0,1
17877,401,330,0,0,1
17955,403,331,0,0,1
18033,408,330,0,0,1
18111,427,323,0,0,1
18189,430,322,0,0,1
18267,430,322,0,0,1
18345,429,321,0,0,1
18439,419,316,0,0,1
18517,415,314,0,0,1
18595,411,312,0,0,1
18673,411,312,0,0,1
18751,409,311,0,0,1
18829,406,310,0,0,1
18907,405,309,0,0,1
18985,405,309,0,0,1
19078,407,310,0,0,1
19156,409,311,0,0,1
19234,411,312,0,0,1
19312,413,313,0,0,1
19390,419,314,0,0,1
19468,419,314,0,0,1
19546,419,314,0,0,1
19640,419,314,0,0,1
19718,419,313,0,0,1
19796,417,312,0,0,1
19874,414,310,0,0,1
19952,414,310,0,0,1
20030,413,310,0,0,1
20108,409,308,0,0,1
20202,407,307,0,0,1
20280,407,307,0,0,1
20358,407,307,0,0,1
20436,407,307,0,0,1
20514,407,307,0,0,1
20592,408,306,0,0,1
20670,410,304,0,0,1
20748,410,304,0,0,1
20841,410,304,0,0,1
20919,410,304,0,0,1
20997,410,304,0,0,1
21075,400,298,0,0,1
21153,398,297,0,0,1
21231,398,297,0,0,1
21309,398,297,0,0,1
21387,398,297,0,0,1
21481,403,299,0,0,1
21559,407,301,0,0,1
21637,420,305,0,0,1
21715,440,315,0,0,1
21793,468,331,0,0,1
21871,481,339,0,0,1
21949,497,347,0,0,1
22027,511,355,0,0,1
22120,512,356,0,0,1
22198,519,360,0,0,1
22276,519,360,0,0,1
22354,519,360,0,0,1
22432,505,353,0,0,1
22510,484,341,0,0,1
22588,469,331,0,0,1
22682,441,318,0,0,1
22760,402,307,0,0,1
22838,396,305,0,0,1
22916,388,297,0,0,1
22994,387,295,0,0,1
23072,382,290,0,0,1
23150,376,281,0,0,1
23228,376,281,0,0,1
23322,376,280,0,0,1
23400,380,275,0,0,1
23478,382,274,0,0,1
23556,387,275,0,0,1
23634,389,276,0,0,1
23712,390,276,0,0,1
23790,392,277,0,0,1
23868,393,278,0,0,1
23961,395,279,0,0,1
24039,395,279,0,0,1
24117,394,295,0,0,1
24195,394,300,0,0,1
24273,394,300,0,0,1
24351,389,297,0,0,1
24429,382,292,0,0,1
24523,376,288,0,0,1
24601,374,286,0,0,1
24679,365,276,0,0,1
24757,361,268,0,0,1
24835,359,251,0,0,0
24913,358,248,0,0,0
24991,358,248,0,0,0
25084,358,248,1,0,0
25162,356,247,0,0,0
25240,356,247,0,0,0
25318,355,247,0,0,0
25396,355,247,0,0,0
25474,354,247,0,0,0
25552,354,247,0,0,0
25646,354,247,0,0,0
25724,354,247,1,0,0
25802,354,247,1,0,0
25880,349,248,1,0,0
25958,348,248,1,0,0
26036,348,248,1,0,0
26114,348,248,1,0,0
26192,348,248,1,0,0
26286,348,248,1,0,0
26364,348,248,0,0,0
26442,348,249,0,0,0
26520,348,250,0,0,0
26598,349,250,0,0,0
26676,350,251,0,0,0
26754,351,252,0,0,0
26847,352,253,0,0,0
26925,354,254,0,0,0
27003,359,259,1,0,0
27081,360,259,1,0,0
27159,361,260,1,0,0
27237,364,261,1,0,0
27315,364,261,1,0,0
27393,364,261,1,0,0
27487,364,262,0,0,0
27565,373,272,1,0,0
27643,383,280,1,0,0
27721,407,302,1,0,0
27799,416,309,1,0,0
27877,418,311,1,0,0
27955,428,326,1,0,1
28033,428,327,1,0,1
28127,429,327,1,0,1
28205,429,328,1,0,1
28283,429,328,1,0,1
28361,429,328,1,0,1
28439,428,337,1,0,1
28517,427,340,1,0,1
28595,427,340,1,0,1
28688,426,347,1,0,1
28766,425,349,1,0,1
28844,425,349,1,0,1
28922,425,354,1,0,1
29000,425,354,1,0,1
29078,425,354,1,0,1
29156,425,354,1,0,1
29234,425,361,1,0,1
29328,423,372,1,0,1
29406,422,375,1,0,1
29484,420,389,1,0,1
29562,419,392,1,0,1
29640,419,400,1,0,1
29718,420,403,1,0,1
29796,426,415,1,0,1
29874,424,426,1,0,1
29967,423,428,1,0,1
30045,423,428,1,0,1
30123,423,428,1,0,1
30201,423,428,1,0,1
30279,423,428,1,0,1
30357,424,429,1,0,1
30435,425,431,0,0,1
30513,432,441,0,0,1
30607,435,444,0,0,1
30685,440,449,0,0,1
30763,451,466,0,0,1
30841,460,477,0,0,1
30919,480,494,0,0,1
30997,488,503,1,0,1
31091,491,507,1,0,1
31169,500,518,1,0,1
31247,503,521,1,0,1
31325,513,528,1,0,1
31403,524,532,1,0,1
31481,539,537,1,0,1
31559,544,538,1,0,1
31637,544,538,0,0,1
31730,544,538,0,0,1
31808,544,538,0,0,1
31886,547,538,0,0,1
31964,556,538,0,0,1
32042,556,538,0,0,1
32120,560,541,0,0,1
32198,562,542,1,0,1
32292,562,542,1,0,1
32370,562,542,1,0,1
32448,562,542,1,0,1
32526,562,542,1,0,1
32604,558,541,1,0,1
32682,547,527,1,0,1
32760,514,483,1,0,1
32838,469,434,1,0,1
32931,448,417,1,0,1
33009,428,400,1,0,1
33087,416,388,1,0,1
33165,406,375,1,0,1
33243,405,374,1,0,1
33321,405,373,1,0,1
33399,401,360,1,0,1
33477,400,355,1,0,1
33571,394,343,1,0,1
33649,381,333,1,0,1
33727,361,322,1,0,1
33805,334,308,1,0,1
33883,333,307,1,0,1
33961,333,307,1,0,1
34039,310,298,1,0,1
34133,298,295,1,0,1
34211,287,292,1,0,1
34289,241,287,1,0,1
34367,240,287,1,0,1
34445,228,297,1,0,1
34523,214,313,1,0,1
34601,214,313,1,0,1
34679,220,317,1,0,1
34772,220,318,1,0,1
34850,216,314,1,0,1
34928,210,307,1,0,1
35006,207,299,1,0,1
35084,207,294,1,0,1
35162,207,288,1,0,1
35240,207,288,1,0,1
35318,207,288,1,0,1
35412,243,280,1,0,1
35490,286,282,1,0,1
35568,382,295,1,0,1
35646,413,301,1,0,1
35724,431,309,1,0,1
35802,440,317,1,0,1
35880,441,318,1,0,1
35958,446,330,1,0,1
36051,451,343,1,0,1
36129,451,343,1,0,0
36207,451,343,1,0,0
36285,451,343,1,0,0
36363,444,351,1,0,0
36441,435,357,1,0,0
36519,427,363,1,0,0
36597,419,363,1,0,0
36691,418,363,1,0,0
36769,418,363,1,0,0
36847,418,363,1,0,0
36925,418,363,1,0,0
37003,418,363,1,0,0
37081,418,363,1,0,0
37159,413,359,1,0,0
37253,372,322,1,0,0
37331,337,237,1,0,0
37409,324,174,1,0,0
37487,326,142,1,0,0
37565,329,124,1,0,0
37643,329,112,1,0,0
37721,328,98,1,0,0
37799,328,95,1,0,1
37892,328,95,1,0,1
37970,328,95,1,0,1
38048,328,95,1,0,1
38126,328,95,1,0,1
38204,327,94,1,0,1
38282,327,94,1,0,1
38360,327,94,1,0,1
38454,327,94,1,0,1
38532,327,94,1,0,1
38610,327,94,1,0,1
38688,327,94,1,0,1
38766,327,94,1,0,1
38844,327,94,1,0,1
38922,327,94,1,0,1
39000,330,96,1,0,1
39093,330,96,1,0,1
39171,330,96,1,0,1
39249,330,96,1,0,1
39327,330,96,1,0,1
39405,330,96,1,0,1
39483,337,111,1,0,1
39561,367,152,1,0,1
39655,391,179,1,0,1
39733,406,198,1,0,1
39811,407,200,1,0,1
39889,407,203,1,0,1
39967,394,201,1,0,1
40045,388,199,1,0,1
40123,387,198,1,0,1
40201,385,199,1,0,1
40295,376,208,1,0,1
40373,376,208,1,0,1
40451,377,211,1,0,1
40529,381,215,1,0,1
40607,389,220,1,0,1
40685,393,224,1,0,1
40763,394,226,1,0,1
40841,403,246,1,0,1
40934,403,246,1,0,1
41012,385,227,1,0,1
41090,359,194,1,0,1
41168,345,177,1,0,1
41246,334,156,1,0,1
41324,323,134,1,0,1
41402,323,134,1,0,1
41496,323,134,1,0,1
41574,333,158,1,0,1
41652,377,213,1,0,1
41730,424,254,1,0,1
41808,443,269,1,0,1
41886,457,284,1,0,1
41964,457,285,1,0,1
42042,450,281,1,0,1
42135,450,280,1,0,1
42213,450,280,1,0,1
42291,451,281,1,0,1
42369,453,282,1,0,1
42447,454,282,1,0,1
42525,456,283,0,0,1
42603,456,283,0,0,1
42697,461,288,0,0,1
42775,461,291,0,0,1
42853,461,293,0,0,1
42931,461,296,0,0,1
43009,461,299,0,0,1
43087,462,304,0,0,1
43165,465,308,1,0,1
43243,466,310,1,0,1
43337,468,315,1,0,1
43415,468,316,1,0,1
43493,470,322,1,0,1
43571,479,335,1,0,1
43649,482,339,1,0,1
43727,486,348,0,0,1
43805,486,348,0,0,1
43883,486,348,0,0,1
43976,485,350,0,0,1
44054,485,350,0,0,1
44132,485,350,0,0,1
44210,485,350,0,0,1
44288,487,351,1,0,1
44366,488,351,1,0,1
44444,489,352,1,0,1
44522,490,357,1,0,1
44616,493,369,1,0,1
44694,493,371,1,0,1
44772,494,371,1,0,1
44850,494,371,0,0,1
44928,494,372,0,0,1
45006,497,376,0,0,1
45084,499,379,0,0,1
45162,501,380,0,0,1
45255,505,386,0,0,1
45333,507,392,1,0,1
45411,509,398,0,0,1
45489,509,398,0,0,1
45567,511,401,0,0,1
45645,512,403,0,0,1
45723,513,408,0,0,1
45817,518,418,0,0,1
45895,523,429,0,0,1
45973,523,429,1,0,1
46051,525,430,1,0,1
46129,527,432,1,0,1
46207,533,440,1,0,1
46285,552,470,1,0,1
46363,552,471,1,0,1
46457,554,472,0,0,1
46535,557,474,0,0,1
46613,564,478,0,0,1
46691,564,478,0,0,1
46769,566,480,0,0,1
46847,567,481,0,0,1
46925,574,486,0,0,1
47003,580,491,1,0,1
47096,589,501,1,0,1
47174,593,506,1,0,1
47252,598,514,1,0,1
47330,604,526,1,0,1
47408,604,526,1,0,1
47486,609,530,0,0,1
47564,609,530,0,0,1
47642,609,530,0,0,1
47736,608,531,0,0,1
47814,579,498,0,0,1
47892,547,463,0,0,1
47970,491,390,0,0,1
48048,414,291,0,0,1
48126,333,203,0,0,1
48204,288,167,0,0,1
48297,283,163,0,0,1
48375,282,156,0,0,1
48453,282,137,0,0,1
48531,282,136,0,0,1
48609,285,122,0,0,1
48687,287,115,0,0,1
48765,287,115,0,0,1
48843,298,118,0,0,1
48937,303,122,0,0,1
49015,313,132,0,0,1
49093,321,141,0,0,1
49171,328,150,0,0,1
49249,329,150,0,0,1
49327,330,152,0,0,1
49405,333,154,0,0,1
49499,338,158,0,0,1
49577,341,161,0,0,1
49655,344,163,0,0,1
49733,346,165,0,0,1
49811,349,167,0,0,1
49889,352,170,0,0,1
49967,359,174,0,0,1
50045,361,175,0,0,1
50138,363,176,0,0,1
50216,372,182,0,0,1
50294,375,185,0,0,1
50372,377,186,0,0,1
50450,386,195,0,0,1
50528,387,195,0,0,1
50606,389,197,0,0,1
50684,391,199,0,0,1
50778,391,199,0,0,1
50856,391,199,0,0,1
50934,391,199,0,0,1
51012,390,199,0,0,1
51090,387,197,0,0,1
51168,387,197,0,0,1
51246,387,197,0,0,1
51324,387,197,0,0,1
51417,386,193,0,0,1
51495,383,177,0,0,1
51573,383,166,0,0,1
51651,382,161,0,0,1
51729,377,149,0,0,1
51807,374,138,0,0,1
51885,373,132,0,0,1
51963,377,114,0,0,1
52057,384,101,0,0,1
52135,394,90,0,0,1
52213,402,85,0,0,1
52291,406,87,0,0,1
52369,407,87,0,0,1
52447,407,87,0,0,1
52525,408,92,0,0,1
52619,400,102,0,0,1
52697,395,111,0,0,1
52775,392,123,0,0,1
52853,393,123,0,0,1
52931,394,123,0,0,1
53009,427,113,0,0,1
53087,431,113,0,0,1
53165,436,115,0,0,1
53258,440,118,0,0,1
53336,441,119,0,0,1
53414,435,115,0,0,1
53492,416,104,0,0,1
53570,412,101,0,0,1
53648,411,101,0,0,1
53726,410,107,0,0,1
53820,389,138,0,0,1
53898,375,163,0,0,1
53976,365,180,0,0,1
54054,364,182,0,0,1
54132,363,195,0,0,1
54210,365,226,0,0,1
54288,374,275,0,0,1
54366,381,304,0,0,1
54459,377,322,0,0,1
54537,375,324,0,0,1
54615,346,314,0,0,1
54693,332,306,0,0,1
54771,315,299,0,0,1
54849,297,300,0,0,1
54927,259,298,0,0,1
55005,251,296,0,0,1
55099,250,296,0,0,1
55177,248,294,0,0,1
55255,248,294,0,0,1
55333,248,294,0,0,1
55411,254,285,0,0,1
55489,273,261,0,0,1
55567,292,242,0,0,1
55645,303,230,0,0,1
55739,317,215,0,0,1
55817,326,202,0,0,1
55895,338,187,0,0,1
55973,360,189,0,0,1
56051,375,202,0,0,1
56129,403,238,0,0,1
56207,427,273,0,0,1
56285,441,302,0,0,1
56378,440,322,0,0,1
56456,386,325,0,0,1
56534,379,324,0,0,1
56612,355,305,0,0,1
56690,350,301,0,0,1
56768,350,300,0,0,1
56846,384,304,0,0,1
56940,470,319,0,0,1
57018,479,322,0,0,1
57096,492,332,0,0,1
57174,492,332,0,0,1
57252,492,332,0,0,1
57330,492,332,0,0,1
57408,492,332,0,0,1
57486,499,335,0,0,1
57580,507,344,0,0,1
57658,507,345,0,0,1
57736,507,345,0,0,1
57814,506,344,0,0,1
57892,496,339,0,0,1
57970,489,336,0,0,1
58048,488,335,0,0,1
58126,487,334,0,0,1
58219,486,334,0,0,1
58297,478,329,0,0,1
58375,467,325,0,0,1
58453,422,310,0,0,1
58531,401,302,0,0,1
58609,347,292,0,0,1
58687,323,293,0,0,1
58765,323,293,0,0,1
58859,323,293,0,0,1
58937,324,291,0,0,0
59015,330,267,0,0,0
59093,336,251,0,0,0
59171,366,234,0,0,0
59249,401,229,0,0,0
59327,404,226,0,0,0
59405,468,222,0,0,0
59498,545,238,0,0,0
59576,564,254,0,0,0
59654,589,283,0,0,0
59732,612,329,0,0,0
59810,618,364,0,0,0
59888,623,412,0,0,0
59966,623,441,0,0,0
60060,600,467,0,0,0
60138,568,484,0,0,0
60216,554,493,0,0,0
60294,526,508,0,0,0
60372,496,515,0,0,0
60450,475,519,0,0,0
60528,422,519,0,0,0
60606,365,502,0,0,0
60700,342,484,0,0,0
60778,308,442,0,0,0
60856,278,383,0,0,0
60934,271,311,0,0,0
61012,304,258,0,0,0
61090,347,231,0,0,0
61168,377,213,0,0,0
61261,447,189,0,0,0
61339,489,186,0,0,0
61417,538,185,0,0,0
61495,578,192,0,0,0
61573,605,207,0,0,0
61651,642,273,0,0,0
61729,653,327,0,0,0
61807,644,371,0,0,0
61901,618,405,0,0,0
61979,586,436,0,0,0
62057,555,455,0,0,0
62135,524,471,0,0,0
62213,476,482,0,0,0
62291,414,479,0,0,0
62369,378,447,0,0,0
62462,335,378,0,0,0
62540,345,305,0,0,0
62618,375,243,0,0,0
62696,402,211,0,0,0
62774,430,199,0,0,0
62852,487,206,0,0,0
62930,529,223,0,0,0
63008,561,243,0,0,0
63102,602,292,0,0,0
63180,613,333,0,0,0
63258,610,370,0,0,0
63336,587,403,0,0,0
63414,482,457,0,0,0
63492,459,460,0,0,0
63570,435,431,0,0,0
63648,403,379,0,0,0
63742,415,323,0,0,0
63820,458,271,0,0,0
63898,507,252,0,0,0
63976,555,253,0,0,0
64054,588,268,0,0,0
64132,609,320,0,0,0
64210,590,367,0,0,0
64303,537,415,0,0,0
64381,489,429,0,0,0
64459,475,428,0,0,0
64537,475,428,0,0,0
64615,474,428,0,0,0
64693,404,395,0,0,0
64771,393,356,0,0,0
64849,399,338,0,0,0
64943,403,331,0,0,0
65021,403,331,0,0,0
65099,403,331,0,0,0
65177,403,331,0,0,0
65255,403,331,0,0,0
65333,403,331,0,0,0
65411,403,331,0,0,0
65489,403,331,0,0,0
65582,403,331,0,0,0
65660,403,331,0,0,0
65738,400,319,0,0,0
65816,393,288,0,0,0
65894,393,287,0,0,0
65972,393,287,0,0,0
66050,393,287,0,0,0
66128,393,287,0,0,0
66222,393,287,0,0,0
66300,393,287,0,0,0
66378,393,287,0,0,0
66456,392,283,0,0,0
66534,365,245,0,0,0
66612,363,242,0,0,0
66690,363,242,0,0,0
66784,363,242,0,0,0
66862,363,242,0,0,0
66940,363,242,0,0,0
67018,363,242,0,0,0
67096,363,242,0,0,0
67174,363,242,0,0,0
67252,363,242,0,0,0
67330,363,242,0,0,0
67423,363,242,0,0,0
67501,363,242,0,0,0
67579,363,242,0,0,0
67657,363,242,0,0,0
67735,363,242,0,0,0
67813,363,242,0,0,0
67891,358,233,0,0,0
67969,345,200,0,0,0
68063,319,185,0,0,0
68141,319,185,0,0,0
68219,319,185,0,0,0
68297,319,185,0,0,0
68375,316,180,0,0,0
68453,308,160,0,0,0
68531,308,160,0,0,0
68609,308,160,0,0,0
68702,308,160,0,0,0
68780,310,159,0,0,0
68858,319,148,0,0,0
68936,325,144,0,0,0
69014,348,142,0,0,0
69092,383,132,0,0,0
69170,439,125,0,0,0
69248,472,138,0,0,0
69342,514,177,0,0,0
69420,534,201,0,0,0
69498,548,249,0,0,0
69576,542,281,0,0,0
69654,527,301,0,0,0
69732,462,341,0,0,0
69810,378,349,0,0,0
69904,331,314,0,0,0
69982,336,222,0,0,0
70060,365,143,0,0,0
70138,398,112,0,0,0
70216,482,98,0,0,0
70294,537,128,0,0,0
70372,560,196,0,0,0
70450,542,283,0,0,0
70543,449,328,0,0,0
70621,350,324,0,0,0
70699,207,287,0,0,0
70777,146,204,0,0,0
70855,154,120,0,0,0
70933,224,76,0,0,0
71011,330,79,0,0,0
71105,425,123,0,0,0
71183,498,162,0,0,0
71261,559,174,0,0,0
71339,574,175,0,0,0
71417,571,173,0,0,0
71495,534,156,0,0,0
71573,446,138,0,0,0
71651,409,138,0,0,0
71744,406,141,0,0,0
71822,404,147,0,0,1
71900,398,180,0,0,1
71978,397,184,0,0,1
72056,398,193,0,0,1
72134,398,193,0,0,1
72212,398,194,0,0,1
72290,398,194,0,0,1
72384,397,196,0,0,1
72462,397,206,0,0,1
72540,398,229,0,0,1
72618,400,250,0,0,1
72696,402,272,0,0,1
72774,402,275,0,0,1
72852,402,275,0,0,1
72946,402,275,0,0,1
73024,402,275,0,0,1
73102,403,243,0,0,1
73180,407,213,0,0,1
73258,418,190,0,0,1
73336,421,185,0,0,1
73414,430,181,0,0,1
73492,513,179,0,0,1
73585,570,212,0,0,1
73663,598,240,0,0,1
73741,610,276,0,0,1
73819,604,305,0,0,1
73897,559,315,0,0,1
73975,535,313,0,0,1
74053,474,300,0,0,1
74131,417,281,0,0,1
74225,386,253,0,0,1
74303,369,200,0,0,0
74381,364,174,0,0,0
74459,358,143,0,0,0
74537,354,116,0,0,0
74615,356,115,0,0,0
74693,376,120,0,0,0
74786,388,128,0,0,0
74864,397,145,0,0,1
74942,397,146,0,0,1
75020,396,165,0,0,1
75098,396,179,0,0,1
75176,396,179,0,0,1
75254,394,193,0,0,1
75332,394,208,0,0,1
75426,392,219,0,0,1
75504,387,230,0,0,1
75582,387,230,0,0,1
75660,388,250,0,0,1
75738,389,265,0,0,1
75816,389,265,0,0,1
75894,390,268,0,0,1
75988,390,268,0,0,1
76066,391,270,0,0,1
76144,390,283,0,0,1
76222,390,283,0,0,1
76300,390,283,0,0,1
76378,374,264,0,0,1
76456,343,211,0,0,1
76534,334,189,0,0,1
76627,327,172,0,0,1
76705,326,172,0,0,1
76783,326,172,0,0,1
76861,326,172,0,0,1
76939,328,174,0,0,1
77017,333,191,0,0,1
77095,334,204,0,0,1
77173,334,204,0,0,1
77267,334,204,0,0,1
77345,334,204,0,0,1
77423,334,204,0,0,1
77501,334,204,0,0,1
77579,333,218,0,0,1
77657,333,218,0,0,1
77735,333,218,0,0,1
77813,340,226,0,0,1
77906,340,226,0,0,1
77984,340,226,0,0,1
78062,340,226,0,0,1
78140,340,226,0,0,1
78218,340,226,0,0,1
78296,340,227,0,0,1
78374,344,232,0,0,1
78468,347,234,0,0,1
78546,352,236,0,0,1
78624,358,239,0,0,1
78702,362,240,0,0,1
78780,363,241,0,0,1
78858,364,241,0,0,1
78936,365,241,0,0,1
79014,371,241,0,0,1
79108,374,242,0,0,1
79186,374,242,0,0,1
79264,374,242,0,0,1
79342,381,239,0,0,1
79420,384,240,0,0,1
79498,387,241,0,0,1
79576,389,242,0,0,1
79669,399,247,0,0,1
79747,413,257,0,0,1
79825,416,259,0,0,1
79903,416,260,0,0,1
79981,421,272,0,0,1
80059,421,272,0,0,1
80137,421,272,0,0,1
80215,419,277,0,0,1
80309,417,278,0,0,1
80387,417,278,0,0,1
80465,417,278,0,0,1
80543,417,278,0,0,1
80621,414,268,0,0,1
80699,414,262,0,0,1
80777,414,262,0,0,1
80855,414,262,0,0,1
80948,415,263,0,0,1
81026,417,265,0,0,1
81104,425,276,0,0,1
81182,429,282,0,0,1
81260,430,284,0,0,1
81338,431,285,0,0,1
81416,431,287,0,0,1
81494,432,288,0,0,1
81588,432,288,0,0,1
81666,431,288,0,0,1
81744,425,285,0,0,1
81822,416,268,0,0,1
81900,414,257,0,0,1
81978,411,248,0,0,1
82056,410,238,0,0,1
82134,410,235,0,0,1
82228,401,222,0,0,1
82306,394,213,0,0,1
82384,394,213,0,0,1
82462,394,213,0,0,1
82540,394,214,0,0,1
82618,397,224,0,0,1
82696,401,227,0,0,1
82789,408,229,0,0,1
82867,415,234,0,0,1
82945,431,251,0,0,1
83023,442,261,0,0,1
83101,449,265,0,0,1
83179,459,270,0,0,1
83257,460,271,0,0,1
83335,449,265,0,0,1
83429,429,238,0,0,1
83507,418,229,0,0,1
83585,412,226,0,0,1
83663,399,220,0,0,1
83741,381,213,0,0,1
83819,369,210,0,0,1
83897,355,210,0,0,1
83975,336,215,0,0,1
84068,335,217,0,0,1
84146,339,236,0,0,1
84224,343,240,0,0,1
84302,346,243,0,0,1
84380,349,249,0,0,1
84458,344,261,0,0,1
84536,308,286,0,0,1
84614,271,297,0,0,1
84708,270,297,0,0,1
84786,259,307,0,0,1
84864,252,316,0,0,1
84942,252,316,0,0,1
85020,252,316,0,0,1
85098,256,318,0,0,1
85192,259,319,0,0,1
85270,283,309,0,0,1
85348,297,294,0,0,1
85426,303,283,0,0,1
85504,307,273,0,0,1
85582,309,262,0,0,1
85660,304,259,0,0,1
85738,235,265,0,0,1
85831,185,269,0,0,1
85909,185,269,0,0,1
85987,189,271,0,0,1
86065,200,279,0,0,1
86143,208,290,0,0,1
86221,219,302,0,0,1
86299,227,305,0,0,1
86377,234,305,0,0,1
86471,244,307,0,0,1
86549,247,308,0,0,1
86627,245,313,0,0,1
86705,242,316,0,0,1
86783,242,318,0,0,1
86861,235,314,0,0,1
86939,205,272,0,0,1
87032,202,261,0,0,1
87110,200,259,0,0,0
87188,199,258,0,0,0
87266,197,253,1,0,0
87344,193,231,1,0,0
87422,192,229,1,0,0
87500,192,229,1,0,0
87578,190,221,1,0,0
87672,190,221,1,0,0
87750,185,217,1,0,0
87828,182,214,0,0,0
87906,182,214,0,0,0
87984,181,213,0,0,0
88062,181,213,0,0,0
88140,180,211,0,0,0
88234,178,207,1,0,0
88312,177,204,0,0,0
88390,169,193,0,0,0
88468,167,188,0,0,0
88546,164,175,0,0,0
88624,164,171,0,0,0
88702,164,171,1,0,0
88780,163,171,1,0,0
88873,162,167,1,0,0
88951,160,160,1,0,0
89029,158,150,1,0,0
89107,158,149,1,0,0
89185,157,142,1,0,0
89263,157,137,0,0,0
89341,157,133,1,0,0
89419,157,130,1,0,0
89513,157,124,1,0,0
89591,156,119,1,0,0
89669,156,119,1,0,0
89747,151,104,1,0,0
89825,145,87,1,0,0
89903,144,82,0,0,0
89981,143,77,0,0,0
90059,143,77,0,0,0
90153,147,72,0,0,0
90231,156,61,0,0,0
90309,156,61,0,0,0
90387,167,50,0,0,0
90465,176,38,1,0,0
90543,177,36,1,0,0
90621,178,36,1,0,0
90699,179,36,1,0,0
90792,181,36,1,0,0
90870,184,43,1,0,0
90948,174,82,1,0,0
91026,150,94,1,0,0
91104,149,95,1,0,0
91182,150,95,1,0,0
91260,155,95,1,0,0
91354,200,110,1,0,0
91432,225,130,1,0,0
91510,285,201,1,0,0
91588,295,209,1,0,0
91666,297,209,1,0,0
91744,300,211,1,0,0
91822,371,247,1,0,0
91900,412,258,1,0,0
91993,407,252,1,0,0
92071,408,248,1,0,0
92149,408,248,1,0,0
92227,408,248,1,0,0
92305,453,268,1,0,0
92383,500,277,1,0,0
92461,536,289,1,0,0
92539,565,307,1,0,0
92633,579,327,1,0,0
92711,583,361,1,0,0
92789,579,381,1,0,0
92867,563,397,1,0,0
92945,543,410,1,0,0
93023,511,407,1,0,0
93101,446,382,1,0,0
93179,401,314,1,0,0
93273,393,256,1,0,0
93351,393,252,1,0,0
93429,393,252,1,0,0
93507,393,252,1,0,0
93585,328,221,1,0,0
93663,307,201,1,0,0
93741,306,201,1,0,0
93834,306,201,1,0,0
93912,306,201,1,0,0
93990,306,201,1,0,0
94068,306,201,1,0,0
94146,306,201,1,0,0
94224,306,201,1,0,0
94302,306,201,1,0,0
94380,306,201,1,0,0
94474,283,184,1,0,0
94552,259,165,1,0,0
94630,259,165,1,0,0
94708,259,165,1,0,0
94786,259,165,1,0,0
94864,252,138,1,0,0
94942,252,132,1,0,0
95020,261,109,1,0,0
95113,260,95,1,0,0
95191,255,80,1,0,0
95269,248,66,1,0,0
95347,233,54,1,0,0
95425,232,56,1,0,0
95503,229,64,1,0,0
95581,228,77,1,0,0
95675,229,95,1,0,0
95753,229,99,1,0,0
95831,233,106,1,0,1
95909,251,134,1,0,1
95987,251,134,1,0,1
96065,251,137,1,0,1
96143,269,161,1,0,1
96221,274,167,1,0,1
96315,297,199,1,0,1
96393,310,212,1,0,1
96471,313,215,1,0,1
96549,320,224,1,0,1
96627,338,242,1,0,1
96705,347,250,1,0,1
96783,357,258,1,0,1
96861,365,265,1,0,1
96954,382,284,1,0,1
97032,391,295,1,0,1
97110,392,296,1,0,1
97188,402,307,1,0,1
97266,402,307,1,0,1
97344,402,307,1,0,1
97422,398,306,1,0,1
97500,391,302,1,0,1
97594,385,299,1,0,1
97672,374,292,1,0,1
97750,363,284,1,0,1
97828,362,284,1,0,1
97906,362,284,1,0,1
97984,366,285,1,0,1
98062,375,288,1,0,1
98155,380,290,1,0,1
98233,385,293,1,0,1
98311,388,295,1,0,1
98389,399,305,1,0,1
98467,413,315,1,0,1
98545,425,326,1,0,1
98623,428,328,1,0,1
98701,428,328,1,0,1
98795,426,327,1,0,1
98873,414,322,1,0,1
98951,401,312,1,0,1
99029,395,305,1,0,1
99107,389,290,1,0,1
99185,386,281,1,0,1
99263,383,260,1,0,1
99341,383,259,1,0,1
99435,383,260,1,0,1
99513,386,263,1,0,1
99591,392,278,1,0,1
99669,396,287,1,0,1
99747,401,294,1,0,1
99825,405,299,1,0,1
99903,418,314,1,0,1
99996,426,331,1,0,1
100074,426,331,1,0,1
100152,426,331,1,0,1
100230,431,325,1,0,1
100308,445,308,1,0,1
100386,450,301,1,0,1
100464,463,286,1,0,1
100542,466,282,1,0,1
100636,466,282,1,0,1
100714,470,275,1,0,1
100792,471,274,1,0,1
100870,467,274,1,0,1
100948,453,276,1,0,1
101026,441,272,1,0,1
101104,427,263,1,0,1
101182,427,263,1,0,1
101275,408,266,1,0,1
101353,406,266,1,0,1
101431,403,268,1,0,1
101509,401,278,1,0,1
101587,402,292,1,0,1
101665,403,294,1,0,1
101743,407,302,1,0,1
101821,419,314,1,0,1
101915,423,317,1,0,1
101993,441,312,1,0,1
102071,457,301,1,0,1
102149,471,283,1,0,1
102227,473,280,1,0,1
102305,478,270,1,0,1
102383,461,256,1,0,1
102477,440,244,1,0,1
102555,377,212,1,0,1
102633,354,205,1,0,1
102711,342,205,1,0,1
102789,342,205,1,0,1
102867,321,213,1,0,1
102945,313,217,1,0,1
103023,305,229,1,0,1
103116,303,231,1,0,1
103194,305,235,1,0,1
103272,312,244,1,0,1
103350,321,250,1,0,1
103428,347,264,1,0,1
103506,410,285,1,0,1
103584,440,289,1,0,1
103662,446,294,1,0,1
103756,450,304,1,0,1
103834,450,306,1,0,1
103912,451,307,1,0,1
103990,553,312,1,0,1
104068,560,311,1,0,1
104146,542,303,1,0,1
104224,519,287,1,0,1
104317,515,283,1,0,1
104395,515,283,1,0,1
104473,515,283,1,0,1
104551,517,276,1,0,1
104629,517,276,1,0,1
104707,517,276,1,0,1
104785,517,276,1,0,1
104863,517,276,1,0,1
104957,516,275,1,0,1
105035,516,275,1,0,1
105113,516,275,1,0,1
105191,515,275,1,0,1
105269,515,275,1,0,1
105347,515,275,1,0,1
105425,515,271,1,0,1
105503,515,271,1,0,1
105597,515,271,1,0,1
105675,514,273,1,0,1
105753,511,281,1,0,1
105831,510,282,1,0,1
105909,508,280,1,0,1
105987,502,266,1,0,1
106065,501,254,1,0,1
106143,501,251,1,0,1
106236,502,247,1,0,1
106314,503,244,1,0,1
106392,512,245,1,0,1
106470,525,252,1,0,1
106548,530,255,1,0,1
106626,534,256,1,0,1
106704,564,254,1,0,1
106798,572,252,1,0,1
106876,566,250,1,0,1
106954,555,246,1,0,1
107032,555,246,1,0,1
107110,555,246,1,0,1
107188,555,246,1,0,1
107266,546,245,1,0,1
107344,483,252,1,0,1
107437,330,256,1,0,1
107515,274,254,1,0,1
107593,274,254,1,0,1
107671,269,251,1,0,1
107749,269,251,1,0,1
107827,286,242,1,0,1
107905,294,241,1,0,1
107983,322,208,1,0,1
108077,322,207,1,0,1
108155,322,207,1,0,1
108233,322,207,1,0,1
108311,322,207,1,0,1
108389,322,207,1,0,1
108467,322,207,1,0,1
108545,322,207,1,0,1
108639,323,207,1,0,1
108717,323,207,1,0,1
108795,323,207,1,0,1
108873,323,207,1,0,1
108951,343,233,1,0,1
109029,352,261,1,0,1
109107,356,273,1,0,1
109185,365,292,1,0,1
109278,366,300,1,0,1
109356,366,300,1,0,1
109434,366,300,1,0,1
109512,371,303,1,0,1
109590,382,307,1,0,1
109668,381,301,1,0,1
109746,415,290,1,0,1
109840,464,282,1,0,1
109918,488,267,1,0,1
109996,493,264,1,0,1
110074,493,264,1,0,1
110152,493,264,1,0,1
110230,511,283,1,0,0
110308,514,285,1,0,0
110401,514,285,1,0,0
110479,518,273,1,0,0
110557,519,269,1,0,0
110635,533,224,1,0,0
110713,538,213,1,0,0
110791,555,193,1,0,0
110869,568,181,1,0,0
110947,578,185,1,0,0
111041,593,205,1,0,0
111119,601,240,1,0,0
111197,595,279,1,0,0
111275,583,317,1,0,0
111353,579,340,1,0,0
111431,551,362,1,0,0
111509,488,389,1,0,0
111587,430,398,1,0,0
111681,394,375,1,0,0
111759,361,317,1,0,0
111837,347,263,1,0,0
111915,321,248,1,0,0
111993,246,269,1,0,0
112071,233,288,1,0,0
112149,231,305,1,0,0
112242,230,310,1,0,0
112320,229,311,1,0,1
112398,231,312,1,0,1
112476,243,317,1,0,1
112554,243,317,1,0,1
112632,250,318,1,0,1
112710,253,320,1,0,1
112804,254,320,1,0,1
112882,254,320,1,0,1
112960,259,322,1,0,1
113038,259,322,1,0,1
113116,259,322,1,0,1
113194,259,322,1,0,1
113272,263,333,1,0,1
113350,267,347,1,0,1
113443,270,371,1,0,1
113521,273,376,1,0,1
113599,311,392,1,0,1
113677,361,376,1,0,1
113755,408,306,1,0,1
113833,450,257,1,0,1
113911,504,225,1,0,0
113989,526,214,1,0,0
114083,585,187,1,0,0
114161,626,183,1,0,0
114239,652,195,1,0,0
114317,655,200,1,0,0
114395,654,218,1,0,0
114473,646,245,1,0,0
114551,637,265,1,0,0
114645,627,283,1,0,0
114723,615,303,1,0,0
114801,593,340,1,0,0
114879,562,370,1,0,0
114957,510,390,1,0,0
115035,353,416,1,0,0
115113,334,416,1,0,0
115191,318,357,1,0,0
115284,327,300,1,0,0
115362,345,276,1,0,0
115440,360,263,1,0,0
115518,409,230,1,0,0
115596,459,196,1,0,0
115674,514,171,1,0,0
115752,557,164,1,0,0
115846,577,166,1,0,0
115924,582,165,1,0,0
116002,581,165,1,0,1
116080,554,188,1,0,1
116158,474,221,1,0,1
116236,462,232,1,0,1
116314,461,234,1,0,1
116392,459,241,1,0,1
116485,459,241,1,0,1
116563,458,243,1,0,1
116641,454,246,1,0,1
116719,453,247,1,0,1
116797,447,253,1,0,1
116875,439,261,1,0,1
116953,439,261,1,0,1
117031,439,261,1,0,1
117125,439,261,1,0,1
117203,445,254,1,0,1
117281,471,212,1,0,1
117359,481,194,1,0,1
117437,487,186,1,0,1
117515,489,183,1,0,1
117593,498,169,1,0,1
117671,499,167,1,0,1
117765,497,169,1,0,1
117843,474,191,1,0,1
117921,456,208,1,0,1
117999,444,223,1,0,1
118077,436,246,1,0,1
118155,421,274,1,0,1
118233,419,278,1,0,1
118326,419,278,1,0,1
118404,430,259,1,0,1
118482,441,241,1,0,1
118560,443,239,1,0,1
118638,443,237,1,0,1
118716,453,217,1,0,1
118794,455,209,1,0,1
118872,462,182,1,0,1
118966,466,171,1,0,1
119044,466,171,1,0,1
119122,466,171,1,0,1
119200,465,177,1,0,1
119278,456,196,1,0,1
119356,444,218,1,0,1
119434,438,232,1,0,1
119512,433,249,1,0,1
119605,429,271,1,0,1
119684,425,288,1,0,1
119762,427,286,1,0,1
119840,433,274,1,0,1
119918,436,257,1,0,1
119996,440,230,1,0,1
120074,442,220,1,0,1
120152,442,220,1,0,1
120245,442,220,1,0,1
120323,442,220,1,0,1
120401,442,220,1,0,1
120479,442,220,1,0,0
120557,442,220,1,0,0
120635,442,220,1,0,0
120713,442,219,1,0,0
120807,352,211,1,0,0
120885,341,212,1,0,0
120963,336,210,1,0,0
121041,350,200,1,0,0
121119,415,170,1,0,0
121197,454,146,1,0,0
121275,472,137,1,0,0
121353,473,136,1,0,0
121446,473,136,1,0,0
121524,473,136,1,0,1
121602,473,136,1,0,1
121680,473,136,1,0,1
121758,473,136,1,0,1
121836,480,147,1,0,1
121914,479,161,1,0,1
121992,471,182,1,0,1
122086,469,187,1,0,1
122164,468,195,1,0,1
122242,471,214,1,0,1
122320,473,217,1,0,1
122398,476,218,1,0,1
122476,476,218,1,0,1
122554,475,217,1,0,1
122648,469,171,1,0,0
122726,459,159,1,0,0
122804,458,159,1,0,0
122882,458,159,1,0,0
122960,458,159,1,0,0
123038,458,159,0,0,0
123116,452,162,0,0,0
123194,441,167,0,0,0
123287,440,168,0,0,0
123365,440,168,0,0,0
123443,433,179,0,0,0
123521,433,185,0,0,0
123599,433,186,1,0,0
123677,435,188,1,0,0
123755,435,188,1,0,0
123833,441,199,1,0,0
123927,441,199,1,0,0
124005,442,200,1,0,0
124083,448,199,1,0,0
124161,452,197,1,0,0
124239,453,196,1,0,0
124317,459,192,1,0,0
124395,463,190,0,0,0
124473,463,190,0,0,0
124566,463,190,0,0,0
124644,464,191,0,0,0
124722,464,191,0,0,0
124800,464,191,0,0,0
124878,466,195,0,0,0
124956,467,200,0,0,0
125034,468,205,1,0,0
125128,468,205,1,0,0
125206,468,205,1,0,0
125284,469,205,1,0,0
125362,469,205,1,0,0
125440,469,205,1,0,0
125518,469,205,1,0,0
125596,480,199,1,0,0
125674,480,198,0,0,0
125768,480,199,0,0,0
125846,480,199,0,0,0
125924,481,199,0,0,0
126002,481,199,0,0,0
126080,481,199,0,0,0
126158,482,201,0,0,0
126236,483,202,0,0,0
126314,483,202,1,0,0
126407,483,202,1,0,0
126485,483,203,1,0,0
126563,480,247,1,0,0
126641,485,301,1,0,0
126719,483,337,1,0,1
126797,484,365,1,0,1
126875,484,366,1,0,1
126969,483,371,1,0,1
127047,481,376,1,0,1
127125,481,376,1,0,1
127203,492,363,1,0,1
127281,511,322,1,0,1
127359,520,284,1,0,1
127437,520,254,1,0,1
127515,528,218,1,0,1
127608,533,206,1,0,1
127686,535,206,1,0,1
127764,543,207,1,0,1
127842,549,217,1,0,1
127920,549,219,1,0,1
128014,549,218,1,0,1
128092,551,214,1,0,1
128170,562,199,1,0,1
128248,562,199,1,0,1
128326,563,199,1,0,1
128404,572,193,0,0,1
128482,572,193,0,0,1
128560,589,191,0,0,1
128654,594,190,0,0,1
128732,600,187,0,0,1
128810,606,183,0,0,1
128888,606,183,1,0,1
128966,606,183,1,0,1
129044,605,183,1,0,1
129122,605,183,1,0,1
129200,605,182,1,0,1
129293,605,182,1,0,1
129371,606,181,1,0,1
129449,610,176,0,0,1
129527,611,176,0,0,1
129605,629,166,0,0,1
129683,634,163,0,0,1
129761,643,161,0,0,1
129839,673,155,0,0,1
129933,686,151,0,0,1
130011,712,142,1,0,1
130089,715,141,1,0,1
130167,714,146,1,0,1
130245,708,155,1,0,1
130323,704,160,1,0,1
130401,703,162,1,0,1
130479,702,164,1,0,1
130572,696,167,1,0,1
130650,659,183,1,0,1
130728,588,226,1,0,1
130806,532,257,1,0,1
130884,511,269,1,0,1
130962,507,271,1,0,1
131040,506,271,1,0,1
131134,500,281,1,0,1
131212,499,286,1,0,1
131290,503,288,1,0,1
131368,505,290,1,0,1
131446,505,290,1,0,1
131524,507,291,1,0,1
131602,541,309,1,0,1
131680,553,317,1,0,1
131774,559,320,1,0,1
131852,559,320,1,0,1
131930,556,319,1,0,1
132008,553,318,1,0,1
132086,553,318,1,0,1
132164,562,314,1,0,1
132242,566,315,1,0,1
132320,566,315,1,0,1
132413,562,315,1,0,1
132491,504,304,1,0,1
132569,468,298,1,0,1
132647,443,298,1,0,1
132725,425,298,1,0,1
132803,425,298,1,0,1
132881,424,299,1,0,1
132959,416,300,1,0,1
133053,416,300,1,0,1
133131,416,300,1,0,1
133209,412,299,1,0,1
133287,410,298,1,0,1
133365,407,297,1,0,1
133443,384,297,1,0,1
133521,380,297,1,0,1
133614,380,297,1,0,1
133692,380,296,1,0,1
133770,369,294,1,0,1
133848,337,295,1,0,1
133926,337,295,1,0,1
134004,337,295,1,0,1
134082,337,295,1,0,1
134160,337,295,1,0,1
134254,340,296,1,0,1
134332,342,297,1,0,1
134410,344,298,1,0,1
134488,349,300,1,0,1
134566,349,301,1,0,1
134644,349,302,1,0,1
134722,351,305,1,0,1
134800,351,306,1,0,1
134894,353,307,1,0,1
134972,354,307,1,0,1
135050,354,307,1,0,1
135128,356,309,1,0,1
135206,356,309,1,0,1
135284,354,308,1,0,1
135362,337,302,1,0,1
135455,336,302,1,0,1
135533,336,302,1,0,1
135611,336,302,1,0,1
135689,337,303,1,0,1
135767,341,304,1,0,1
135845,347,306,1,0,1
135923,355,309,1,0,1
136001,356,310,1,0,1
136095,362,312,1,0,1
136173,392,332,1,0,1
136251,413,346,1,0,1
136329,413,346,1,0,1
136407,419,343,1,0,1
136485,450,326,1,0,1
136563,453,322,1,0,1
136656,455,321,1,0,1
136734,454,321,1,0,1
136812,442,317,1,0,1
136890,428,312,1,0,1
136968,417,315,1,0,1
137046,399,323,1,0,1
137124,398,324,1,0,1
137202,392,324,1,0,1
137296,382,322,1,0,1
137374,376,322,1,0,1
137452,370,325,1,0,1
137530,368,328,0,0,1
137608,349,342,1,0,1
137686,349,342,1,0,1
137764,349,342,1,0,1
137858,349,342,1,0,1
137936,349,363,1,0,1
138014,349,369,1,0,1
138092,352,369,1,0,1
138170,355,370,1,0,1
138248,359,373,0,0,1
138326,359,374,0,0,1
138404,361,375,0,0,1
138497,365,378,0,0,1
138575,372,381,0,0,1
138653,373,383,0,0,1
138731,373,390,0,0,1
138809,374,395,1,0,1
138887,375,395,1,0,1
138965,377,396,1,0,1
139043,381,404,1,0,1
139137,386,412,1,0,1
139215,391,420,1,0,1
139293,392,421,0,0,1
139371,399,436,0,0,1
139449,406,454,0,0,1
139527,413,465,0,0,1
139605,418,474,0,0,1
139683,423,493,0,0,1
139776,425,497,0,0,1
139854,431,518,0,0,1
139932,439,540,1,0,1
140010,445,554,1,0,1
140088,448,559,1,0,1
140166,450,560,1,0,1
140244,451,560,1,0,1
140322,456,557,1,0,1
140416,514,539,1,0,1
140494,520,517,1,0,1
140572,524,483,1,0,1
140650,521,457,1,0,1
140728,514,415,1,0,1
140806,509,384,1,0,1
140884,496,340,1,0,1
140978,481,299,1,0,1
141056,463,252,1,0,1
141134,427,185,1,0,1
141212,366,132,1,0,1
141290,365,132,1,0,1
141368,365,132,1,0,1
141446,365,132,1,0,1
141524,365,129,1,0,1
141617,365,125,1,0,1
141695,365,125,1,0,1
141773,366,123,1,0,1
141851,367,127,1,0,1
141929,367,127,1,0,1
142007,367,127,1,0,1
142085,372,131,1,0,1
142163,375,133,1,0,1
142257,381,135,1,0,1
142335,395,140,1,0,1
142413,398,141,1,0,1
142491,411,145,1,0,1
142569,411,145,1,0,1
142647,411,145,1,0,1
142725,411,145,1,0,1
142803,411,145,1,0,1
142896,411,145,1,0,1
142974,411,145,1,0,1
143052,411,145,1,0,1
143130,411,145,1,0,1
143208,411,145,1,0,1
143286,411,145,1,0,1
143364,411,145,1,0,1
143442,411,145,1,0,1
143536,411,145,1,0,1
143614,411,145,1,0,1
143692,411,145,1,0,1
143770,414,137,1,0,1
143848,418,122,1,0,1
143926,421,104,1,0,1
144004,421,102,1,0,1
144098,417,92,1,0,1
144176,411,78,1,0,1
144254,410,77,1,0,1
144332,400,73,1,0,1
144410,399,72,1,0,1
144488,399,72,1,0,1
144566,399,72,1,0,1
144644,399,72,1,0,1
144737,399,72,1,0,1
144815,399,72,1,0,1
144893,399,72,1,0,1
144971,399,72,1,0,1
145049,399,72,1,0,1
145127,400,85,1,0,1
145205,402,94,1,0,1
145283,403,96,1,0,1
145377,403,96,1,0,1
145455,403,105,1,0,1
145533,402,107,1,0,1
145611,389,107,1,0,1
145689,384,107,1,0,1
145767,384,107,1,0,1
145845,379,116,1,0,1
145923,373,129,1,0,1
146016,373,130,1,0,1
146094,373,130,1,0,1
146172,372,123,1,0,1
146250,381,92,1,0,1
146328,385,77,1,0,1
146406,388,67,1,0,1
146484,390,60,1,0,1
146578,395,55,1,0,1
146656,409,43,1,0,1
146734,410,43,1,0,1
146812,406,45,1,0,1
146890,379,64,1,0,1
146968,376,67,1,0,1
147046,376,69,1,0,1
147124,376,77,1,0,1
147218,376,78,1,0,1
147296,373,89,1,0,1
147374,367,105,1,0,1
147452,359,121,1,0,1
147530,357,152,1,0,1
147608,358,171,1,0,1
147686,358,171,1,0,1
147764,358,171,1,0,1
147857,358,171,1,0,1
147935,368,160,1,0,1
148013,368,159,1,0,1
148091,370,154,1,0,1
148169,376,141,1,0,1
148247,376,141,1,0,1
148325,387,147,1,0,1
148419,426,193,1,0,1
148497,440,225,1,0,1
148575,445,264,1,0,1
148653,449,285,1,0,1
148731,449,286,1,0,1
148809,447,301,1,0,1
148887,447,319,1,0,1
148965,445,336,1,0,1
149058,443,338,1,0,1
149136,443,338,1,0,1
149214,443,341,1,0,1
149292,443,356,1,0,1
149370,443,357,1,0,1
149448,437,352,1,0,1
149526,429,332,1,0,1
149620,427,324,1,0,1
149698,423,309,1,0,1
149776,417,294,1,0,1
149854,410,281,1,0,1
149932,409,277,1,0,1
150010,409,277,1,0,1
150088,380,286,1,0,1
150166,363,291,1,0,1
150260,343,296,1,0,1
150338,327,296,1,0,1
150416,327,296,1,0,1
150494,327,296,1,0,1
150572,326,296,1,0,1
150650,302,297,1,0,1
150728,301,297,1,0,1
150806,300,296,1,0,1
150899,300,296,1,0,1
150977,295,295,1,0,1
151055,276,298,1,0,1
151133,261,300,1,0,1
151211,261,300,1,0,1
151289,261,300,1,0,1
151367,258,300,1,0,1
151461,258,300,1,0,1
151539,258,300,1,0,1
151617,269,303,1,0,1
151695,276,304,1,0,1
151773,286,299,1,0,1
151851,306,295,1,0,1
151929,352,287,1,0,1
152023,366,287,1,0,1
152101,407,292,1,0,1
152179,458,294,1,0,1
152257,482,309,1,0,1
152335,497,316,1,0,1
152413,511,327,1,0,1
152491,526,349,1,0,1
152569,532,370,1,0,1
152662,538,402,1,0,1
152740,538,408,1,0,1
152818,527,417,1,0,1
152896,473,412,1,0,1
152974,394,399,1,0,1
153052,369,385,1,0,1
153130,336,348,1,0,1
153208,307,300,1,0,1
153302,290,262,1,0,1
153380,282,249,1,0,1
153458,274,243,1,0,1
153536,256,226,1,0,1
153614,246,215,1,0,1
153692,244,212,1,0,1
153770,244,212,1,0,1
153848,244,212,1,0,1
153941,244,212,1,0,1
154019,242,212,1,0,1
154097,231,213,1,0,1
154175,228,213,1,0,1
154253,225,214,1,0,1
154331,221,217,1,0,1
154409,221,217,1,0,1
154487,221,217,1,0,1
154581,221,217,1,0,1
154659,221,217,1,0,1
154737,223,220,1,0,1
154815,222,222,1,0,1
154893,221,225,1,0,1
154971,220,227,1,0,1
155049,220,227,1,0,1
155143,220,227,1,0,1
155221,220,232,1,0,1
155299,219,236,1,0,1
155377,219,236,1,0,1
155455,219,236,1,0,1
155533,214,232,1,0,1
155611,210,228,1,0,1
155704,210,228,1,0,1
155782,222,220,1,0,1
155860,231,217,1,0,1
155938,240,213,1,0,1
156016,243,211,1,0,1
156094,243,211,1,0,1
156172,254,210,1,0,1
156250,260,211,1,0,1
156344,270,214,1,0,1
156422,270,214,1,0,1
156500,270,214,1,0,1
156578,263,217,1,0,1
156656,255,221,1,0,1
156734,229,236,1,0,1
156812,212,250,1,0,1
156890,211,251,1,0,1
156983,209,250,1,0,1
157061,209,250,1,0,1
157139,209,250,1,0,1
157217,208,249,1,0,1
157295,209,247,1,0,1
157373,210,246,1,0,1
157451,212,245,1,0,1
157545,219,240,1,0,1
157623,227,230,1,0,1
157701,231,228,1,0,1
157779,242,220,1,0,1
157857,254,215,1,0,1
157935,261,214,1,0,1
158013,270,210,1,0,1
158091,271,210,1,0,1
158185,281,200,1,0,1
158263,294,191,1,0,1
158341,295,192,1,0,1
158419,299,194,1,0,1
158497,277,207,1,0,1
158575,238,229,1,0,1
158653,219,243,1,0,1
158746,206,260,1,0,1
158824,199,268,1,0,1
158902,199,268,1,0,1
158980,201,267,1,0,1
159058,226,242,1,0,1
159136,242,225,1,0,1
159214,249,217,1,0,1
159292,256,208,1,0,1
159386,267,196,1,0,1
159464,281,182,1,0,1
159542,286,178,1,0,1
159620,298,176,1,0,1
159698,304,174,1,0,1
159776,304,174,1,0,1
159854,298,182,1,0,1
159932,286,195,1,0,1
160025,275,206,1,0,1
160103,261,221,1,0,1
160181,243,238,1,0,1
160259,227,252,1,0,1
160337,226,253,1,0,1
160415,226,253,1,0,1
160493,226,253,1,0,1
160587,245,240,1,0,1
160665,271,218,1,0,1
160743,281,209,1,0,1
160821,285,205,1,0,1
160899,300,194,1,0,1
160977,314,178,1,0,1
161055,314,178,1,0,1
161133,314,178,1,0,1
161227,315,179,1,0,0
161305,315,179,1,0,0
161383,315,180,1,0,0
161461,337,223,1,0,0
161539,389,253,1,0,0
161617,511,262,1,0,0
161695,524,263,1,0,0
161773,533,266,1,0,0
161866,576,287,1,0,0
161944,581,311,1,0,0
162022,534,330,1,0,0
162100,308,309,1,0,0
162178,270,304,1,0,0
162256,270,300,1,0,0
162334,270,300,1,0,0
162412,268,300,1,0,0
162506,252,288,1,0,1
162584,251,286,1,0,1
162662,260,273,1,0,1
162740,273,262,1,0,1
162818,276,260,1,0,1
162896,291,252,1,0,1
162974,292,252,1,0,1
163052,292,252,1,0,1
163145,292,252,1,0,1
163223,307,239,1,0,1
163301,316,231,1,0,1
163379,319,230,1,0,1
163457,319,229,1,0,1
163535,321,225,1,0,1
163613,323,220,1,0,1
163707,323,218,1,0,1
163785,327,221,1,0,1
163863,329,222,1,0,1
163941,330,222,1,0,1
164019,330,222,1,0,1
164097,330,222,1,0,1
164175,330,222,1,0,1
164253,330,222,1,0,1
164347,330,222,1,0,1
164425,330,222,1,0,1
164503,330,222,1,0,1
164581,330,222,1,0,1
164659,330,222,1,0,1
164737,330,222,1,0,1
164815,330,222,1,0,1
164893,330,222,1,0,1
164986,331,223,1,0,1
165064,333,225,1,0,1
165142,336,226,1,0,1
165220,341,229,1,0,1
165298,352,236,1,0,1
165376,369,246,1,0,1
165454,400,259,1,0,1
165532,426,268,1,0,1
165626,426,268,1,0,1
165704,436,273,1,0,1
165782,436,273,1,0,1
165860,439,275,1,0,0
165938,439,275,1,0,0
166016,439,275,1,0,0
166094,439,275,1,0,0
166172,439,275,1,0,0
166265,439,275,1,0,0
166343,439,275,1,0,0
166421,439,275,1,0,0
166499,439,275,1,0,0
166577,439,275,1,0,0
166655,439,275,1,0,0
166733,439,275,1,0,0
166827,436,270,1,0,0
166905,433,269,1,0,0
166983,433,269,1,0,0
167061,433,269,1,0,0
167139,433,269,1,0,0
167217,433,269,1,0,0
167295,433,269,1,0,0
167373,433,269,1,0,0
167467,433,269,1,0,0
167545,433,269,1,0,0
167623,433,269,1,0,0
167701,433,269,1,0,0
167779,433,269,1,0,0
167857,433,269,1,0,0
167935,433,269,1,0,0
168013,433,268,1,0,0
168106,420,226,1,0,0
168184,417,220,1,0,0
168262,417,220,1,0,0
168340,417,220,1,0,0
168418,417,220,1,0,0
168496,417,220,1,0,0
168574,417,220,1,0,0
168652,417,220,1,0,0
168746,417,220,1,0,0
168824,417,220,1,0,0
168902,417,220,1,0,0
168980,417,220,1,0,0
169058,339,194,1,0,0
169136,288,192,1,0,0
169214,288,192,1,0,0
169307,288,192,1,0,0
169385,288,192,1,0,0
169463,288,192,1,0,0
169541,288,192,1,0,0
169619,288,192,1,0,0
169697,288,192,1,0,0
169775,288,192,1,0,0
169853,288,192,1,0,0
169947,288,192,1,0,0
170025,288,192,1,0,0
170103,288,192,1,0,0
170181,288,192,1,0,0
170259,288,192,1,0,0
170337,288,192,1,0,0
170415,288,192,1,0,0
170493,288,192,1,0,0
170587,288,192,1,0,0
170665,288,192,1,0,0
170743,288,192,1,0,0
170821,288,192,1,0,0
170899,288,192,1,0,0
170977,288,192,1,0,0
171055,288,192,1,0,0
171133,288,192,1,0,0
171226,288,192,1,0,0
171304,288,192,1,0,0
171382,288,192,1,0,0
171460,288,192,1,0,0
171538,316,186,1,0,0
171616,318,185,1,0,0
171694,318,185,1,0,0
171772,326,186,1,0,0
171866,335,186,1,0,0
171944,352,186,1,0,0
172022,362,187,1,0,0
172100,377,185,1,0,0
172178,386,185,1,0,0
172256,386,185,1,0,0
172334,387,185,1,0,0
172427,394,194,1,0,0
172505,409,209,1,0,0
172583,422,222,1,0,0
172661,427,226,1,0,0
172739,427,233,1,0,0
172817,427,236,1,0,0
172895,427,236,1,0,0
172973,427,236,1,0,0
173067,427,236,1,0,0
173145,427,236,1,0,0
173223,424,239,1,0,0
173301,417,246,1,0,0
173379,416,248,1,0,0
173457,377,224,1,0,0
173535,286,171,1,0,0
173613,273,160,1,0,0
173707,271,149,1,0,0
173785,271,149,1,0,0
173863,299,159,1,0,1
173941,310,166,1,0,1
174019,319,179,1,0,1
174097,325,189,1,0,1
174175,334,199,1,0,1
174253,339,207,1,0,1
174346,342,212,1,0,1
174424,343,213,1,0,1
174502,343,213,1,0,1
174580,347,218,1,0,1
174658,353,231,1,0,1
174736,359,241,1,0,1
174814,361,242,0,0,1
174892,361,242,1,0,1
174986,361,242,1,0,1
175064,363,243,1,0,1
175142,365,244,1,0,1
175220,370,247,1,0,1
175298,381,261,1,0,1
175376,384,264,1,0,1
175454,397,281,1,0,1
175547,402,287,1,0,1
175625,415,302,0,0,1
175703,428,318,0,0,1
175781,428,318,0,0,1
175859,437,335,0,0,1
175937,438,338,0,0,1
176015,438,338,0,0,1
176093,440,340,0,0,1
176187,441,340,0,0,1
176265,441,340,0,0,1
176343,442,341,0,0,1
176421,443,342,0,0,1
176499,444,344,1,0,1
176577,444,346,1,0,1
176655,448,350,1,0,1
176733,450,351,1,0,1
176827,450,351,1,0,1
176905,450,351,1,0,1
176983,438,346,1,0,1
177061,423,337,1,0,1
177139,418,334,1,0,1
177217,415,333,1,0,1
177295,415,333,0,0,1
177373,429,332,0,0,1
177466,431,331,0,0,1
177544,434,329,0,0,1
177622,434,329,0,0,1
177700,432,328,0,0,1
177778,431,328,0,0,1
177856,431,328,0,0,1
177934,428,329,1,0,1
178028,426,331,1,0,1
178106,424,332,1,0,1
178184,422,333,1,0,1
178262,406,353,1,0,1
178340,400,360,1,0,1
178418,400,360,1,0,1
178496,400,360,1,0,1
178574,403,357,1,0,1
178667,407,352,1,0,1
178745,407,352,1,0,1
178823,407,352,0,0,1
178901,407,352,0,0,1
178979,405,351,0,0,1
179057,396,348,0,0,1
179135,391,346,0,0,1
179213,394,346,0,0,1
179307,409,350,0,0,1
179385,417,352,0,0,1
179463,420,353,0,0,1
179541,420,353,1,0,1
179619,420,353,0,0,1
179697,420,355,0,0,1
179775,422,364,0,0,1
179869,423,368,0,0,1
179947,423,368,0,0,1
180025,423,368,0,0,1
180103,423,368,0,0,1
180181,406,376,0,0,1
180259,396,379,0,0,1
180337,396,379,0,0,1
180415,395,382,0,0,1
180508,395,383,0,0,1
180586,396,388,0,0,1
180664,403,397,1,0,1
180742,418,403,0,0,1
180820,467,407,0,0,1
180898,474,408,0,0,1
180976,474,408,0,0,1
181054,475,408,0,0,1
181148,478,408,0,0,1
181226,478,408,1,0,1
181304,478,408,1,0,1
181382,478,411,1,0,1
181460,476,419,1,0,1
181538,477,429,1,0,1
181616,477,430,1,0,1
181694,477,432,1,0,1
181787,477,436,1,0,1
181865,477,437,1,0,1
181943,477,437,1,0,1
182022,475,435,1,0,1
182100,459,398,1,0,1
182178,397,317,1,0,1
182256,352,264,1,0,1
182349,347,255,1,0,1
182427,385,236,1,0,1
182505,465,212,1,0,1
182583,481,202,1,0,1
182661,514,198,1,0,1
182739,514,198,1,0,1
182817,515,198,1,0,1
182895,515,198,1,0,1
182989,516,201,1,0,1
183067,516,202,1,0,1
183145,516,203,1,0,1
183223,509,210,1,0,1
183301,506,213,1,0,1
183379,500,217,1,0,1
183457,481,226,1,0,1
183550,478,228,1,0,1
183628,454,238,1,0,1
183706,451,239,1,0,1
183784,449,239,1,0,1
183862,445,236,1,0,1
183940,445,236,1,0,1
184018,446,236,1,0,1
184096,474,234,1,0,1
184190,478,233,1,0,1
184268,497,218,1,0,1
184346,534,190,1,0,1
184424,581,163,1,0,1
184502,587,160,1,0,1
184580,609,140,1,0,1
184658,616,128,1,0,1
184736,616,129,1,0,1
184830,575,167,1,0,1
184908,528,193,1,0,1
184986,521,196,1,0,1
185064,489,206,1,0,1
185142,462,219,1,0,1
185220,455,223,1,0,1
185298,439,234,1,0,1
185376,439,234,1,0,1
185469,439,234,1,0,1
185547,439,234,1,0,1
185625,439,234,1,0,1
185703,438,234,1,0,1
185781,424,233,1,0,1
185859,400,229,1,0,1
185937,371,229,1,0,1
186015,369,228,1,0,1
186109,364,226,1,0,1
186187,356,221,1,0,1
186265,345,234,1,0,1
186343,327,260,1,0,1
186421,315,290,1,0,1
186499,311,315,1,0,1
186577,311,320,1,0,1
186670,311,320,1,0,1
186748,311,320,1,0,1
186826,310,319,1,0,1
186904,308,318,1,0,1
186982,300,314,1,0,1
187060,295,311,1,0,1
187138,290,309,1,0,1
187216,290,309,1,0,1
187310,290,309,1,0,1
187388,290,309,1,0,1
187466,290,309,1,0,1
187544,290,309,1,0,1
187622,290,309,1,0,1
187700,290,309,1,0,1
187778,286,320,1,0,1
187856,287,324,1,0,1
187950,290,325,1,0,1
188028,297,327,1,0,1
188106,358,328,1,0,1
188184,402,331,1,0,1
188262,406,331,1,0,1
188340,406,331,1,0,1
188418,407,331,1,0,1
188496,413,320,1,0,1
188589,413,319,1,0,1
188667,412,319,1,0,1
188745,409,316,1,0,1
188823,407,315,1,0,1
188901,405,313,1,0,1
188979,402,311,1,0,1
189057,402,311,1,0,1
189135,402,311,1,0,1
189229,402,312,1,0,1
189307,402,315,1,0,1
189385,402,315,1,0,1
189463,403,318,1,0,1
189541,403,318,1,0,1
189619,402,318,1,0,1
189697,398,319,1,0,1
189790,397,319,1,0,1
189868,397,322,1,0,1
189946,396,325,1,0,1
190024,396,325,1,0,1
190102,396,325,1,0,1
190180,396,325,1,0,1
190258,395,326,1,0,1
190336,395,326,1,0,1
190430,395,326,1,0,1
190508,395,326,1,0,1
190586,392,333,1,0,1
190664,389,341,1,0,1
190742,389,341,1,0,1
190820,387,349,1,0,1
190898,385,352,1,0,1
190976,385,352,1,0,1
191070,380,357,1,0,1
191148,370,364,1,0,1
191226,368,363,1,0,1
191304,368,353,1,0,1
191382,370,342,1,0,1
191460,370,341,1,0,1
191538,373,336,1,0,1
191616,374,334,1,0,1
191709,380,326,1,0,1
191787,384,321,1,0,1
191865,387,317,1,0,1
191943,393,311,1,0,1
192021,400,303,1,0,1
192099,408,294,1,0,1
192177,409,294,1,0,1
192271,416,330,1,0,1
192349,417,349,1,0,1
192427,417,349,1,0,1
192505,417,349,1,0,1
192583,417,349,1,0,1
192661,416,357,1,0,1
192739,414,359,1,0,1
192817,414,359,1,0,1
192910,412,356,1,0,1
192988,409,350,1,0,1
193066,408,349,1,0,1
193144,406,342,1,0,1
193222,405,341,1,0,1
193300,392,331,1,0,1
193378,390,329,1,0,1
193456,390,329,1,0,1
193550,390,330,1,0,1
193628,377,341,1,0,1
193706,373,348,1,0,1
193784,373,349,1,0,1
193862,371,352,1,0,1
193940,376,357,1,0,1
194018,378,363,1,0,1
194096,379,364,1,0,1
194190,387,365,1,0,1
194268,401,355,1,0,1
194346,411,345,1,0,1
194424,425,335,1,0,1
194502,437,321,1,0,1
194580,436,315,1,0,1
194658,433,310,1,0,1
194736,428,305,1,0,1
194829,425,304,1,0,1
194907,423,304,1,0,1
194985,423,304,1,0,1
195063,410,312,1,0,1
195141,403,321,1,0,1
195219,403,330,1,0,1
195297,409,334,1,0,1
195391,419,341,1,0,1
195469,424,343,1,0,1
195547,443,330,1,0,1
195625,457,313,1,0,1
195703,467,293,1,0,1
195781,470,284,1,0,1
195859,474,267,1,0,1
195937,475,254,1,0,1
196030,472,245,1,0,1
196108,468,235,1,0,1
196186,466,229,1,0,1
196264,466,229,1,0,1
196342,466,229,1,0,1
196420,436,249,1,0,1
196498,434,250,1,0,1
196576,434,250,1,0,1
196670,410,252,1,0,1
196748,401,253,1,0,1
196826,386,253,1,0,1
196904,367,258,1,0,1
196982,352,264,1,0,1
197060,348,262,1,0,1
197138,348,262,1,0,1
197216,348,262,1,0,1
197310,348,262,1,0,1
197388,367,253,1,0,1
197466,388,245,1,0,1
197544,406,244,1,0,1
197622,427,240,1,0,1
197700,450,230,1,0,1
197778,482,217,1,0,1
197856,498,207,1,0,1
197949,512,192,1,0,1
198027,532,168,1,0,1
198105,539,159,1,0,1
198183,557,138,1,0,1
198261,575,109,1,0,1
198339,577,103,1,0,1
198417,579,99,1,0,1
198511,579,98,1,0,1
198589,575,91,1,0,1
198667,573,87,1,0,1
198745,551,101,1,0,1
198823,521,122,1,0,1
198901,510,134,1,0,1
198979,500,146,1,0,1
199057,492,156,1,0,1
199150,478,174,1,0,1
199228,466,194,1,0,1
199306,448,226,1,0,1
199384,439,246,1,0,1
199462,439,250,1,0,1
199540,439,253,1,0,1
199618,444,249,1,0,1
199696,487,217,1,0,1
199790,499,186,1,0,1
199868,503,161,1,0,1
199946,504,152,1,0,1
200024,509,140,1,0,1
200102,522,126,1,0,1
200180,564,120,1,0,1
200258,574,120,1,0,1
200336,584,124,1,0,1
200430,601,127,1,0,1
200508,602,127,1,0,1
200586,601,127,1,0,1
200664,564,126,1,0,1
200742,510,131,1,0,1
200820,480,142,1,0,1
200898,452,156,1,0,1
200991,439,163,1,0,1
201069,424,174,1,0,1
201147,385,219,1,0,1
201225,364,248,1,0,1
201303,348,274,1,0,1
201381,347,278,1,0,1
201459,358,270,1,0,1
201537,391,250,1,0,1
201631,431,218,1,0,1
201709,444,209,1,0,1
201787,468,188,1,0,1
201865,483,176,1,0,1
201943,492,173,1,0,1
202021,510,182,1,0,1
202099,522,186,1,0,1
202177,542,196,1,0,1
202270,558,207,1,0,1
202348,560,209,1,0,1
202426,558,209,1,0,1
202504,523,198,1,0,1
202582,450,196,1,0,1
202660,435,198,1,0,1
202754,426,208,1,0,1
202832,391,230,1,0,1
202910,379,242,1,0,1
202988,379,242,1,0,1
203066,388,232,1,0,1
203144,430,203,1,0,1
203222,481,170,1,0,1
203300,503,154,1,0,1
203394,522,128,1,0,1
203472,533,111,1,0,1
203550,541,100,1,0,1
203628,541,100,1,0,1
203706,545,104,1,0,1
203784,544,110,1,0,1
203862,542,118,1,0,1
203955,539,124,1,0,1
204033,535,132,1,0,1
204111,529,142,1,0,1
204189,529,143,1,0,1
204267,526,149,1,0,1
204345,525,152,1,0,1
204423,525,152,1,0,1
204501,524,158,1,0,1
204595,524,159,1,0,1
204673,523,167,1,0,1
204751,523,168,1,0,1
204829,523,171,1,0,1
204907,520,176,1,0,1
204985,519,177,1,0,1
205063,518,177,1,0,1
205156,515,179,1,0,1
205234,510,182,1,0,1
205312,504,188,1,0,1
205390,503,189,1,0,1
205468,499,195,1,0,1
205546,494,201,1,0,1
205624,490,206,1,0,1
205702,487,210,1,0,1
205796,487,210,1,0,1
205874,478,218,1,0,1
205952,478,220,1,0,1
206030,474,223,1,0,1
206108,467,233,1,0,1
206186,464,236,1,0,1
206264,461,240,1,0,1
206342,461,240,1,0,1
206436,455,236,1,0,1
206514,458,223,1,0,1
206592,463,213,1,0,1
206670,465,211,1,0,1
206748,480,200,1,0,1
206826,487,195,1,0,1
206904,493,191,1,0,1
206997,493,191,1,0,1
207075,486,208,1,0,1
207153,477,219,1,0,1
207231,458,236,1,0,1
207309,447,245,1,0,1
207387,442,250,1,0,1
207465,431,259,1,0,1
207543,430,259,1,0,1
207637,409,271,1,0,1
207715,408,272,1,0,1
207793,408,272,1,0,1
207871,413,268,1,0,1
207949,424,258,1,0,1
208027,430,252,1,0,1
208105,442,241,1,0,1
208183,446,238,1,0,1
208276,458,233,1,0,1
208354,467,229,1,0,1
208432,467,230,1,0,1
208510,456,254,1,0,1
208588,410,280,1,0,1
208666,350,291,1,0,1
208744,335,295,1,0,1
208822,300,314,1,0,1
208916,267,332,1,0,1
208994,265,333,1,0,1
209072,265,333,1,0,1
209150,291,303,1,0,0
209228,346,273,1,0,0
209306,373,257,1,0,0
209384,401,248,1,0,0
209478,417,241,1,0,0
209556,452,230,1,0,0
209634,462,235,1,0,0
209712,533,260,1,0,0
209790,561,270,1,0,0
209868,457,287,1,0,0
209946,302,301,1,0,0
210024,253,311,1,0,0
210117,229,319,1,0,0
210195,217,321,1,0,0
210273,211,319,1,0,1
210351,211,319,1,0,1
210429,211,319,1,0,1
210507,213,319,1,0,1
210585,223,323,1,0,1
210663,234,326,1,0,1
210757,242,327,1,0,1
210835,300,327,1,0,1
210913,307,325,1,0,1
210991,307,325,1,0,1
211069,306,325,1,0,1
211147,306,325,1,0,1
211225,306,325,1,0,1
211303,306,325,1,0,1
211396,307,325,1,0,1
211474,307,325,1,0,1
211552,307,325,1,0,1
211630,307,325,1,0,1
211708,307,325,1,0,1
211786,347,329,1,0,1
211864,359,327,1,0,1
211958,400,294,1,0,1
212036,406,289,1,0,1
212114,424,276,1,0,1
212192,463,264,1,0,1
212270,500,271,1,0,0
212348,549,277,1,0,0
212426,549,277,1,0,0
212520,549,277,1,0,0
212598,549,278,1,0,0
212676,549,278,1,0,0
212754,549,278,1,0,0
212832,545,277,1,0,0
212910,544,276,1,0,0
212988,544,276,1,0,0
213066,544,276,1,0,0
213159,544,276,1,0,0
213237,544,276,1,0,0
213315,544,276,1,0,0
213393,544,276,1,0,0
213471,544,276,1,0,0
213549,544,276,1,0,0
213627,544,276,1,0,0
213705,544,276,1,0,0
213799,546,259,1,0,0
213877,554,149,1,0,0
213955,552,82,1,0,0
214033,547,67,1,0,0
214111,547,66,1,0,0
214189,547,66,1,0,1
214267,545,68,1,0,1
214345,527,86,1,0,1
214439,500,97,1,0,1
214517,475,106,1,0,1
214595,475,106,1,0,1
214673,475,106,1,0,1
214751,478,109,1,0,1
214829,480,110,1,0,1
214907,481,113,1,0,1
215000,481,115,1,0,1
215078,481,115,1,0,1
215156,481,117,1,0,1
215234,481,117,1,0,1
215312,457,123,1,0,1
215390,447,126,1,0,1
215468,447,126,1,0,1
215546,435,136,1,0,1
215640,421,149,1,0,1
215718,414,157,1,0,1
215796,414,157,1,0,1
215874,409,168,1,0,1
215952,406,175,1,0,1
216030,406,176,1,0,1
216108,405,183,1,0,1
216186,394,193,1,0,1
216279,370,213,1,0,1
216357,366,249,1,0,1
216435,372,262,1,0,1
216513,369,270,1,0,1
216591,361,278,1,0,1
216669,271,301,1,0,1
216747,241,303,1,0,1
216825,241,302,1,0,1
216919,291,307,1,0,1
216997,399,302,1,0,1
217075,441,300,1,0,1
217153,493,288,1,0,1
217231,527,265,1,0,1
217309,539,248,1,0,1
217387,586,218,1,0,0
217465,663,229,1,0,0
217559,692,242,1,0,0
217637,692,242,1,0,0
217715,688,239,1,0,0
217793,648,208,1,0,0
217871,612,165,1,0,0
217949,605,157,1,0,0
218027,601,151,1,0,0
218120,601,152,1,0,0
218198,601,152,1,0,0
218276,601,152,1,0,0
218354,601,152,1,0,0
218432,601,152,1,0,0
218510,601,152,1,0,0
218588,601,152,1,0,0
218666,601,152,1,0,0
218760,601,152,1,0,0
218838,586,166,1,0,0
218916,571,182,1,0,0
218994,559,191,1,0,0
219072,550,198,1,0,0
219150,539,205,1,0,0
219228,500,233,1,0,0
219321,456,258,1,0,0
219399,453,259,1,0,0
219477,453,259,1,0,0
219555,453,259,1,0,0
219633,453,259,1,0,0
219711,355,268,1,0,0
219789,219,283,1,0,0
219867,211,284,1,0,0
219961,190,307,1,0,0
220039,189,314,1,0,0
220117,189,320,1,0,0
220195,192,326,1,0,1
220273,196,328,1,0,1
220351,210,335,1,0,1
220429,235,337,1,0,1
220507,257,337,1,0,1
220601,275,338,1,0,1
220679,275,338,1,0,1
220757,275,338,1,0,1
220835,275,338,1,0,1
220913,275,338,1,0,1
220991,275,338,1,0,1
221069,246,302,1,0,1
221162,232,291,1,0,1
221240,232,291,1,0,1
221318,233,292,1,0,1
221396,238,295,1,0,1
221474,239,295,1,0,1
221552,240,296,1,0,1
221630,242,297,1,0,1
221708,244,297,1,0,1
221802,246,298,1,0,1
221880,247,299,1,0,1
221958,251,301,1,0,1
222036,255,304,1,0,1
222114,255,304,1,0,1
222192,257,306,1,0,1
222270,259,307,1,0,1
222363,265,310,1,0,1
222441,268,312,1,0,1
222519,271,313,1,0,1
222597,272,313,1,0,1
222675,272,313,1,0,1
222753,272,313,1,0,1
222831,272,313,1,0,1
222909,272,313,1,0,1
223003,273,313,1,0,1
223081,285,318,1,0,1
223159,295,323,1,0,1
223237,298,329,1,0,1
223315,299,330,1,0,1
223393,302,353,1,0,1
223471,297,363,1,0,1
223549,297,367,1,0,1
223643,297,367,1,0,1
223721,298,366,1,0,1
223799,331,349,1,0,1
223877,347,335,1,0,1
223955,379,288,1,0,1
224033,428,247,1,0,1
224111,460,230,1,0,1
224189,496,230,1,0,1
224282,501,230,1,0,1
224360,501,230,1,0,1
224438,477,245,1,0,1
224516,436,263,1,0,1
224594,435,263,1,0,1
224672,423,279,1,0,1
224750,415,287,1,0,1
224844,415,287,1,0,1
224922,415,287,1,0,1
225000,411,296,1,0,1
225078,406,308,1,0,1
225156,406,308,1,0,1
225234,406,308,1,0,1
225312,406,308,1,0,1
225405,406,308,1,0,1
225483,406,308,1,0,1
225561,406,308,1,0,1
225639,399,317,1,0,1
225717,397,319,1,0,1
225795,395,319,1,0,1
225873,391,319,1,0,1
225951,389,318,1,0,1
226045,389,318,1,0,1
226123,389,318,1,0,1
226201,389,318,1,0,1
226279,389,318,1,0,1
226357,389,318,1,0,1
226435,389,318,1,0,1
226513,389,318,1,0,1
226607,389,319,1,0,1
226685,389,320,1,0,1
226763,389,320,1,0,1
226841,389,320,1,0,1
226919,389,320,1,0,1
226997,388,320,1,0,1
227075,376,333,1,0,1
227153,375,335,1,0,1
227246,375,335,1,0,1
227324,375,335,1,0,1
227402,375,335,1,0,1
227480,367,349,1,0,1
227558,364,349,1,0,1
227636,364,349,1,0,1
227714,358,347,1,0,1
227808,353,346,1,0,1
227886,330,335,1,0,1
227964,324,332,1,0,1
228042,324,332,1,0,1
228120,327,333,1,0,1
228198,329,335,1,0,1
228276,330,336,1,0,1
228354,333,339,1,0,1
228447,335,341,1,0,1
228525,336,341,1,0,1
228603,336,341,1,0,1
228681,337,332,1,0,1
228759,358,312,1,0,1
228837,362,302,1,0,1
228915,353,297,1,0,1
228993,345,292,1,0,1
229087,345,292,1,0,1
229165,345,291,1,0,1
229243,343,289,1,0,1
229321,338,288,1,0,1
229399,334,287,1,0,1
229477,334,287,1,0,1
229555,332,287,1,0,1
229633,240,273,1,0,1
229727,227,273,1,0,1
229805,225,271,1,0,1
229883,225,271,1,0,1
229961,225,271,1,0,1
230039,227,272,1,0,1
230117,238,278,1,0,1
230195,238,278,1,0,1
230273,236,277,1,0,1
230366,219,273,1,0,1
230444,217,273,1,0,1
230522,217,273,1,0,1
230600,216,272,1,0,1
230678,215,272,1,0,1
230756,215,272,1,0,1
230834,219,275,1,0,1
230928,221,276,1,0,1
231006,227,281,1,0,1
231084,254,297,1,0,1
231162,255,297,1,0,1
231240,255,297,1,0,1
231318,294,294,1,0,1
231396,342,292,1,0,1
231474,342,292,1,0,1
231567,342,292,1,0,1
231645,342,292,1,0,1
231723,342,292,1,0,1
231801,342,292,1,0,1
231879,342,292,1,0,1
231957,342,292,1,0,1
232035,342,292,1,0,1
232113,342,292,1,0,1
232207,342,292,1,0,0
232285,342,292,1,0,0
232363,342,290,1,0,0
232441,344,286,1,0,0
232519,346,285,1,0,0
232597,348,282,1,0,0
232675,348,282,1,0,0
232753,348,282,1,0,0
232847,351,278,1,0,0
232925,357,280,1,0,1
233003,370,284,1,0,1
233081,400,282,1,0,1
233159,445,268,1,0,1
233237,460,263,1,0,1
233315,489,252,1,0,1
233393,491,251,1,0,1
233486,492,252,1,0,1
233564,491,260,1,0,1
233642,488,274,1,0,1
233720,487,276,1,0,1
233798,475,293,1,0,1
233876,461,309,1,0,1
233954,448,318,1,0,1
234048,435,326,1,0,1
234126,435,326,1,0,1
234204,428,315,1,0,1
234282,433,284,1,0,1
234360,429,280,1,0,1
234438,413,274,1,0,1
234516,361,273,1,0,1
234594,354,274,1,0,1
234687,354,274,1,0,1
234765,353,279,1,0,1
234843,352,281,1,0,1
234921,351,286,1,0,1
234999,349,291,1,0,1
235077,353,292,1,0,1
235155,357,277,1,0,1
235233,358,275,1,0,1
235327,358,275,1,0,1
235405,363,273,1,0,1
235483,370,269,1,0,1
235561,371,269,1,0,1
235639,371,269,1,0,1
235717,371,269,1,0,1
235795,371,270,1,0,1
235873,368,282,1,0,1
235967,366,292,1,0,1
236045,365,297,1,0,1
236123,365,297,1,0,1
236201,364,301,1,0,1
236279,364,301,1,0,1
236357,365,300,1,0,1
236435,375,286,1,0,1
236528,382,279,1,0,1
236606,391,271,1,0,1
236684,391,271,1,0,1
236762,415,263,1,0,1
236840,432,262,1,0,1
236918,461,265,1,0,1
236996,465,265,1,0,1
237074,469,269,1,0,1
237168,477,288,1,0,1
237246,480,299,1,0,1
237324,477,314,1,0,1
237402,473,328,1,0,1
237480,464,341,1,0,1
237558,445,353,1,0,1
237636,443,353,1,0,1
237729,414,335,1,0,1
237807,408,328,1,0,1
237885,403,322,1,0,1
237963,402,321,1,0,1
238041,402,321,1,0,1
238119,402,321,1,0,1
238197,402,321,1,0,1
238291,399,333,1,0,1
238369,396,337,1,0,1
238447,395,340,1,0,1
238525,395,340,1,0,1
238603,395,340,1,0,1
238681,392,343,1,0,1
238759,377,356,1,0,1
238853,370,362,1,0,1
238931,354,378,1,0,1
239009,350,383,1,0,1
239087,345,389,1,0,1
239165,336,400,1,0,1
239243,336,401,1,0,1
239321,336,401,1,0,1
239399,336,401,1,0,1
239492,342,380,1,0,1
239570,332,341,1,0,1
239648,260,262,1,0,1
239726,239,248,1,0,1
239804,238,238,1,0,1
239882,252,214,1,0,1
239960,257,213,1,0,1
240054,268,218,1,0,1
240132,269,219,1,0,1
240210,276,222,1,0,1
240288,299,229,1,0,1
240366,333,234,1,0,1
240444,333,234,1,0,1
240522,333,234,1,0,1
240600,333,234,1,0,1
240693,352,244,1,0,1
240771,406,270,1,0,1
240849,407,270,1,0,1
240927,407,270,1,0,1
241005,407,270,1,0,1
241083,390,268,1,0,1
241161,383,269,1,0,1
241255,394,294,1,0,1
241333,397,307,1,0,1
241411,396,309,1,0,1
241489,377,314,1,0,1
241567,358,320,1,0,1
241645,357,320,1,0,1
241723,341,325,1,0,1
241801,337,330,1,0,1
241895,334,335,1,0,1
241973,334,339,1,0,1
242051,334,339,1,0,1
242129,335,339,1,0,1
242207,337,344,1,0,1
242285,337,344,1,0,1
242363,340,349,1,0,1
242456,338,358,1,0,1
242534,336,364,1,0,1
242612,331,383,1,0,1
242690,331,385,1,0,1
242768,326,404,1,0,1
242846,321,423,1,0,1
242924,320,425,1,0,1
243002,317,433,1,0,1
243096,311,445,1,0,1
243174,305,455,0,0,1
243252,303,458,0,0,1
243330,302,459,0,0,1
243408,298,474,0,0,1
243486,295,483,0,0,1
243564,295,485,0,0,1
243657,295,499,0,0,1
243735,295,505,1,0,1
243813,294,506,1,0,1
243891,294,513,1,0,1
243969,294,514,1,0,1
244047,294,523,1,0,1
244125,294,527,0,0,1
244203,294,527,0,0,1
244297,294,527,0,0,1
244375,294,513,0,0,1
244453,301,466,0,0,1
244531,308,418,0,0,1
244609,307,366,0,0,1
244687,304,349,0,0,1
244765,302,334,0,0,1
244843,299,316,0,0,1
244937,292,305,0,0,1
245015,290,306,0,0,1
245093,289,306,0,0,1
245171,289,308,0,0,1
245249,289,308,0,0,1
245327,288,311,0,0,1
245405,288,311,0,0,1
245483,288,311,0,0,1
245576,288,311,0,0,1
245654,288,311,0,0,1
245732,288,311,0,0,1
245810,288,311,0,0,1
245888,288,311,0,0,1
245966,288,311,0,0,1
246044,286,310,0,0,1
246122,286,310,0,0,1
246216,286,310,0,0,1
246294,285,310,0,0,1
246372,285,310,0,0,1
246450,284,309,0,0,1
246528,284,309,0,0,1
246606,283,309,0,0,1
246684,283,309,0,0,1
246778,283,309,0,0,1
246856,283,309,0,0,1
246934,284,310,0,0,1
247012,284,310,0,0,1
247090,284,310,0,0,1
247168,284,310,0,0,1
247246,285,310,0,0,1
247324,290,312,0,0,1
247417,293,315,0,0,1
247495,293,315,0,0,1
247573,294,315,0,0,1
247651,294,315,0,0,1
247729,310,299,0,0,1
247807,328,281,0,0,1
247885,337,269,0,0,1
247963,341,265,0,0,1
248057,342,262,0,0,1
248135,356,247,0,0,1
248213,357,247,0,0,1
248291,369,235,0,0,1
248369,466,181,0,0,1
248447,508,138,0,0,1
248525,525,116,0,0,1
248603,541,101,0,0,1
248696,579,88,0,0,1
248774,596,84,0,0,1
248852,603,83,0,0,1
248930,605,86,1,0,1
249008,608,96,1,0,1
249086,608,96,1,0,1
249164,609,96,1,0,1
249258,609,96,1,0,1
249336,609,96,0,0,1
249414,610,97,1,0,1
249492,611,97,1,0,1
249570,611,97,1,0,1
249648,611,97,1,0,1
249726,627,99,1,0,1
249804,634,100,1,0,1
249898,634,100,0,0,1
249976,638,101,0,0,1
250054,643,101,0,0,1
250132,649,98,0,0,1
250210,659,92,0,0,1
250288,669,83,0,0,1
250366,670,83,1,0,1
250444,673,80,1,0,1
250537,675,79,1,0,1
250615,676,72,1,0,1
250693,675,65,1,0,1
250771,674,65,1,0,1
250849,674,62,0,0,1
250927,674,59,0,0,1
251005,675,59,0,0,1
251083,679,62,0,0,1
251177,684,65,0,0,1
251255,686,65,0,0,1
251333,690,67,1,0,1
251411,694,69,1,0,1
251489,701,74,1,0,1
251567,707,84,1,0,1
251645,707,85,1,0,1
251723,707,85,0,0,1
251816,709,86,0,0,1
251894,711,86,0,0,1
251972,718,96,0,0,1
252050,729,108,0,0,1
252128,736,112,0,0,1
252206,744,126,1,0,1
252284,731,144,1,0,1
252378,653,189,1,0,1
252456,546,232,1,0,1
252534,442,255,1,0,1
252612,368,281,1,0,1
252690,334,291,1,0,1
252768,333,291,1,0,1
252846,333,290,1,0,1
252924,374,285,1,0,1
253018,381,283,1,0,1
253096,382,282,1,0,1
253174,390,268,1,0,1
253252,388,266,1,0,1
253330,386,265,1,0,1
253408,385,264,1,0,1
253486,385,264,1,0,1
253564,385,264,1,0,1
253657,385,264,0,0,1
253735,385,264,0,0,1
253813,380,271,0,0,1
253891,377,277,0,0,1
253969,377,277,0,0,1
254047,375,279,0,0,1
254125,374,280,0,0,1
254203,374,280,0,0,1
254297,374,279,0,0,1
254375,379,267,0,0,1
254453,380,265,0,0,1
254531,385,260,0,0,1
254609,392,255,0,0,1
254687,403,247,0,0,1
254765,412,242,0,0,1
254858,414,241,0,0,1
254936,424,232,0,0,1
255014,440,222,0,0,1
255092,440,221,0,0,1
255170,440,221,0,0,1
255248,441,212,0,0,1
255326,436,209,1,0,1
255404,424,201,1,0,1
255498,424,201,1,0,1
255576,426,197,1,0,1
255654,426,197,1,0,1
255732,426,197,1,0,1
255810,426,198,1,0,1
255888,426,204,0,0,1
255966,427,211,0,0,1
256060,428,212,0,0,1
256138,434,214,0,0,1
256216,440,217,0,0,1
256294,441,218,0,0,1
256372,445,230,0,0,1
256450,445,240,0,0,1
256528,443,246,1,0,1
256606,440,252,1,0,1
256699,426,265,1,0,1
256777,415,271,1,0,1
256855,409,275,1,0,1
256933,406,278,1,0,1
257011,402,282,1,0,1
257089,397,287,1,0,1
257167,413,273,1,0,1
257245,436,242,1,0,1
257339,445,228,1,0,1
257417,449,223,1,0,1
257495,449,223,1,0,1
257573,452,219,0,0,1
257651,463,209,0,0,1
257729,485,196,0,0,1
257807,494,189,0,0,1
257900,505,181,0,0,1
257978,512,172,0,0,1
258056,513,170,1,0,1
258134,519,160,0,0,1
258212,520,159,0,0,1
258290,520,159,0,0,1
258368,520,159,0,0,1
258446,525,164,0,0,1
258540,528,162,0,0,1
258618,534,161,0,0,1
258696,537,150,0,0,1
258774,537,150,1,0,1
258852,530,171,0,0,1
258930,520,193,0,0,1
259008,515,198,0,0,1
259086,514,199,0,0,1
259180,514,199,0,0,1
259258,514,199,0,0,1
259336,514,199,0,0,1
259414,514,199,0,0,1
259492,514,199,1,0,1
259570,514,199,1,0,1
259648,510,205,1,0,1
259726,499,221,1,0,1
259819,490,231,1,0,1
259897,477,249,1,0,1
259975,471,260,1,0,1
260053,460,271,1,0,1
260131,450,281,1,0,1
260209,442,287,1,0,1
260287,423,296,0,0,1
260365,386,291,0,0,1
260459,344,284,0,0,1
260537,326,283,0,0,1
260615,307,280,0,0,1
260693,298,279,0,0,1
260771,298,279,1,0,1
260849,298,283,1,0,1
260927,304,288,1,0,1
261020,323,286,1,0,1
261098,332,283,1,0,1
261176,332,283,1,0,1
261254,335,285,0,0,1
261332,337,285,0,0,1
261410,348,285,0,0,1
261488,363,283,0,0,1
261566,370,281,0,0,1
261660,389,280,0,0,1
261738,426,283,0,0,1
261816,452,279,0,0,1
261894,471,270,0,0,1
261972,481,265,0,0,1
262050,494,260,0,0,1
262128,509,257,0,0,1
262206,527,251,0,0,1
262300,537,243,0,0,1
262378,537,243,0,0,1
262456,537,243,0,0,1
262534,513,253,0,0,1
262612,490,264,0,0,1
262690,469,273,0,0,1
262768,445,279,0,0,1
262846,441,280,0,0,1
262939,421,286,0,0,1
263017,398,295,0,0,1
263095,381,301,0,0,1
263173,346,309,0,0,1
263251,318,305,0,0,1
263329,304,301,0,0,1
263407,284,292,0,0,1
263501,272,287,0,0,1
263579,234,290,0,0,1
263657,200,291,0,0,1
263735,200,291,0,0,1
263813,212,289,0,0,1
263891,243,283,0,0,1
263969,284,277,0,0,1
264047,318,269,0,0,1
264140,333,267,0,0,1
264218,352,269,0,0,1
264296,377,265,0,0,1
264374,377,265,0,0,1
264452,378,265,0,0,1
264530,378,265,0,0,1
264608,365,262,0,0,1
264686,357,259,0,0,1
264780,356,259,0,0,1
264858,356,259,0,0,1
264936,356,259,0,0,1
265014,356,259,0,0,1
265092,356,259,0,0,1
265170,359,260,0,0,1
265248,376,265,0,0,1
265342,384,267,0,0,1
265420,386,268,0,0,1
265498,386,268,0,0,1
265576,386,268,0,0,1
265654,385,269,0,0,1
265732,378,272,0,0,1
265810,378,272,0,0,1
265903,378,272,0,0,1
265981,378,272,0,0,1
266059,378,272,0,0,1
266137,379,273,0,0,1
266215,381,274,0,0,1
266293,383,275,0,0,1
266371,388,279,0,0,1
266449,391,285,0,0,1
266543,394,295,0,0,1
266621,395,299,0,0,1
266699,399,299,0,0,1
266777,428,298,0,0,1
266855,437,295,0,0,1
266933,459,285,0,0,1
267011,476,272,0,0,1
267089,477,271,0,0,1
267182,477,272,0,0,1
267260,439,274,0,0,1
267338,350,271,0,0,1
267416,313,257,0,0,1
267494,271,231,0,0,1
267572,266,229,0,0,1
267650,263,226,0,0,1
267744,261,225,0,0,1
267822,261,225,0,0,1
267900,261,225,0,0,1
267978,261,225,0,0,1
268056,261,225,0,0,1
268134,261,225,0,0,1
268212,261,225,0,0,1
268290,272,231,0,0,1
268384,279,234,0,0,1
268462,280,234,0,0,1
268540,283,235,0,0,1
268618,283,236,0,0,1
268696,283,236,0,0,1
268774,284,236,0,0,1
268852,285,236,0,0,1
268930,288,238,0,0,1
269023,288,239,0,0,1
269101,288,239,0,0,1
269179,288,239,0,0,1
269257,291,240,0,0,1
269335,300,245,0,0,1
269413,300,245,0,0,1
269491,311,251,0,0,1
269569,323,258,0,0,1
269663,324,258,0,0,1
269741,335,262,0,0,1
269819,374,271,0,0,1
269897,391,276,0,0,1
269975,420,281,0,0,1
270053,446,285,0,0,1
270131,459,287,0,0,1
270209,459,287,0,0,1
270302,459,287,0,0,1
270380,459,287,0,0,1
270458,457,289,0,0,1
270536,452,296,0,0,1
270614,448,301,0,0,1
270692,448,302,0,0,1
270770,432,322,0,0,1
270864,428,327,0,0,1
270942,423,333,0,0,1
271020,414,343,0,0,1
271098,406,349,0,0,1
271176,384,358,0,0,1
271254,362,367,0,0,1
271332,322,371,0,0,1
271410,301,374,0,0,1
271504,301,374,0,0,1
271582,301,374,0,0,1
271660,308,377,0,0,1
271738,324,382,0,0,1
271816,331,384,0,0,1
271894,335,383,0,0,1
271972,360,358,0,0,1
272065,387,324,0,0,1
272143,443,308,0,0,1
272221,512,316,0,0,1
272299,521,317,0,0,1
272377,521,317,0,0,1
272455,521,322,0,0,1
272533,519,331,0,0,1
272611,491,351,0,0,1
272705,453,363,0,0,1
272783,358,347,0,0,1
272861,310,334,0,0,1
272939,293,314,0,0,1
273017,279,286,0,0,1
273095,271,259,0,0,1
273173,267,241,0,0,1
273251,263,237,0,0,1
273344,255,233,0,0,1
273422,225,200,0,0,1
273500,216,192,0,0,1
273578,199,177,0,0,1
273656,192,169,0,0,0
273734,193,154,0,0,0
273812,195,148,0,0,0
273890,206,142,0,0,0
273984,256,122,0,0,0
274062,258,121,0,0,0
274140,335,104,0,0,0
274218,440,103,0,0,0
274296,513,148,0,0,0
274374,526,159,0,0,0
274452,527,170,0,0,0
274530,532,199,0,0,1
274624,536,220,0,0,1
274702,531,247,0,0,1
274780,519,267,0,0,1
274858,490,292,0,0,1
274936,454,315,0,0,1
275014,446,318,0,0,1
275092,447,298,0,0,1
275185,505,264,0,0,1
275263,526,249,0,0,1
275341,556,242,0,0,1
275419,621,232,0,0,1
275497,641,216,0,0,1
275575,645,209,0,0,1
275653,645,209,0,0,1
275731,645,209,0,0,1
275825,636,204,0,0,1
275903,624,197,0,0,1
275981,624,197,0,0,1
276059,610,211,0,0,1
276137,570,229,0,0,1
276215,512,247,0,0,1
276293,468,263,0,0,1
276371,441,283,0,0,1
276465,430,297,0,0,1
276543,428,299,0,0,1
276621,406,286,0,0,1
276699,397,282,0,0,1
276777,432,302,0,0,1
276855,455,323,0,0,1
276933,479,352,0,0,1
277011,488,357,0,0,1
277104,488,357,0,0,0
277182,488,356,0,0,0
277260,478,337,0,0,0
277338,459,300,0,0,0
277416,433,247,0,0,0
277494,402,190,0,0,0
277572,377,166,0,0,0
277650,321,134,0,0,0
277744,293,122,0,0,0
277822,286,115,0,0,0
277900,283,109,0,0,0
277978,283,105,0,0,0
278056,277,82,0,0,0
278134,276,79,0,0,0
278212,321,115,0,0,0
278305,356,144,0,0,0
278383,392,184,0,0,0
278461,414,211,0,0,0
278539,436,234,0,0,0
278617,474,266,0,0,0
278695,496,283,0,0,0
278773,532,314,0,0,0
278851,566,331,0,0,0
278945,591,325,0,0,0
279023,618,290,0,0,0
279101,640,238,0,0,0
279179,657,203,0,0,0
279257,664,159,0,0,0
279335,632,117,0,0,0
279413,591,105,0,0,0
279491,513,87,0,0,0
279585,447,80,0,0,0
279663,409,80,0,0,0
279741,370,89,0,0,0
279819,346,120,0,0,0
279897,350,157,0,0,0
279975,377,203,0,0,0
280053,402,227,0,0,0
280131,437,237,0,0,0
280224,467,235,0,0,0
280302,492,208,0,0,0
280380,491,168,0,0,0
280458,452,120,0,0,0
280536,376,102,0,0,0
280614,316,104,0,0,0
280692,303,109,0,0,0
280786,283,164,0,0,0
280864,301,221,0,0,0
280942,344,258,0,0,0
281020,403,266,0,0,0
281098,417,234,0,0,0
281176,393,189,0,0,0
281254,351,164,0,0,0
281332,305,183,0,0,0
281425,268,217,0,0,0
281503,269,258,0,0,0
281581,297,240,0,0,0
281659,323,161,0,0,0
281737,332,122,0,0,0
281815,336,109,0,0,0
281893,334,102,0,0,1
281987,334,102,0,0,1
282065,334,102,0,0,1
282143,336,105,0,0,1
282221,337,107,0,0,1
282299,338,108,0,0,1
282377,343,115,0,0,1
282455,345,117,0,0,1
282533,355,125,0,0,1
282627,368,132,0,0,1
282705,369,132,0,0,1
282783,369,132,0,0,1
282861,368,125,0,0,1
282939,366,121,0,0,1
283017,366,121,0,0,1
283095,373,109,0,0,1
283173,374,109,0,0,1
283266,380,102,0,0,1
283344,389,92,0,0,1
283422,389,92,0,0,1
283500,389,92,0,0,1
283578,393,94,0,0,1
283656,405,100,0,0,1
283734,411,106,0,0,1
283828,366,151,0,0,1
283906,270,182,0,0,1
283984,198,193,0,0,1
284062,176,201,0,0,1
284140,168,209,0,0,1
284218,168,209,0,0,1
284296,194,219,0,0,1
284374,217,224,0,0,1
284467,243,228,0,0,1
284545,293,229,0,0,1
284623,294,229,0,0,1
284701,294,229,0,0,1
284779,294,229,0,0,1
284857,294,229,0,0,1
284935,294,229,0,0,1
285013,294,229,0,0,1
285107,294,229,0,0,1
285185,294,229,0,0,1
285263,305,230,0,0,1
285341,308,229,0,0,1
285419,321,225,0,0,1
285497,338,222,0,0,1
285575,346,219,0,0,1
285653,347,218,0,0,1
285747,348,218,0,0,1
285825,368,218,0,0,1
285903,369,218,0,0,1
285981,369,218,0,0,1
286059,369,218,0,0,1
286137,369,218,0,0,1
286215,369,218,0,0,1
286308,370,219,0,0,1
286386,370,219,0,0,1
286464,370,219,0,0,1
286542,370,219,0,0,1
286620,372,218,0,0,1
286698,415,219,0,0,1
286776,430,221,0,0,1
286854,466,255,0,0,1
286948,484,269,0,0,1
287026,489,273,0,0,1
287104,532,307,0,0,1
287182,539,315,0,0,1
287260,542,326,0,0,1
287338,541,346,0,0,1
287416,537,349,0,0,1
287494,515,372,0,0,1
287587,500,384,0,0,0
287665,490,387,0,0,0
287743,460,390,0,0,0
287821,423,383,0,0,0
287899,311,294,0,0,0
287977,280,253,0,0,0
288055,259,215,0,0,0
288133,253,185,0,0,0
288227,287,144,0,0,0
288305,373,119,0,0,0
288383,423,126,0,0,0
288461,496,162,0,0,0
288539,529,181,0,0,0
288617,563,210,0,0,0
288695,591,258,0,0,0
288773,599,298,0,0,0
288867,591,352,0,0,0
288945,582,405,0,0,0
289023,571,434,0,0,0
289101,551,457,0,0,0
289179,533,468,0,0,0
289257,488,465,0,0,0
289335,447,457,0,0,0
289428,398,434,0,0,0
289506,343,399,0,0,0
289584,300,360,0,0,0
289662,272,316,0,0,0
289740,275,281,0,0,0
289818,322,225,0,0,0
289896,377,212,0,0,0
289974,485,252,0,0,0
290068,515,277,0,0,0
290146,534,308,0,0,0
290224,536,316,0,0,0
290302,536,316,0,0,0
290380,521,308,0,0,0
290458,512,303,0,0,0
290536,512,303,0,0,0
290614,512,303,0,0,0
290707,471,330,0,0,0
290785,438,350,0,0,0
290863,367,358,0,0,0
290941,277,353,0,0,0
291019,191,330,0,0,0
291097,190,329,0,0,0
291175,190,329,0,0,0
291253,190,329,0,0,0
291347,190,329,0,0,0
291425,205,302,0,0,0
291503,252,256,0,0,0
291581,343,206,0,0,0
291659,420,188,0,0,0
291737,432,188,0,0,0
291815,460,194,0,0,0
291893,498,196,0,0,0
291987,536,193,0,0,0
292065,552,191,0,0,0
292143,552,191,0,0,0
292221,552,191,0,0,0
292299,535,197,0,0,0
292377,423,211,0,0,0
292470,234,208,0,0,0
292548,179,209,0,0,0
292626,186,202,0,0,0
292704,192,197,0,0,0
292782,194,196,0,0,0
292860,193,196,0,0,1
292938,193,196,0,0,1
293016,194,196,0,0,1
293110,202,203,0,0,1
293188,203,204,0,0,1
293266,205,204,0,0,1
293344,210,207,0,0,1
293422,218,211,0,0,1
293500,224,214,0,0,1
293578,225,215,0,0,1
293656,225,215,0,0,1
293749,225,215,0,0,1
293827,225,215,0,0,1
293905,225,215,0,0,1
293983,230,217,0,0,1
294061,242,222,0,0,1
294139,242,222,0,0,1
294217,242,222,0,0,1
294295,250,226,0,0,1
294389,258,233,0,0,1
294467,258,233,0,0,1
294545,258,233,1,0,1
294623,258,233,1,0,1
294701,263,234,1,0,1
294779,277,239,1,0,1
294857,279,240,1,0,1
294951,291,242,1,0,1
295029,310,247,1,0,1
295107,328,253,1,0,1
295185,330,253,1,0,1
295263,330,254,1,0,1
295341,333,259,1,0,1
295419,334,269,1,0,1
295497,334,269,1,0,1
295590,334,269,1,0,1
295668,334,269,1,0,1
295746,334,269,1,0,1
295824,347,276,0,0,1
295902,348,277,0,0,1
295980,354,281,0,0,1
296058,362,286,0,0,1
296136,362,286,0,0,1
296230,362,286,0,0,1
296308,369,289,0,0,1
296386,369,289,0,0,1
296464,369,289,1,0,1
296542,369,289,0,0,1
296620,369,289,0,0,1
296698,391,286,0,0,1
296791,393,286,0,0,1
296869,393,286,0,0,1
296947,391,287,0,0,1
297025,383,287,0,0,1
297103,383,287,0,0,1
297181,386,295,1,0,1
297259,395,306,1,0,1
297337,398,308,1,0,1
297431,400,310,1,0,1
297509,400,310,1,0,1
297587,398,309,1,0,1
297665,381,298,1,0,1
297743,372,291,1,0,1
297821,372,291,1,0,1
297899,385,291,1,0,1
297993,393,291,0,0,1
298071,393,291,1,0,1
298149,393,291,1,0,1
298227,399,289,1,0,1
298305,410,286,1,0,1
298383,410,286,1,0,1
298461,410,286,1,0,1
298539,410,286,0,0,1
298632,410,286,0,0,1
298710,410,293,0,0,1
298788,410,294,0,0,1
298866,410,294,0,0,1
298944,410,294,0,0,1
299022,410,294,0,0,1
299100,407,293,0,0,1
299194,407,293,1,0,1
299272,407,293,1,0,1
299350,407,293,1,0,1
299428,407,293,1,0,1
299506,407,293,1,0,1
299584,407,293,1,0,1
299662,407,293,0,0,1
299740,407,293,0,0,1
299833,407,293,0,0,1
299911,407,293,0,0,1
299989,402,291,0,0,1
300067,399,290,0,0,1
300145,400,290,0,0,1
300223,400,290,0,0,1
300301,400,290,1,0,1
300379,400,290,1,0,1
300473,400,290,1,0,1
300551,403,292,1,0,1
300629,409,294,1,0,1
300707,409,295,1,0,1
300785,409,295,1,0,1
300863,409,295,0,0,1
300941,417,289,0,0,1
301019,422,283,0,0,1
301113,422,283,0,0,1
301191,422,283,0,0,1
301269,419,281,0,0,1
301347,419,281,1,0,1
301425,419,281,1,0,1
301503,417,280,1,0,1
301581,407,276,1,0,1
301659,394,270,1,0,1
301752,394,270,1,0,1
301830,394,270,1,0,1
301908,396,271,0,0,1
301986,398,272,0,0,1
302064,398,272,0,0,1
302142,397,274,0,0,1
302220,393,279,0,0,1
302314,393,279,0,0,1
302392,393,279,0,0,1
302470,393,279,0,0,1
302548,393,279,0,0,1
302626,393,279,1,0,1
302704,382,276,1,0,1
302782,382,276,1,0,1
302860,382,277,1,0,1
302953,382,280,1,0,1
303031,382,280,1,0,1
303109,382,280,1,0,1
303187,363,287,1,0,1
303265,347,298,0,0,1
303343,347,298,0,0,1
303421,347,298,0,0,1
303499,338,305,0,0,1
303593,336,307,0,0,1
303671,336,307,1,0,1
303749,336,307,0,0,1
303827,330,314,0,0,1
303905,325,322,0,0,1
303983,328,324,0,0,1
304061,333,326,0,0,1
304139,335,327,0,0,1
304233,336,327,0,0,1
304311,338,328,0,0,1
304389,338,328,0,0,1
304467,338,328,0,0,1
304545,338,328,0,0,1
304623,338,328,0,0,1
304701,338,328,0,0,1
304779,338,328,0,0,1
304872,338,328,0,0,1
304950,338,328,0,0,1
305028,338,328,0,0,1
305106,338,328,0,0,1
305184,338,328,0,0,1
305262,349,323,0,0,1
305340,421,299,0,0,1
305434,482,283,0,0,1
305512,520,276,0,0,1
305590,538,271,0,0,1
305668,543,270,0,0,0
305746,544,270,0,0,0
305824,544,270,0,0,0
305902,544,270,0,0,0
305980,544,270,0,0,0
306073,544,270,0,0,0
306151,544,270,0,0,0
306229,544,270,0,0,0
306307,544,270,0,0,0
306385,544,270,0,0,0
306463,544,270,0,0,0
306541,544,270,0,0,0
