47,92,218,0,0,1
125,92,218,0,0,1
203,92,218,0,0,1
281,92,218,0,0,1
359,92,218,0,0,1
437,114,214,0,0,1
530,234,226,0,0,1
608,278,256,0,0,1
686,330,292,0,0,1
764,338,300,0,0,1
842,340,304,0,0,1
936,342,302,0,0,1
1014,342,302,0,0,1
1092,344,302,0,0,1
1170,344,302,0,0,1
1263,342,302,0,0,1
1341,342,302,0,0,1
1419,350,312,0,0,1
1497,352,314,0,0,1
1560,352,314,0,0,1
1638,352,314,0,0,1
1700,352,310,0,0,1
1778,352,310,0,0,1
1841,354,308,1,0,1
1919,354,304,1,0,1
1981,356,300,1,0,1
2059,358,292,1,0,1
2121,358,286,1,0,1
2199,360,278,1,0,1
2262,360,276,1,0,1
2340,360,276,0,0,1
2402,360,276,0,0,1
2480,356,272,0,0,1
2543,356,272,0,0,1
2621,356,272,0,0,1
2683,356,274,0,0,1
2761,356,276,0,0,1
2823,356,276,0,0,1
2901,356,276,0,0,1
2964,356,272,0,0,1
3042,356,268,0,0,1
3104,356,268,0,0,1
3182,356,266,0,0,1
3245,358,266,0,0,1
3323,360,264,0,0,1
3385,364,266,0,0,1
3463,374,274,0,0,1
3525,384,280,0,0,1
3603,394,288,0,0,1
3666,398,292,0,0,1
3744,404,296,0,0,1
3806,408,300,0,0,1
3884,412,306,0,0,1
3947,416,310,0,0,1
4025,418,310,0,0,1
4087,422,312,0,0,1
4165,426,314,0,0,1
4227,430,320,0,0,1
4305,432,328,0,0,1
4368,432,328,0,0,1
4446,432,330,0,0,1
4508,438,336,0,0,1
4586,442,338,0,0,1
4649,446,316,0,0,1
4727,446,280,0,0,1
4789,446,270,0,0,1
4867,446,270,0,0,1
4929,446,274,0,0,1
5007,446,276,0,0,1
5070,442,278,0,0,1
5148,440,278,0,0,1
5210,438,278,0,0,1
5288,436,280,0,0,1
5351,432,282,0,0,1
5429,418,284,0,0,1
5522,374,284,0,0,1
5585,278,284,0,0,1
5663,258,276,0,0,1
5725,254,270,0,0,1
5803,246,268,0,0,1
5865,214,252,0,0,1
5943,178,234,0,0,1
6006,160,208,0,0,1
6084,174,184,0,0,1
6146,254,162,0,0,1
6224,394,172,0,0,1
6287,468,200,0,0,1
6365,506,232,0,0,1
6427,524,254,0,0,1
6505,522,256,0,0,1
6567,516,256,0,0,1
6645,510,258,0,0,1
6708,508,260,0,0,1
6786,506,260,0,0,1
6848,506,262,0,0,1
6926,504,262,1,0,1
6989,498,268,1,0,1
7067,490,276,1,0,1
7129,484,282,1,0,1
7207,484,284,1,0,1
7269,484,284,1,0,1
7347,486,284,1,0,1
7410,486,282,1,0,1
7488,486,280,1,0,1
7550,486,280,0,0,1
7628,486,280,0,0,1
7691,488,284,0,0,1
7769,506,314,0,0,1
7831,550,382,0,0,1
7909,594,446,0,0,1
7971,628,482,0,0,1
8049,656,504,0,0,1
8112,678,518,0,0,1
8174,684,518,0,0,1
8252,688,516,0,0,1
8315,694,506,0,0,1
8393,696,476,0,0,1
8455,702,436,0,0,1
8533,708,400,0,0,1
8595,710,362,0,0,1
8673,706,314,0,0,1
8751,696,262,0,0,1
8814,694,238,0,0,1
8892,692,218,0,0,1
8954,690,200,0,0,1
9032,688,184,0,0,1
9095,686,174,0,0,1
9173,684,162,0,0,1
9235,680,152,0,0,1
9313,678,146,0,0,1
9375,676,142,0,0,1
9453,672,138,0,0,1
9516,672,134,0,0,1
9594,672,134,0,0,1
9656,672,134,0,0,1
9734,672,136,0,0,1
9797,672,142,0,0,1
9875,672,156,0,0,1
9937,676,182,0,0,1
10015,678,220,0,0,1
10077,680,252,0,0,1
10155,684,282,0,0,1
10218,684,316,0,0,1
10296,686,352,0,0,1
10358,686,378,0,0,1
10436,684,404,0,0,1
10499,682,426,0,0,1
10577,680,440,0,0,1
10639,678,444,0,0,1
10717,678,444,0,0,1
10779,678,444,0,0,1
10857,678,436,0,0,1
10920,678,418,0,0,1
10998,682,388,0,0,1
11060,698,340,0,0,1
11138,704,298,0,0,1
11201,704,272,0,0,1
11279,700,238,0,0,1
11341,696,200,0,0,1
11419,694,180,0,0,1
11481,692,172,0,0,1
11559,690,164,0,0,1
11622,684,156,0,0,1
11700,680,148,0,0,1
11762,676,144,0,0,1
11840,674,138,0,0,1
11903,674,136,0,0,1
11981,674,136,0,0,1
12043,672,134,0,0,1
12121,668,136,0,0,1
12183,592,192,0,0,1
12261,480,284,0,0,1
12324,434,328,0,0,1
12402,416,338,0,0,1
12464,410,340,0,0,1
12542,404,338,0,0,1
12605,398,334,0,0,1
12683,388,328,0,0,1
12745,386,324,0,0,1
12823,382,322,0,0,1
12885,378,320,0,0,1
12963,378,318,0,0,1
13026,382,318,0,0,1
13104,382,318,0,0,1
13166,382,318,0,0,1
13244,382,318,0,0,1
13307,376,318,0,0,1
13385,366,308,0,0,1
13447,364,304,0,0,1
13525,364,304,0,0,1
13587,370,304,0,0,1
13665,374,304,0,0,1
13728,378,304,0,0,1
13806,382,302,0,0,1
13868,390,302,0,0,1
13946,448,302,0,0,1
14009,560,298,0,0,1
14087,598,298,0,0,1
14149,604,296,0,0,1
14227,606,296,0,0,1
14289,592,296,0,0,1
14367,558,296,0,0,1
14430,538,294,0,0,1
14508,534,292,0,0,1
14570,534,292,0,0,1
14648,536,292,0,0,1
14711,540,290,0,0,1
14789,542,290,0,0,1
14851,542,290,0,0,1
14929,544,288,0,0,1
14991,546,286,0,0,1
15069,548,286,0,0,1
15132,552,286,0,0,1
15210,552,284,0,0,1
15272,554,282,0,0,1
15350,556,280,0,0,1
15413,552,278,0,0,1
15491,548,276,0,0,1
15553,546,276,0,0,1
15631,544,274,0,0,1
15693,544,274,0,0,1
15771,546,274,0,0,1
15834,548,274,0,0,1
15912,550,274,0,0,1
15974,550,272,0,0,1
16052,550,270,0,0,1
16115,548,268,0,0,1
16193,548,266,0,0,1
16255,544,264,0,0,1
16333,538,262,0,0,1
16395,534,260,0,0,1
16473,532,260,0,0,1
16536,532,260,0,0,1
16614,534,260,0,0,1
16676,538,260,0,0,1
16754,538,260,0,0,1
16817,538,260,0,0,1
16895,542,260,0,0,1
16957,558,258,0,0,1
17035,588,250,0,0,1
17097,602,244,0,0,1
17175,608,242,0,0,1
17238,610,242,0,0,1
17316,612,240,0,0,1
17378,612,240,0,0,1
17456,612,240,0,0,1
17519,612,240,0,0,1
17597,612,240,0,0,1
17659,610,240,0,0,1
17737,610,240,0,0,1
17799,606,240,0,0,1
17877,604,242,0,0,1
17940,598,242,0,0,1
18018,592,242,0,0,1
18080,588,242,0,0,1
18143,584,242,0,0,1
18221,582,242,0,0,1
18283,580,244,0,0,1
18361,574,250,0,0,1
18424,562,252,0,0,1
18502,558,254,0,0,1
18564,556,256,0,0,1
18642,552,260,0,0,1
18704,548,264,0,0,1
18782,542,268,0,0,1
18845,538,268,0,0,1
18923,534,268,0,0,1
18985,528,268,0,0,1
19063,520,270,0,0,1
19126,516,272,0,0,1
19204,516,272,0,0,1
19266,518,272,0,0,1
19344,520,272,0,0,1
19406,520,272,0,0,1
19484,518,274,0,0,1
19547,512,280,0,0,1
19625,502,284,0,0,1
19687,496,286,0,0,1
19765,490,288,0,0,1
19828,484,290,0,0,1
19906,480,294,0,0,1
19968,478,294,0,0,1
20046,478,294,0,0,1
20108,478,294,0,0,1
20186,478,294,0,0,1
20249,474,294,0,0,1
20327,472,294,0,0,1
20389,470,294,0,0,1
20467,466,294,0,0,1
20530,466,296,0,0,1
20608,460,300,0,0,1
20670,454,302,0,0,1
20748,446,304,0,0,1
20810,440,306,0,0,1
20888,438,308,0,0,1
20951,434,316,0,0,1
21029,434,316,0,0,1
21091,434,316,0,0,1
21169,434,314,0,0,1
21232,434,314,0,0,1
21310,432,314,0,0,1
21372,428,312,0,0,1
21450,426,310,0,0,1
21512,424,310,0,0,1
21590,424,310,0,0,1
21653,424,310,0,0,1
21731,426,310,0,0,1
21793,426,310,0,0,1
21871,426,312,0,0,1
21934,424,312,0,0,1
22012,422,312,0,0,1
22074,420,312,0,0,1
22152,420,312,0,0,1
22230,420,314,0,0,1
22292,422,314,0,0,1
22370,422,314,0,0,1
22433,422,314,0,0,1
22511,420,314,0,0,1
22573,420,314,0,0,1
22651,422,314,0,0,1
22714,422,314,0,0,1
22792,422,308,0,0,1
22854,420,306,0,0,1
22932,420,306,0,0,1
22994,420,304,0,0,1
23072,420,304,0,0,1
23135,420,304,0,0,1
23213,420,314,0,0,1
23275,410,358,0,0,1
23353,376,426,0,0,1
23416,308,470,0,0,1
23494,234,484,0,0,1
23556,176,484,0,0,1
23634,150,480,0,0,1
23696,140,472,0,0,1
23774,128,448,0,0,1
23837,130,400,0,0,1
23915,174,348,0,0,1
23977,228,320,0,0,1
24055,264,312,0,0,1
24118,340,312,0,0,1
24196,380,314,0,0,1
24258,384,314,0,0,1
24336,384,314,0,0,1
24398,384,314,0,0,1
24476,384,316,0,0,1
24539,384,318,0,0,1
24601,384,318,0,0,1
24679,380,318,0,0,1
24742,328,318,0,0,1
24820,244,320,0,0,1
24882,234,318,0,0,1
24960,238,318,0,0,1
25022,250,320,0,0,1
25100,256,320,0,0,1
25163,264,320,0,0,1
25241,268,320,0,0,1
25303,276,320,0,0,1
25381,282,320,0,0,1
25444,294,320,0,0,1
25522,302,320,0,0,1
25584,310,320,0,0,1
25662,318,320,0,0,1
25724,322,318,0,0,1
25802,326,318,0,0,1
25865,326,318,0,0,1
25943,324,318,0,0,1
26005,320,318,0,0,1
26083,320,318,0,0,1
26146,318,318,0,0,1
26224,320,318,0,0,1
26286,328,320,0,0,1
26364,332,322,0,0,1
26426,336,324,0,0,1
26504,338,326,0,0,1
26567,342,328,0,0,1
26645,344,328,0,0,1
26707,344,328,0,0,1
26785,348,328,0,0,1
26848,350,332,0,0,1
26926,358,336,0,0,1
26988,364,338,0,0,1
27066,372,340,0,0,1
27128,386,348,0,0,1
27206,436,392,0,0,1
27269,510,446,0,0,1
27347,562,470,0,0,1
27409,614,492,0,0,1
27487,650,502,0,0,1
27550,660,504,0,0,1
27628,666,502,0,0,1
27690,674,498,0,0,1
27768,680,494,0,0,1
27830,686,484,0,0,1
27908,696,464,0,0,1
27971,710,422,0,0,1
28049,716,378,0,0,1
28111,684,324,0,0,1
28189,632,278,0,0,1
28252,614,260,0,0,1
28330,608,248,0,0,1
28392,600,238,0,0,1
28470,600,234,0,0,1
28532,596,230,0,0,1
28610,594,226,0,0,1
28673,592,222,0,0,1
28751,592,218,0,0,1
28813,592,216,0,0,1
28891,592,214,0,0,1
28954,594,214,0,0,1
29032,596,214,0,0,1
29094,598,214,0,0,1
29172,598,212,0,0,1
29234,600,210,0,0,1
29312,600,210,0,0,1
29375,600,210,0,0,1
29453,600,210,0,0,1
29515,602,210,0,0,1
29593,608,210,0,0,1
29656,616,200,0,0,1
29734,624,192,0,0,1
29796,626,190,0,0,1
29874,630,186,0,0,1
29936,634,184,0,0,1
30014,638,182,0,0,1
30077,640,180,0,0,1
30155,642,178,0,0,1
30217,642,180,0,0,1
30295,622,190,0,0,1
30358,572,202,0,0,1
30436,514,204,0,0,1
30498,488,208,0,0,1
30576,482,212,0,0,1
30638,484,218,0,0,1
30716,484,228,0,0,1
30779,474,232,0,0,1
30857,472,234,0,0,1
30919,470,236,0,0,1
30997,430,246,0,0,1
31060,240,286,0,0,1
31138,180,294,0,0,1
31200,162,298,0,0,1
31278,164,300,0,0,1
31340,190,308,0,0,1
31418,204,310,0,0,1
31481,216,310,0,0,1
31559,232,312,0,0,1
31621,238,312,0,0,1
31699,244,312,0,0,1
31762,250,312,0,0,1
31840,254,312,0,0,1
31902,258,312,0,0,1
31980,262,312,0,0,1
32042,264,312,0,0,1
32120,266,314,0,0,1
32183,268,314,0,0,1
32261,270,316,0,0,1
32323,272,316,0,0,1
32401,272,316,0,0,1
32464,272,316,0,0,1
32542,272,316,0,0,1
32604,274,318,0,0,1
32682,332,356,0,0,1
32744,488,426,0,0,1
32822,594,466,0,0,1
32885,624,482,0,0,1
32963,644,494,0,0,1
33025,654,502,0,0,1
33088,656,506,0,0,1
33166,658,508,0,0,1
33228,658,508,0,0,1
33306,660,508,0,0,1
33368,660,508,0,0,1
33446,660,508,0,0,1
33509,660,496,0,0,1
33587,658,382,0,0,1
33649,650,238,0,0,1
33727,648,198,0,0,1
33790,648,176,0,0,1
33868,648,174,0,0,1
33930,648,182,0,0,1
34008,648,184,0,0,1
34070,648,184,0,0,1
34148,648,182,0,0,1
34211,644,180,0,0,1
34289,634,176,0,0,1
34351,590,162,0,0,1
34429,522,150,0,0,1
34492,450,146,0,0,1
34570,400,146,0,0,1
34632,362,152,0,0,1
34710,338,156,0,0,1
34772,314,164,0,0,1
34850,292,172,0,0,1
34913,274,180,0,0,1
34991,260,190,0,0,1
35053,250,206,0,0,1
35131,236,234,0,0,1
35194,228,258,0,0,1
35272,224,288,0,0,1
35334,226,320,0,0,1
35412,236,358,0,0,1
35474,254,392,0,0,1
35552,274,424,0,0,1
35615,310,452,0,0,1
35693,352,470,0,0,1
35755,394,484,0,0,1
35833,444,500,0,0,1
35896,474,506,0,0,1
35974,496,514,0,0,1
36036,518,520,0,0,1
36114,540,522,0,0,1
36176,558,522,0,0,1
36254,574,518,0,0,1
36317,594,512,0,0,1
36395,612,506,0,0,1
36457,622,502,0,0,1
36535,628,496,0,0,1
36598,632,490,0,0,1
36676,628,462,0,0,1
36738,612,422,0,0,1
36816,592,378,0,0,1
36878,580,340,0,0,1
36956,572,316,0,0,1
37019,562,286,0,0,1
37097,558,264,0,0,1
37159,554,236,0,0,1
37237,552,224,0,0,1
37300,554,224,0,0,1
37378,556,230,0,0,1
37440,558,230,0,0,1
37518,558,230,0,0,1
37580,558,226,0,0,1
37658,558,220,0,0,1
37721,558,212,0,0,1
37799,560,200,0,0,1
37861,572,180,0,0,1
37939,596,168,0,0,1
38002,624,156,0,0,1
38080,646,150,0,0,1
38142,656,148,0,0,1
38220,662,156,0,0,1
38282,670,182,0,0,1
38360,678,228,0,0,1
38423,680,298,0,0,1
38501,678,352,0,0,1
38563,672,390,0,0,1
38641,668,408,0,0,1
38704,666,418,0,0,1
38782,666,418,0,0,1
38844,672,418,0,0,1
38922,678,412,0,0,1
38984,686,408,0,0,1
39062,704,406,0,0,1
39125,722,406,0,0,1
39203,732,416,0,0,1
39265,732,420,0,0,1
39343,732,424,0,0,1
39406,730,424,0,0,1
39468,724,428,0,0,1
39546,720,430,0,0,1
39608,714,436,0,0,1
39686,710,438,0,0,1
39749,704,440,0,0,1
39827,696,442,0,0,1
39889,684,446,0,0,1
39967,678,450,0,0,1
40030,666,456,0,0,1
40108,650,462,0,0,1
40170,644,464,0,0,1
40248,642,464,0,0,1
40310,640,466,0,0,1
40388,632,468,0,0,1
40451,620,468,0,0,1
40529,608,470,0,0,1
40591,594,472,0,0,1
40669,580,472,0,0,1
40732,568,472,0,0,1
40810,560,472,0,0,1
40872,550,472,0,0,1
40950,538,468,0,0,1
41012,514,448,0,0,1
41090,464,386,0,0,1
41153,412,306,0,0,1
41231,378,242,0,0,1
41293,374,216,0,0,1
41371,376,194,0,0,1
41434,386,176,0,0,1
41512,394,162,0,0,1
41574,402,152,0,0,1
41652,412,146,0,0,1
41714,422,138,0,0,1
41792,434,136,0,0,1
41855,450,138,0,0,1
41933,486,168,0,0,1
41995,532,228,0,0,1
42073,584,288,0,0,1
42136,614,316,0,0,1
42214,622,328,0,0,1
42276,618,338,0,0,1
42354,616,358,0,0,1
42416,622,388,0,0,1
42494,624,402,0,0,1
42557,622,410,0,0,1
42635,616,414,0,0,1
42697,602,416,0,0,1
42775,584,416,0,0,1
42838,560,418,0,0,1
42916,546,422,0,0,1
42978,540,424,0,0,1
43056,536,424,0,0,1
43118,530,424,0,0,1
43196,514,408,0,0,1
43259,486,362,0,0,1
43321,476,302,0,0,1
43399,476,260,0,0,1
43462,478,232,0,0,1
43540,488,210,0,0,1
43602,506,194,0,0,1
43680,534,182,0,0,1
43742,552,176,0,0,1
43820,570,174,0,0,1
43883,586,178,0,0,1
43961,610,190,0,0,1
44023,634,210,0,0,1
44101,658,232,0,0,1
44164,680,258,0,0,1
44242,690,286,0,0,1
44304,696,312,0,0,1
44382,700,342,0,0,1
44444,702,370,0,0,1
44522,704,404,0,0,1
44585,704,434,0,0,1
44663,696,448,0,0,1
44725,662,458,0,0,1
44803,600,464,0,0,1
44866,524,460,0,0,1
44944,408,426,0,0,1
45006,350,412,0,0,1
45084,328,402,0,0,1
45146,320,404,0,0,1
45224,318,422,0,0,1
45287,320,426,0,0,1
45365,330,428,0,0,1
45427,342,428,0,0,1
45505,356,430,0,0,1
45568,364,432,0,0,1
45646,370,436,0,0,1
45708,374,438,0,0,1
45786,376,440,0,0,1
45848,376,440,0,0,1
45926,378,440,0,0,1
45989,386,442,0,0,1
46067,394,444,0,0,1
46129,400,444,0,0,1
46207,408,446,0,0,1
46270,416,446,0,0,1
46348,424,448,0,0,1
46410,428,450,0,0,1
46488,432,452,0,0,1
46550,436,452,0,0,1
46628,438,454,0,0,1
46691,440,452,0,0,1
46769,440,450,0,0,1
46831,442,450,0,0,1
46909,444,448,0,0,1
46972,448,446,1,0,1
47050,458,440,0,0,1
47112,468,434,1,0,1
47190,476,430,0,0,1
47252,482,428,1,0,1
47330,486,426,0,0,1
47393,492,424,1,0,1
47471,496,422,0,0,1
47533,500,420,1,0,1
47611,504,420,0,0,1
47674,504,418,1,0,1
47752,510,414,0,0,1
47814,514,410,1,0,1
47892,518,404,0,0,1
47954,524,398,1,0,1
48032,526,394,0,0,1
48095,528,392,1,0,1
48173,530,392,0,0,1
48235,532,390,1,0,1
48313,532,388,0,0,1
48376,534,386,1,0,1
48454,534,380,0,0,1
48516,534,374,0,0,1
48594,534,368,0,0,1
48656,528,360,0,0,1
48734,518,350,0,0,1
48797,500,336,0,0,1
48875,474,316,0,0,1
48937,466,310,0,0,1
49015,464,310,0,0,1
49078,462,310,0,0,1
49156,458,310,0,0,1
49218,452,310,0,0,1
49296,448,310,0,0,1
49359,444,314,0,0,1
49437,444,316,0,0,1
49499,444,318,0,0,1
49577,440,318,0,0,1
49639,438,320,0,0,1
49717,438,320,0,0,1
49780,438,320,0,0,1
49858,438,320,0,0,1
49920,438,320,0,0,1
49998,438,320,0,0,1
50061,440,320,0,0,1
50139,440,320,0,0,1
50201,440,320,0,0,1
50279,440,320,0,0,1
50341,440,320,0,0,1
50419,440,320,0,0,1
50482,460,292,0,0,1
50560,506,216,0,0,1
50622,532,184,0,0,1
50700,556,162,0,0,1
50763,570,154,0,0,1
50841,580,152,0,0,1
50903,588,146,0,0,1
50981,598,140,0,0,1
51043,610,134,0,0,1
51106,622,126,0,0,1
51184,636,120,0,0,1
51262,650,118,0,0,1
51324,660,118,0,0,1
51402,664,118,0,0,1
51465,672,134,0,0,1
51543,682,172,0,0,1
51605,688,246,0,0,1
51683,680,290,0,0,1
51745,664,350,0,0,1
51823,650,402,0,0,1
51886,634,434,0,0,1
51964,620,456,0,0,1
52026,598,478,0,0,1
52104,568,496,0,0,1
52167,504,506,0,0,1
52245,412,512,0,0,1
52307,330,508,0,0,1
52385,286,488,0,0,1
52447,244,460,0,0,1
52525,194,420,0,0,1
52588,158,378,0,0,1
52666,134,348,0,0,1
52728,124,332,0,0,1
52806,112,310,0,0,1
52869,112,276,0,0,1
52947,130,236,0,0,1
53009,146,204,0,0,1
53087,168,184,0,0,1
53149,208,166,0,0,1
53227,240,154,0,0,1
53290,270,150,0,0,1
53368,300,146,0,0,1
53430,348,140,0,0,1
53508,392,138,0,0,1
53571,430,136,0,0,1
53649,456,142,0,0,1
53711,494,154,0,0,1
53789,522,162,0,0,1
53851,554,178,0,0,1
53929,592,208,0,0,1
53992,626,254,0,0,1
54054,630,318,0,0,1
54132,570,392,0,0,1
54195,498,424,0,0,1
54273,420,434,0,0,1
54335,372,434,0,0,1
54413,350,430,0,0,1
54475,350,434,0,0,1
54553,350,436,0,0,1
54616,350,436,0,0,1
54694,350,436,0,0,1
54756,354,434,0,0,1
54834,360,430,0,0,1
54897,362,428,0,0,1
54975,362,426,0,0,1
55037,362,426,0,0,1
55115,364,424,0,0,1
55177,364,422,0,0,1
55255,368,418,0,0,1
55318,372,414,0,0,1
55396,374,410,0,0,1
55458,376,406,0,0,1
55536,378,402,0,0,1
55599,382,394,0,0,1
55677,382,388,0,0,1
55739,386,382,0,0,1
55817,388,376,1,0,1
55879,390,374,0,0,1
55957,390,374,1,0,1
56020,392,370,0,0,1
56098,392,366,1,0,1
56160,392,362,0,0,1
56238,392,360,1,0,1
56301,392,354,0,0,1
56379,394,350,1,0,1
56441,394,344,0,0,1
56519,394,344,1,0,1
56581,398,340,0,0,1
56659,400,332,1,0,1
56722,402,326,0,0,1
56800,404,320,1,0,1
56862,408,312,0,0,1
56940,410,308,1,0,1
57003,412,300,0,0,1
57081,414,296,1,0,1
57143,414,292,0,0,1
57221,416,290,1,0,1
57283,416,286,0,0,1
57361,422,280,1,0,1
57424,424,276,0,0,1
57502,424,274,1,0,1
57564,428,272,1,0,1
57642,428,272,1,0,1
57705,428,272,1,0,1
57783,430,270,1,0,1
57845,434,268,1,0,1
57923,440,264,1,0,1
57985,442,262,1,0,1
58063,446,260,1,0,1
58126,448,258,1,0,1
58204,452,254,1,0,1
58266,454,252,1,0,1
58344,456,252,1,0,1
58407,464,250,1,0,1
58485,514,268,1,0,1
58547,594,296,1,0,1
58625,642,314,1,0,1
58687,666,338,1,0,1
58765,688,362,1,0,1
58828,704,382,1,0,1
58906,716,402,1,0,1
58968,722,420,1,0,1
59046,720,434,1,0,1
59109,704,450,1,0,1
59187,664,464,1,0,1
59249,614,468,1,0,1
59327,568,472,1,0,1
59389,528,470,1,0,1
59467,510,454,1,0,1
59530,484,408,1,0,1
59608,476,372,1,0,1
59670,472,354,1,0,1
59748,474,344,1,0,1
59811,478,338,1,0,1
59889,478,330,1,0,1
59951,476,328,1,0,1
60029,476,324,1,0,1
60091,476,324,1,0,1
60169,472,320,1,0,1
60232,468,320,1,0,1
60310,468,320,1,0,1
60372,466,320,1,0,1
60450,468,324,0,0,1
60513,468,324,0,0,1
60591,466,324,0,0,1
60653,462,324,0,0,1
60731,458,324,0,0,1
60793,454,326,0,0,1
60871,450,328,0,0,1
60934,444,330,0,0,1
61012,440,334,0,0,1
61074,436,336,0,0,1
61152,436,336,0,0,1
61215,436,336,0,0,1
61293,436,336,0,0,1
61355,434,346,0,0,1
61433,430,368,0,0,1
61495,430,390,0,0,1
61573,426,394,0,0,1
61636,414,406,0,0,1
61714,404,426,0,0,1
61776,386,440,0,0,1
61854,340,446,0,0,1
61917,290,438,0,0,1
61995,258,418,0,0,1
62057,236,388,0,0,1
62135,212,352,0,0,1
62197,192,308,0,0,1
62275,188,284,0,0,1
62338,188,266,0,0,1
62416,202,248,0,0,1
62478,230,228,0,0,1
62556,252,214,0,0,1
62619,270,202,0,0,1
62697,286,194,0,0,1
62759,310,186,0,0,1
62837,360,180,0,0,1
62899,414,182,0,0,1
62977,456,202,0,0,1
63040,484,236,0,0,1
63118,502,268,0,0,1
63180,502,296,0,0,1
63258,502,318,0,0,1
63321,502,322,0,0,1
63399,500,324,0,0,1
63461,498,324,0,0,1
63539,494,326,0,0,1
63601,488,330,0,0,1
63679,460,336,0,0,1
63742,354,346,0,0,1
63820,256,346,0,0,1
63882,214,344,0,0,1
63960,210,342,0,0,1
64023,210,342,0,0,1
64101,218,338,0,0,1
64163,226,334,0,0,1
64241,232,332,0,0,1
64303,238,330,0,0,1
64381,242,328,0,0,1
64444,244,328,0,0,1
64522,246,326,0,0,1
64584,250,326,0,0,1
64662,250,326,0,0,1
64725,252,326,0,0,1
64803,252,326,0,0,1
64881,252,326,0,0,1
64943,252,326,0,0,1
65021,250,326,0,0,1
65083,248,326,0,0,1
65161,232,324,0,0,1
65224,168,314,0,0,1
65302,162,314,0,0,1
65364,164,314,0,0,1
65427,174,314,0,0,1
65505,180,314,0,0,1
65567,190,314,0,0,1
65645,202,314,0,0,1
65707,216,314,0,0,1
65785,236,314,0,0,1
65848,250,314,0,0,1
65926,258,316,0,0,1
65988,266,316,0,0,1
66066,268,316,0,0,1
66129,278,320,0,0,1
66207,324,352,0,0,1
66269,406,404,0,0,1
66347,426,420,0,0,1
66409,436,434,0,0,1
66487,436,440,0,0,1
66550,432,446,0,0,1
66628,438,464,1,0,1
66690,448,478,1,0,1
66768,454,488,1,0,1
66831,454,492,1,0,1
66909,454,494,1,0,1
66971,448,496,1,0,1
67049,440,500,1,0,1
67111,434,504,1,0,1
67189,430,510,1,0,1
67252,428,518,1,0,1
67330,426,522,1,0,1
67392,422,528,1,0,1
67470,420,538,1,0,1
67533,424,540,0,0,1
67611,436,538,0,0,1
67673,482,514,0,0,1
67751,532,464,0,0,1
67813,582,390,0,0,1
67891,606,332,0,0,1
67954,614,292,0,0,1
68032,616,260,0,0,1
68094,616,242,0,0,1
68172,602,212,0,0,1
68235,570,186,0,0,1
68313,504,170,0,0,1
68375,426,180,0,0,1
68453,372,224,0,0,1
68515,334,276,0,0,1
68593,326,286,0,0,1
68656,326,288,0,0,1
68734,328,288,0,0,1
68796,332,288,0,0,1
68874,340,288,0,0,1
68937,348,288,0,0,1
69015,356,286,0,0,1
69077,362,282,0,0,1
69155,370,280,0,0,1
69217,374,278,0,0,1
69295,376,278,0,0,1
69358,380,278,0,0,1
69436,390,278,0,0,1
69498,402,278,0,0,1
69576,414,278,0,0,1
69639,424,282,0,0,1
69717,438,286,0,0,1
69779,442,286,0,0,1
69857,440,286,0,0,1
69919,424,288,0,0,1
69997,356,302,0,0,1
70060,312,308,0,0,1
70138,296,322,0,0,1
70200,284,336,0,0,1
70278,286,338,0,0,1
70341,292,336,0,0,1
70419,296,330,0,0,1
70481,298,330,0,0,1
70559,300,328,0,0,1
70621,304,328,0,0,1
70699,312,328,0,0,1
70762,314,328,0,0,1
70840,314,330,0,0,1
70902,314,330,0,0,1
70980,314,332,0,0,1
71043,312,332,0,0,1
71121,312,336,0,0,1
71183,314,354,0,0,1
71261,308,364,0,0,1
71323,306,366,0,0,1
71401,310,362,0,0,1
71464,326,358,0,0,1
71542,340,352,0,0,1
71604,364,336,0,0,1
71682,432,304,0,0,1
71745,514,266,0,0,1
71823,590,228,0,0,1
71885,632,196,0,0,1
71963,656,184,0,0,1
72025,660,174,0,0,1
72103,660,166,0,0,1
72166,654,156,0,0,1
72244,638,146,0,0,1
72306,622,136,0,0,1
72384,600,126,0,0,1
72462,566,112,0,0,1
72525,514,100,0,0,1
72587,448,98,0,0,1
72665,398,100,0,0,1
72727,364,104,0,0,1
72805,334,110,0,0,1
72868,298,114,0,0,1
72946,264,118,0,0,1
73008,230,124,0,0,1
73086,194,134,0,0,1
73149,164,146,0,0,1
73227,140,158,0,0,1
73289,128,174,0,0,1
73367,120,204,0,0,1
73429,116,250,0,0,1
73507,116,286,0,0,1
73570,128,318,0,0,1
73648,138,350,0,0,1
73710,158,386,0,0,1
73788,188,426,0,0,1
73851,216,452,0,0,1
73929,262,466,0,0,1
73991,324,470,0,0,1
74069,366,476,0,0,1
74131,396,480,0,0,1
74209,420,484,0,0,1
74272,446,488,0,0,1
74350,472,494,0,0,1
74428,486,496,0,0,1
74490,488,496,0,0,1
74568,480,490,0,0,1
74631,418,450,0,0,1
74709,324,416,0,0,1
74771,278,396,0,0,1
74849,252,372,0,0,1
74911,220,326,0,0,1
74989,204,294,0,0,1
75052,202,256,0,0,1
75130,212,222,0,0,1
75192,244,196,0,0,1
75270,276,176,0,0,1
75333,312,164,0,0,1
75411,362,152,0,0,1
75473,404,144,0,0,1
75551,444,138,0,0,1
75613,480,138,0,0,1
75691,524,140,0,0,1
75754,556,150,0,0,1
75816,584,168,0,0,1
75894,614,198,0,0,1
75972,632,230,0,0,1
76035,648,284,0,0,1
76097,648,346,0,0,1
76175,614,392,0,0,1
76253,556,428,0,0,1
76315,484,448,0,0,1
76393,386,452,0,0,1
76456,324,446,0,0,1
76534,300,438,0,0,1
76596,286,434,0,0,1
76674,278,430,0,0,1
76737,272,426,0,0,1
76815,270,426,0,0,1
76877,264,422,0,0,1
76955,234,400,0,0,1
77017,172,350,0,0,1
77095,158,338,0,0,1
77158,160,334,0,0,1
77236,164,332,0,0,1
77298,172,332,0,0,1
77376,176,332,0,0,1
77439,180,332,0,0,1
77517,190,332,0,0,1
77579,200,332,0,0,1
77641,206,332,0,0,1
77719,214,332,0,0,1
77782,222,330,0,0,1
77860,232,328,0,0,1
77922,244,326,0,0,1
78000,252,324,0,0,1
78063,260,322,0,0,1
78141,268,322,0,0,1
78203,276,322,0,0,1
78281,296,322,0,0,1
78359,316,322,0,0,1
78421,326,322,0,0,1
78499,344,326,0,0,1
78562,366,328,0,0,1
78640,394,334,0,0,1
78702,424,336,0,0,1
78780,450,338,0,0,1
78843,476,338,0,0,1
78921,500,338,0,0,1
78983,518,334,0,0,1
79045,536,330,0,0,1
79123,552,326,0,0,1
79186,566,318,0,0,1
79264,582,306,0,0,1
79326,600,290,0,0,1
79404,614,266,0,0,1
79467,624,244,0,0,1
79545,626,224,0,0,1
79607,618,206,0,0,1
79685,604,188,0,0,1
79747,588,176,0,0,1
79825,574,170,0,0,1
79888,562,162,0,0,1
79966,550,154,0,0,1
80028,534,146,0,0,1
80106,512,134,0,0,1
80169,464,122,0,0,1
80247,408,112,0,0,1
80309,358,110,0,0,1
80387,322,110,0,0,1
80449,282,114,0,0,1
80528,246,124,0,0,1
80606,212,140,0,0,1
80668,188,154,0,0,1
80730,172,156,0,0,1
80808,170,158,0,0,1
80871,170,160,0,0,1
80949,172,160,0,0,1
81027,172,160,0,0,1
81089,172,158,0,0,1
81152,170,158,0,0,1
81230,164,158,0,0,1
81292,158,156,0,0,1
81370,148,156,0,0,1
81432,134,156,0,0,1
81510,116,158,0,0,1
81573,108,162,0,0,1
81651,108,174,0,0,1
81713,114,192,0,0,1
81791,116,202,0,0,1
81854,116,210,0,0,1
81932,120,214,0,0,1
81994,128,224,0,0,1
82072,146,246,0,0,1
82134,164,270,0,0,1
82212,172,280,0,0,1
82275,172,284,0,0,1
82353,180,294,0,0,1
82415,186,306,0,0,1
82493,192,314,0,0,1
82556,198,322,0,0,1
82634,204,328,0,0,1
82696,212,338,0,0,1
82774,224,348,0,0,1
82836,238,360,0,0,1
82914,246,366,0,0,1
82977,250,368,0,0,1
83055,258,374,0,0,1
83117,272,390,0,0,1
83195,294,408,0,0,1
83258,334,436,0,0,1
83336,390,458,0,0,1
83398,444,472,0,0,1
83476,494,478,0,0,1
83538,530,482,0,0,1
83616,548,480,0,0,1
83679,550,472,0,0,1
83757,542,456,0,0,1
83819,486,422,0,0,1
83897,370,408,0,0,1
83960,312,402,0,0,1
84038,294,390,0,0,1
84100,294,384,0,0,1
84178,284,374,0,0,1
84240,268,358,0,0,1
84318,268,358,0,0,1
84381,268,358,1,0,1
84459,268,362,1,0,1
84521,276,368,1,0,1
84599,282,374,1,0,1
84662,298,390,1,0,1
84740,310,402,1,0,1
84802,314,406,1,0,1
84880,320,412,1,0,1
84942,328,418,1,0,1
85005,328,418,1,0,1
85083,328,416,1,0,1
85145,328,414,1,0,1
85223,328,412,1,0,1
85286,328,414,1,0,1
85364,336,430,1,0,1
85426,348,454,1,0,1
85504,350,460,1,0,1
85566,352,462,1,0,1
85644,354,464,1,0,1
85707,362,472,1,0,1
85785,370,474,1,0,1
85847,382,476,1,0,1
85925,404,480,1,0,1
85988,452,482,0,0,1
86066,488,470,0,0,1
86128,516,460,0,0,1
86206,534,442,0,0,1
86268,556,416,0,0,1
86346,560,388,0,0,1
86409,492,340,0,0,1
86487,336,282,0,0,1
86549,252,254,0,0,1
86627,222,244,0,0,1
86690,216,238,0,0,1
86768,214,234,0,0,1
86830,224,232,0,0,1
86908,258,230,0,0,1
86970,272,232,0,0,1
87048,286,234,0,0,1
87111,310,242,0,0,1
87189,318,242,0,0,1
87251,324,246,0,0,1
87329,326,246,0,0,1
87392,328,246,0,0,1
87470,332,250,0,0,1
87532,336,252,0,0,1
87610,338,252,0,0,1
87672,342,252,0,0,1
87750,348,256,0,0,1
87813,352,256,0,0,1
87891,356,258,0,0,1
87953,358,258,0,0,1
88031,358,266,0,0,1
88094,366,276,0,0,1
88172,376,286,0,0,1
88234,386,292,0,0,1
88312,392,294,0,0,1
88374,400,294,0,0,1
88452,402,296,0,0,1
88515,404,296,0,0,1
88593,406,296,0,0,1
88655,410,298,0,0,1
88733,420,306,0,0,1
88796,466,320,0,0,1
88874,504,328,0,0,1
88936,538,328,0,0,1
89014,562,328,0,0,1
89076,582,328,0,0,1
89154,592,322,0,0,1
89217,586,316,0,0,1
89295,498,292,0,0,1
89357,314,288,0,0,1
89435,248,298,0,0,1
89498,226,298,0,0,1
89576,224,298,0,0,1
89638,228,302,0,0,1
89716,234,320,0,0,1
89778,236,322,0,0,1
89856,244,322,0,0,1
89919,250,320,0,0,1
89997,254,318,0,0,1
90059,260,318,0,0,1
90137,264,318,0,0,1
90215,268,318,0,0,1
90278,268,318,0,0,1
90356,268,318,0,0,1
90418,268,318,0,0,1
90496,268,318,0,0,1
90558,268,318,0,0,1
90636,270,318,0,0,1
90699,270,318,0,0,1
90777,272,318,0,0,1
90839,274,324,0,0,1
90917,286,332,0,0,1
90980,298,334,0,0,1
91042,300,334,0,0,1
91120,292,332,0,0,1
91198,244,322,0,0,1
91260,204,318,0,0,1
91338,202,318,0,0,1
91401,206,318,0,0,1
91463,220,318,0,0,1
91541,230,316,0,0,1
91619,240,314,0,0,1
91682,244,314,0,0,1
91744,252,314,0,0,1
91822,262,312,0,0,1
91884,270,312,0,0,1
91962,274,312,0,0,1
92025,274,312,0,0,1
92103,276,314,0,0,1
92165,272,316,0,0,1
92243,270,318,0,0,1
92306,266,320,0,0,1
92384,258,320,0,0,1
92446,252,320,0,0,1
92524,252,320,0,0,1
92586,252,318,0,0,1
92664,254,316,0,0,1
92727,256,312,0,0,1
92805,260,310,0,0,1
92867,262,310,0,0,1
92945,264,310,0,0,1
93008,268,310,0,0,1
93086,272,310,0,0,1
93148,276,308,0,0,1
93226,278,308,0,0,1
93288,280,308,0,0,1
93366,300,312,0,0,1
93429,312,312,0,0,1
93507,316,314,0,0,1
93569,316,314,0,0,1
93647,308,314,0,0,1
93710,286,314,0,0,1
93788,278,314,0,0,1
93850,278,314,0,0,1
93928,280,314,0,0,1
93990,286,314,0,0,1
94068,290,314,0,0,1
94131,292,314,0,0,1
94209,292,314,0,0,1
94271,292,314,0,0,1
94349,290,314,0,0,1
94412,290,314,0,0,1
94490,290,316,0,0,1
94552,290,320,0,0,1
94630,290,326,0,0,1
94692,290,328,0,0,1
94770,290,332,0,0,1
94833,288,332,0,0,1
94911,286,334,0,0,1
94973,286,334,0,0,1
95051,286,336,0,0,1
95114,286,336,0,0,1
95192,286,336,0,0,1
95254,288,336,0,0,1
95332,288,336,0,0,1
95394,286,336,1,0,1
95472,284,338,1,0,1
95535,282,338,1,0,1
95597,278,348,1,0,1
95675,272,356,1,0,1
95738,270,358,1,0,1
95816,270,358,1,0,1
95894,270,356,1,0,1
95956,270,354,1,0,1
96034,272,352,1,0,1
96096,274,350,1,0,1
96174,276,350,1,0,1
96237,278,348,1,0,1
96315,280,348,1,0,1
96377,280,346,1,0,1
96455,282,346,1,0,1
96518,282,346,1,0,1
96596,280,346,1,0,1
96658,274,350,1,0,1
96736,270,354,1,0,1
96798,266,360,1,0,1
96876,264,364,1,0,1
96939,256,372,1,0,1
97017,238,382,1,0,1
97079,226,386,1,0,1
97142,218,388,1,0,1
97220,214,388,1,0,1
97298,214,390,1,0,1
97360,212,390,1,0,1
97438,212,384,1,0,1
97500,216,378,1,0,1
97578,216,374,1,0,1
97641,218,372,1,0,1
97719,224,368,1,0,1
97781,230,366,1,0,1
97844,238,364,1,0,1
97922,246,360,0,0,1
97984,270,350,0,0,1
98062,342,324,0,0,1
98124,446,290,0,0,1
98202,492,280,0,0,1
98265,520,276,0,0,1
98343,564,286,0,0,1
98405,598,308,0,0,1
98483,626,358,0,0,1
98546,642,384,0,0,1
98624,650,388,0,0,1
98686,656,388,0,0,1
98764,660,380,0,0,1
98826,674,348,0,0,1
98904,684,310,0,0,1
98967,688,282,0,0,1
99045,692,262,0,0,1
99107,692,246,0,0,1
99185,688,228,0,0,1
99248,682,210,0,0,1
99326,672,192,0,0,1
99388,664,180,0,0,1
99466,658,168,0,0,1
99528,656,164,0,0,1
99606,652,152,0,0,1
99669,642,144,0,0,1
99747,626,134,0,0,1
99809,604,128,0,0,1
99887,582,124,0,0,1
99950,558,120,0,0,1
100028,520,120,0,0,1
100090,458,126,0,0,1
100168,376,148,0,0,1
100230,340,160,0,0,1
100308,324,188,0,0,1
100371,310,214,0,0,1
100449,296,226,0,0,1
100511,290,228,0,0,1
100589,280,228,0,0,1
100652,276,234,0,0,1
100730,280,272,0,0,1
100792,278,284,0,0,1
100870,284,290,0,0,1
100932,290,298,0,0,1
101010,292,298,0,0,1
101073,294,300,0,0,1
101151,298,300,0,0,1
101213,302,302,0,0,1
101291,304,302,0,0,1
101354,306,302,0,0,1
101432,306,302,0,0,1
101494,306,302,0,0,1
101572,310,304,0,0,1
101634,312,306,0,0,1
101712,318,314,0,0,1
101775,320,316,0,0,1
101853,320,318,0,0,1
101915,320,320,0,0,1
101993,322,322,0,0,1
102056,322,322,0,0,1
102134,322,324,0,0,1
102196,322,324,0,0,1
102274,324,324,0,0,1
102336,324,324,0,0,1
102414,324,324,0,0,1
102477,324,324,0,0,1
102555,324,324,0,0,1
102617,322,322,0,0,1
102695,254,324,0,0,1
102758,146,338,0,0,1
102836,146,338,0,0,1
102898,156,336,0,0,1
102976,180,332,0,0,1
103038,188,334,0,0,1
103116,208,340,0,0,1
103179,222,342,0,0,1
103257,226,342,0,0,1
103319,228,342,0,0,1
103397,230,344,0,0,1
103460,234,344,0,0,1
103538,236,344,0,0,1
103600,244,344,0,0,1
103678,252,342,0,0,1
103740,276,348,0,0,1
103818,374,382,0,0,1
103881,504,424,0,0,1
103959,554,436,0,0,1
104021,576,442,0,0,1
104099,586,444,0,0,1
104162,588,444,0,0,1
104240,588,444,0,0,1
104302,588,444,0,0,1
104380,588,444,0,0,1
104442,588,444,0,0,1
104505,588,444,0,0,1
104583,588,444,0,0,1
104661,588,444,0,0,1
104723,588,436,0,0,1
104801,564,380,0,0,1
104864,508,296,0,0,1
104942,506,294,0,0,1
105004,528,314,0,0,1
105082,596,346,0,0,1
105144,608,356,0,0,1
105222,614,400,0,0,1
105285,568,442,0,0,1
105363,498,466,0,0,1
105425,392,486,0,0,1
105503,320,494,0,0,1
105566,272,496,0,0,1
105644,242,492,0,0,1
105706,216,474,0,0,1
105784,200,458,0,0,1
105846,186,438,0,0,1
105924,178,410,0,0,1
105987,178,372,0,0,1
106065,198,310,0,0,1
106127,212,250,0,0,1
106205,220,206,0,0,1
106268,224,176,0,0,1
106346,224,160,0,0,1
106408,224,152,0,0,1
106486,226,146,0,0,1
106548,232,142,0,0,1
106626,234,138,0,0,1
106689,238,136,0,0,1
106767,240,132,0,0,1
106829,246,126,0,0,1
106907,252,122,0,0,1
106985,258,116,0,0,1
107048,266,110,0,0,1
107110,272,108,0,0,1
107188,276,104,0,0,1
107250,280,102,0,0,1
107328,284,100,0,0,1
107406,288,100,0,0,1
107469,290,100,0,0,1
107547,294,100,0,0,1
107609,300,100,0,0,1
107687,306,100,0,0,1
107750,316,100,0,0,1
107828,322,100,0,0,1
107890,330,100,0,0,1
107968,334,100,0,0,1
108030,340,100,0,0,1
108108,342,100,0,0,1
108171,342,100,0,0,1
108249,338,100,0,0,1
108311,334,98,0,0,1
108389,334,98,0,0,1
108452,336,98,0,0,1
108514,340,98,0,0,1
108592,346,98,0,0,1
108654,356,98,0,0,1
108732,362,98,0,0,1
108795,364,98,1,0,1
108873,364,98,0,0,1
108935,364,98,1,0,1
109013,364,98,0,0,1
109076,362,98,1,0,1
109154,362,98,0,0,1
109216,362,98,1,0,1
109294,362,98,0,0,1
109356,362,98,1,0,1
109434,362,100,0,0,1
109497,362,102,1,0,1
109575,362,104,0,0,1
109637,362,106,1,0,1
109715,362,108,0,0,1
109778,364,108,1,0,1
109856,364,108,0,0,1
109918,364,108,1,0,1
109996,364,108,1,0,1
110058,364,108,1,0,1
110136,364,108,1,0,1
110199,366,108,1,0,1
110277,366,108,1,0,1
110339,364,178,1,0,1
110417,338,320,1,0,1
110480,334,334,1,0,1
110558,332,328,1,0,1
110620,332,320,1,0,1
110698,332,310,1,0,1
110760,332,308,1,0,1
110838,332,308,1,0,1
110901,332,308,1,0,1
110979,332,308,1,0,1
111041,332,308,1,0,1
111119,332,308,1,0,1
111182,336,308,1,0,1
111260,336,306,1,0,1
111322,336,306,1,0,1
111400,336,306,0,0,1
111478,338,304,0,0,1
111540,342,302,0,0,1
111618,344,302,0,0,1
111681,348,302,0,0,1
111759,400,332,0,0,1
111821,586,426,0,0,1
111899,656,448,0,0,1
111962,674,454,0,0,1
112024,692,470,0,0,1
112102,694,476,0,0,1
112165,694,476,0,0,1
112243,694,476,0,0,1
112321,694,476,0,0,1
112383,694,474,0,0,1
112461,694,472,0,0,1
112523,694,470,0,0,1
112601,694,470,0,0,1
112664,694,470,0,0,1
112742,694,470,0,0,1
112804,692,470,0,0,1
112882,688,466,0,0,1
112945,652,450,0,0,1
113023,502,402,0,0,1
113085,344,354,0,0,1
113163,288,332,0,0,1
113225,276,326,0,0,1
113303,280,326,0,0,1
113366,286,324,0,0,1
113444,294,322,0,0,1
113506,294,322,0,0,1
113584,296,322,0,0,1
113647,296,322,0,0,1
113725,296,322,0,0,1
113787,296,322,0,0,1
113865,296,322,0,0,1
113927,296,322,0,0,1
114005,296,322,0,0,1
114068,294,322,0,0,1
114146,292,322,0,0,1
114208,290,320,0,0,1
114286,276,312,0,0,1
114349,272,308,0,0,1
114427,272,308,0,0,1
114489,272,308,0,0,1
114567,274,308,0,0,1
114629,276,308,0,0,1
114707,276,308,0,0,1
114770,276,308,0,0,1
114848,276,310,0,0,1
114910,276,310,0,0,1
114988,276,312,0,0,1
115051,278,324,0,0,1
115129,280,336,0,0,1
115191,280,336,0,0,1
115269,280,336,0,0,1
115331,280,332,0,0,1
115409,280,330,0,0,1
115472,280,330,0,0,1
115550,280,330,0,0,1
115612,282,330,0,0,1
115690,282,330,0,0,1
115753,282,330,0,0,1
115831,294,336,0,0,1
115893,426,404,0,0,1
115971,538,442,0,0,1
116033,558,448,0,0,1
116111,574,458,0,0,1
116174,584,464,0,0,1
116252,588,464,0,0,1
116314,590,462,0,0,1
116392,594,450,0,0,1
116455,604,426,0,0,1
116533,610,390,0,0,1
116595,612,334,0,0,1
116673,590,266,0,0,1
116735,560,220,0,0,1
116813,544,204,0,0,1
116876,534,192,0,0,1
116954,520,180,0,0,1
117016,476,170,0,0,1
117094,370,190,0,0,1
117157,328,214,0,0,1
117235,328,226,0,0,1
117297,334,234,0,0,1
117375,336,236,0,0,1
117437,338,236,0,0,1
117515,338,236,0,0,1
117578,346,236,0,0,1
117656,348,238,0,0,1
117718,348,238,0,0,1
117796,348,238,0,0,1
117859,346,238,0,0,1
117937,338,234,0,0,1
117999,336,234,0,0,1
118077,336,230,0,0,1
118139,336,230,0,0,1
118217,334,224,0,0,1
118280,330,218,0,0,1
118358,330,210,0,0,1
118420,330,200,0,0,1
118498,330,192,0,0,1
118561,342,190,0,0,1
118639,356,188,0,0,1
118701,368,202,0,0,1
118779,368,204,0,0,1
118841,366,206,0,0,1
118919,366,206,0,0,1
118982,364,208,0,0,1
119060,364,212,0,0,1
119122,364,214,0,0,1
119200,362,216,0,0,1
119263,358,218,0,0,1
119341,354,222,0,0,1
119403,354,226,0,0,1
119481,352,226,0,0,1
119543,346,224,0,0,1
119621,346,224,0,0,1
119684,344,224,0,0,1
119762,344,222,0,0,1
119824,344,220,0,0,1
119902,344,214,0,0,1
119965,346,210,0,0,1
120043,354,206,0,0,1
120105,362,206,0,0,1
120183,370,206,0,0,1
120245,370,206,0,0,1
120323,374,212,0,0,1
120386,376,214,0,0,1
120464,376,216,0,0,1
120526,378,216,0,0,1
120604,378,216,0,0,1
120667,378,214,0,0,1
120745,378,214,0,0,1
120807,378,212,1,0,1
120885,378,212,0,0,1
120947,378,212,1,0,1
121025,374,208,0,0,1
121088,370,204,1,0,1
121166,370,204,0,0,1
121228,370,204,1,0,1
121306,370,204,0,0,1
121369,366,200,1,0,1
121447,364,200,0,0,1
121509,364,200,1,0,1
121587,364,198,0,0,1
121649,364,198,1,0,1
121727,362,196,0,0,1
121790,362,196,1,0,1
121868,362,194,0,0,1
121930,362,194,1,0,1
122008,360,194,0,0,1
122071,360,194,0,0,1
122149,360,192,0,0,1
122211,360,192,0,0,1
122289,360,190,0,0,1
122351,358,190,0,0,1
122429,358,188,0,0,1
122492,358,188,0,0,1
122570,358,188,0,0,1
122632,356,186,0,0,1
122710,354,186,0,0,1
122773,354,186,0,0,1
122851,352,184,0,0,1
122913,352,184,0,0,1
122991,346,176,0,0,1
123053,346,174,0,0,1
123131,346,174,0,0,1
123194,346,174,0,0,1
123272,348,174,0,0,1
123334,348,174,0,0,1
123412,348,174,0,0,1
123475,348,176,0,0,1
123553,348,178,0,0,1
123615,348,178,0,0,1
123693,348,180,0,0,1
123755,348,180,0,0,1
123833,350,182,0,0,1
123896,350,182,0,0,1
123974,350,184,0,0,1
124036,350,184,0,0,1
124114,350,184,1,0,1
124177,350,184,0,0,1
124255,350,184,1,0,1
124317,350,184,0,0,1
124395,354,188,1,0,1
124457,358,198,0,0,1
124535,358,198,1,0,1
124598,360,200,0,0,1
124676,360,200,1,0,1
124738,360,200,0,0,1
124816,360,200,1,0,1
124879,360,200,0,0,1
124957,360,202,1,0,1
125019,360,204,0,0,1
125097,360,204,1,0,1
125159,360,204,1,0,1
125237,360,206,1,0,1
125300,364,236,1,0,1
125378,362,332,1,0,1
125471,350,404,1,0,1
125549,340,412,1,0,1
125612,338,414,1,0,1
125690,324,422,1,0,1
125752,282,434,1,0,1
125830,244,436,1,0,1
125893,232,438,1,0,1
125971,222,440,1,0,1
126033,216,440,1,0,1
126111,206,440,1,0,1
126173,196,436,1,0,1
126251,186,430,1,0,1
126314,176,416,1,0,1
126376,156,390,1,0,1
126454,140,366,1,0,1
126517,134,344,1,0,1
126595,130,314,1,0,1
126657,136,282,1,0,1
126735,160,264,1,0,1
126797,262,294,1,0,1
126875,402,342,1,0,1
126938,412,346,1,0,1
127016,412,346,1,0,1
127078,406,348,1,0,1
127156,406,350,1,0,1
127219,410,360,1,0,1
127297,416,366,1,0,1
127359,424,378,1,0,1
127437,436,394,1,0,1
127499,444,408,1,0,1
127577,446,410,1,0,1
127640,446,410,1,0,1
127718,446,410,1,0,1
127780,450,416,1,0,1
127858,462,428,1,0,1
127921,478,442,1,0,1
127999,488,452,1,0,1
128077,496,462,1,0,1
128139,500,468,1,0,1
128217,504,474,1,0,1
128279,514,486,1,0,1
128357,520,494,1,0,1
128420,534,510,1,0,1
128498,552,530,0,0,1
128560,570,548,0,0,1
128638,588,558,0,0,1
128701,600,564,0,0,1
128779,612,564,0,0,1
128841,620,566,0,0,1
128919,626,562,0,0,1
128981,638,548,0,0,1
129059,654,518,0,0,1
129122,658,484,0,0,1
129184,654,444,0,0,1
129262,636,420,0,0,1
129325,618,420,0,0,1
129403,588,448,0,0,1
129465,576,450,0,0,1
129543,570,442,0,0,1
129605,560,428,0,0,1
129683,554,422,0,0,1
129746,548,412,0,0,1
129824,540,400,0,0,1
129886,540,398,0,0,1
129964,540,396,0,0,1
130027,530,380,0,0,1
130105,518,350,0,0,1
130167,506,332,0,0,1
130245,498,318,0,0,1
130307,492,312,0,0,1
130385,490,308,0,0,1
130448,490,308,0,0,1
130526,490,312,0,0,1
130588,490,314,0,0,1
130666,490,314,0,0,1
130729,490,314,0,0,1
130807,490,314,0,0,1
130869,490,314,0,0,1
130947,490,314,0,0,1
131009,490,314,0,0,1
131087,490,312,0,0,1
131150,490,312,0,0,1
131228,490,312,0,0,1
131290,490,312,0,0,1
131368,488,310,0,0,1
131431,486,310,0,0,1
131509,486,310,0,0,1
131571,486,310,0,0,1
131649,484,310,0,0,1
131711,422,362,0,0,1
131789,300,418,0,0,1
131852,248,418,0,0,1
131930,218,428,0,0,1
131992,194,432,0,0,1
132070,176,432,0,0,1
132133,164,432,0,0,1
132211,156,432,0,0,1
132273,148,430,0,0,1
132351,136,416,0,0,1
132413,114,390,0,0,1
132491,96,364,0,0,1
132554,86,340,0,0,1
132632,78,320,0,0,1
132694,76,292,0,0,1
132772,76,264,0,0,1
132835,76,228,0,0,1
132913,80,210,0,0,1
132975,82,188,0,0,1
133053,90,166,0,0,1
133115,108,142,0,0,1
133193,136,122,0,0,1
133256,158,110,0,0,1
133334,176,104,0,0,1
133396,196,96,0,0,1
133474,222,90,0,0,1
133537,270,82,0,0,1
133615,342,80,0,0,1
133677,410,78,0,0,1
133755,468,76,0,0,1
133817,530,76,0,0,1
133895,590,80,0,0,1
133958,630,80,0,0,1
134036,660,82,0,0,1
134098,680,82,0,0,1
134176,696,90,0,0,1
134239,708,102,0,0,1
134317,726,138,0,0,1
134379,730,182,0,0,1
134457,728,242,0,0,1
134519,718,298,0,0,1
134597,708,352,0,0,1
134660,708,388,0,0,1
134738,700,420,0,0,1
134800,666,420,0,0,1
134878,514,372,0,0,1
134941,330,288,0,0,1
135019,274,206,0,0,1
135081,270,192,0,0,1
135159,270,192,0,0,1
135221,270,204,0,0,1
135299,274,214,0,0,1
135362,282,218,0,0,1
135440,296,228,0,0,1
135502,302,232,0,0,1
135580,304,236,0,0,1
135643,308,238,0,0,1
135721,310,240,0,0,1
135783,316,244,0,0,1
135861,320,246,0,0,1
135923,324,246,0,0,1
136001,328,250,0,0,1
136064,336,256,0,0,1
136142,342,262,0,0,1
136204,344,264,0,0,1
136282,352,268,0,0,1
136345,354,270,0,0,1
136423,356,272,0,0,1
136485,358,274,0,0,1
136563,362,274,0,0,1
136625,366,274,0,0,1
136703,372,272,0,0,1
136766,374,268,0,0,1
136844,378,256,0,0,1
136906,394,228,0,0,1
136984,412,198,0,0,1
137047,418,190,0,0,1
137125,418,188,0,0,1
137187,404,188,0,0,1
137265,360,194,0,0,1
137327,356,222,0,0,1
137405,372,254,0,0,1
137468,342,260,0,0,1
137546,248,260,0,0,1
137608,222,248,0,0,1
137686,216,246,0,0,1
137749,214,248,0,0,1
137827,214,260,0,0,1
137889,214,262,0,0,1
137967,216,266,0,0,1
138029,220,268,0,0,1
138107,230,276,0,0,1
138170,234,276,0,0,1
138248,240,278,0,0,1
138310,242,278,0,0,1
138388,248,284,1,0,1
138451,252,300,1,0,1
138529,262,330,1,0,1
138591,266,336,1,0,1
138669,266,336,1,0,1
138731,266,328,1,0,1
138809,270,310,1,0,1
138872,280,290,1,0,1
138950,288,278,1,0,1
139012,292,272,1,0,1
139075,292,274,1,0,1
139153,304,306,1,0,1
139215,310,328,1,0,1
139293,312,332,1,0,1
139355,314,330,1,0,1
139433,314,314,1,0,1
139496,314,304,1,0,1
139574,316,296,1,0,1
139636,316,292,1,0,1
139714,316,292,1,0,1
139777,318,294,1,0,1
139855,322,310,1,0,1
139917,328,326,1,0,1
139995,330,330,1,0,1
140057,332,330,1,0,1
140135,332,320,1,0,1
140198,334,300,1,0,1
140276,340,288,1,0,1
140338,342,284,1,0,1
140416,342,284,1,0,1
140479,344,284,0,0,1
140557,344,292,0,0,1
140619,346,306,0,0,1
140697,348,314,0,0,1
140759,348,314,0,0,1
140837,348,312,0,0,1
140900,346,308,0,0,1
140978,334,302,0,0,1
141040,298,294,0,0,1
141118,266,294,0,0,1
141181,262,294,0,0,1
141259,266,294,0,0,1
141321,282,294,0,0,1
141399,294,296,0,0,1
141461,306,298,0,0,1
141539,316,302,0,0,1
141602,328,302,0,0,1
141680,336,304,0,0,1
141742,344,306,0,0,1
141820,352,306,0,0,1
141898,362,308,0,0,1
141961,366,310,0,0,1
142039,374,310,0,0,1
142101,380,310,0,0,1
142179,386,310,0,0,1
142241,394,310,0,0,1
142319,404,312,0,0,1
142382,414,316,0,0,1
142460,426,320,0,0,1
142522,436,324,0,0,1
142600,446,334,0,0,1
142663,452,342,0,0,1
142741,460,346,0,0,1
142803,462,346,0,0,1
142881,466,346,0,0,1
142944,468,346,0,0,1
143022,468,344,0,0,1
143084,464,340,0,0,1
143162,456,336,0,0,1
143224,452,334,0,0,1
143302,448,334,0,0,1
143365,440,332,0,0,1
143443,434,330,0,0,1
143505,430,328,0,0,1
143583,426,328,0,0,1
143646,420,328,0,0,1
143724,414,328,0,0,1
143786,410,328,0,0,1
143864,410,328,0,0,1
143926,410,330,0,0,1
144004,418,332,0,0,1
144067,426,336,0,0,1
144145,430,340,0,0,1
144207,436,342,0,0,1
144285,440,342,0,0,1
144348,446,340,0,0,1
144426,450,340,0,0,1
144488,450,340,0,0,1
144566,440,340,0,0,1
144628,328,332,0,0,1
144706,236,322,0,0,1
144769,222,320,0,0,1
144847,220,320,0,0,1
144909,220,320,0,0,1
144987,222,320,0,0,1
145050,228,320,0,0,1
145128,234,320,0,0,1
145190,242,320,0,0,1
145268,246,322,0,0,1
145330,248,322,0,0,1
145408,254,322,0,0,1
145471,256,324,0,0,1
145549,256,324,0,0,1
145611,256,324,0,0,1
145689,256,324,0,0,1
145752,256,324,0,0,1
145830,256,324,0,0,1
145892,256,324,0,0,1
145970,262,324,0,0,1
146032,272,324,0,0,1
146110,294,326,0,0,1
146173,304,326,0,0,1
146251,308,326,0,0,1
146313,328,332,0,0,1
146391,386,356,0,0,1
146454,466,396,0,0,1
146532,520,418,0,0,1
146594,560,440,0,0,1
146672,602,464,0,0,1
146734,640,490,0,0,1
146812,656,500,0,0,1
146875,662,504,0,0,1
146937,670,510,0,0,1
147015,676,520,0,0,1
147078,680,522,0,0,1
147156,682,522,0,0,1
147234,682,522,0,0,1
147296,682,522,0,0,1
147374,682,522,0,0,1
147436,682,522,0,0,1
147514,684,522,0,0,1
147577,684,522,0,0,1
147655,684,522,0,0,1
147717,684,522,0,0,1
147795,686,522,0,0,1
147858,686,522,0,0,1
147936,686,522,0,0,1
147998,686,522,0,0,1
148076,688,522,0,0,1
148138,688,522,0,0,1
148216,688,522,0,0,1
148279,688,522,0,0,1
148357,688,522,0,0,1
148419,688,522,0,0,1
148497,686,522,0,0,1
148560,654,482,0,0,1
148638,598,424,0,0,1
148700,574,404,0,0,1
148778,554,390,0,0,1
148840,522,376,0,0,1
148918,424,330,0,0,1
148981,318,266,0,0,1
149059,262,232,0,0,1
149121,240,220,0,0,1
149199,230,220,0,0,1
149262,226,226,0,0,1
149340,226,226,0,0,1
149402,230,230,0,0,1
149464,242,238,0,0,1
149542,252,246,0,0,1
149605,258,250,0,0,1
149683,262,252,0,0,1
149761,270,252,0,0,1
149823,278,258,0,0,1
149886,286,260,0,0,1
149964,292,262,0,0,1
150026,298,264,0,0,1
150104,306,266,0,0,1
150166,316,270,0,0,1
150244,322,274,0,0,1
150307,330,278,0,0,1
150385,330,278,0,0,1
150447,334,278,0,0,1
150525,336,260,0,0,1
150588,340,248,0,0,1
150666,346,246,0,0,1
150728,352,252,0,0,1
150806,358,256,0,0,1
150868,364,258,0,0,1
150946,368,262,0,0,1
151009,372,266,0,0,1
151087,376,268,0,0,1
151149,376,268,0,0,1
151227,378,270,0,0,1
151290,380,272,0,0,1
151368,384,274,0,0,1
151430,386,276,0,0,1
151508,392,278,0,0,1
151570,392,278,0,0,1
151648,392,278,0,0,1
151711,392,278,0,0,1
151789,392,278,0,0,1
151851,394,282,0,0,1
151929,422,312,0,0,1
151992,476,368,0,0,1
152070,528,410,0,0,1
152132,568,444,0,0,1
152210,602,474,0,0,1
152272,630,494,0,0,1
152350,654,508,0,0,1
152413,664,516,0,0,1
152491,678,528,0,0,1
152553,692,538,0,0,1
152631,700,544,0,0,1
152694,702,544,0,0,1
152772,702,544,0,0,1
152834,702,544,0,0,1
152912,702,544,0,0,1
152974,702,544,0,0,1
153052,702,546,0,0,1
153115,704,546,0,0,1
153193,706,546,0,0,1
153255,706,546,0,0,1
153333,706,546,0,0,1
153396,706,546,0,0,1
153474,706,546,0,0,1
153536,706,546,0,0,1
153614,706,546,0,0,1
153676,706,544,0,0,1
153754,700,532,0,0,1
153817,680,490,0,0,1
153895,644,420,0,0,1
153957,626,362,0,0,1
154035,612,320,0,0,1
154098,604,288,0,0,1
154176,596,262,0,0,1
154238,592,236,0,0,1
154316,588,224,0,0,1
154378,568,222,0,0,1
154456,426,284,0,0,1
154519,304,314,0,0,1
154597,282,316,0,0,1
154659,282,330,0,0,1
154737,282,334,0,0,1
154800,278,328,0,0,1
154878,264,318,0,0,1
154940,254,316,0,0,1
155018,248,316,0,0,1
155080,246,316,0,0,1
155158,252,316,0,0,1
155221,254,316,0,0,1
155299,256,316,0,0,1
155361,258,316,0,0,1
155439,260,318,0,0,1
155502,262,318,0,0,1
155580,262,320,0,0,1
155642,266,320,0,0,1
155720,268,322,0,0,1
155782,274,322,0,0,1
155860,278,322,0,0,1
155923,282,324,0,0,1
156001,284,326,0,0,1
156063,286,326,0,0,1
156141,286,326,0,0,1
156204,278,326,0,0,1
156282,266,320,0,0,1
156344,260,316,0,0,1
156422,252,312,0,0,1
156484,250,310,0,0,1
156562,250,308,0,0,1
156625,250,308,0,0,1
156703,250,308,0,0,1
156765,254,308,0,0,1
156843,258,308,0,0,1
156906,260,308,0,0,1
156984,264,306,0,0,1
157046,266,306,0,0,1
157124,268,306,0,0,1
157186,272,306,0,0,1
157264,278,306,0,0,1
157327,284,306,0,0,1
157405,292,306,0,0,1
157467,296,306,0,0,1
157545,296,308,0,0,1
157608,282,310,0,0,1
157686,268,314,0,0,1
157748,262,314,0,0,1
157826,262,314,0,0,1
157888,262,314,0,0,1
157951,262,314,0,0,1
158029,264,314,0,0,1
158091,266,314,0,0,1
158169,270,314,0,0,1
158232,272,314,0,0,1
158310,274,312,0,0,1
158372,278,310,0,0,1
158450,282,308,0,0,1
158512,286,306,0,0,1
158590,290,306,0,0,1
158653,292,304,0,0,1
158731,294,304,0,0,1
158793,296,304,0,0,1
158871,296,304,0,0,1
158934,298,304,0,0,1
159012,298,306,0,0,1
159074,298,312,0,0,1
159152,294,320,0,0,1
159214,290,328,0,0,1
159292,294,336,0,0,1
159355,316,348,0,0,1
159433,398,380,0,0,1
159511,480,404,0,0,1
159573,538,432,0,0,1
159651,590,468,0,0,1
159714,622,492,0,0,1
159792,644,504,0,0,1
159854,662,512,0,0,1
159932,670,518,0,0,1
159994,676,522,0,0,1
160072,688,534,0,0,1
160135,692,536,0,0,1
160197,692,538,0,0,1
160275,694,538,0,0,1
160338,694,538,0,0,1
160416,694,538,0,0,1
160478,694,538,0,0,1
160556,694,538,0,0,1
160618,694,538,0,0,1
160696,694,538,0,0,1
160759,694,538,0,0,1
160837,694,538,0,0,1
160899,694,538,0,0,1
160977,694,538,0,0,1
161040,694,536,0,0,1
161118,648,488,0,0,1
161180,500,382,0,0,1
161258,336,296,0,0,1
161320,272,258,0,0,1
161398,252,246,0,0,1
161461,250,240,0,0,1
161539,256,238,0,0,1
161601,260,236,0,0,1
161679,264,236,0,0,1
161742,270,236,0,0,1
161820,276,240,0,0,1
161882,282,240,0,0,1
161960,290,242,0,0,1
162022,298,244,0,0,1
162100,304,244,0,0,1
162163,310,246,0,0,1
162241,318,248,0,0,1
162303,332,252,0,0,1
162381,338,254,0,0,1
162444,342,256,0,0,1
162522,344,258,0,0,1
162584,346,258,0,0,1
162662,348,260,0,0,1
162724,352,264,0,0,1
162802,358,272,0,0,1
162865,358,276,0,0,1
162943,358,280,0,0,1
163005,354,282,0,0,1
163083,352,286,0,0,1
163146,362,304,0,0,1
163224,386,332,0,0,1
163286,436,370,0,0,1
163364,514,414,0,0,1
163426,588,450,0,0,1
163504,650,478,0,0,1
163567,680,492,0,0,1
163645,700,506,0,0,1
163707,706,512,0,0,1
163785,706,512,0,0,1
163848,706,512,0,0,1
163926,706,512,0,0,1
163988,704,512,0,0,1
164066,704,510,0,0,1
164128,704,506,0,0,1
164206,700,506,0,0,1
164269,700,506,0,0,1
164347,700,504,0,0,1
164409,700,502,0,0,1
164487,700,502,0,0,1
164550,700,502,0,0,1
164628,700,502,0,0,1
164690,700,502,0,0,1
164768,700,502,0,0,1
164830,700,502,0,0,1
164908,700,502,0,0,1
164971,700,502,0,0,1
165049,700,502,0,0,1
165111,700,502,0,0,1
165189,700,502,0,0,1
165252,698,500,0,0,1
165330,694,486,0,0,1
165392,682,448,0,0,1
165470,670,410,0,0,1
165532,666,398,0,0,1
165610,666,396,0,0,1
165673,664,396,0,0,1
165751,664,396,0,0,1
165813,662,396,0,0,1
165891,656,392,0,0,1
165954,648,392,0,0,1
166032,634,390,0,0,1
166094,604,376,0,0,1
166172,574,368,0,0,1
166234,540,358,0,0,1
166312,514,354,0,0,1
166375,496,352,0,0,1
166453,476,352,0,0,1
166515,462,352,0,0,1
166593,456,352,0,0,1
166656,452,352,0,0,1
166734,446,354,0,0,1
166796,442,354,0,0,1
166874,434,354,0,0,1
166936,426,354,0,0,1
167014,414,352,0,0,1
167077,396,350,0,0,1
167155,378,348,0,0,1
167217,366,348,0,0,1
167295,356,348,0,0,1
167358,352,348,0,0,1
167436,346,348,0,0,1
167498,322,338,0,0,1
167576,296,296,0,0,1
167638,306,268,0,0,1
167716,382,248,0,0,1
167779,444,246,0,0,1
167857,470,246,0,0,1
167919,494,246,0,0,1
167997,514,238,0,0,1
168060,528,230,0,0,1
168138,558,210,0,0,1
168200,594,190,0,0,1
168278,604,188,0,0,1
168340,602,188,0,0,1
168418,594,190,0,0,1
168481,588,190,0,0,1
168559,588,190,0,0,1
168621,588,194,1,0,1
168684,594,202,1,0,1
168762,598,210,1,0,1
168824,602,224,1,0,1
168902,604,232,1,0,1
168964,604,240,1,0,1
169042,600,246,1,0,1
169105,596,248,1,0,1
169183,594,250,1,0,1
169245,588,252,1,0,1
169323,584,256,1,0,1
169386,580,258,1,0,1
169464,578,260,1,0,1
169526,576,260,1,0,1
169604,576,264,1,0,1
169666,576,272,1,0,1
169744,574,276,1,0,1
169807,572,276,1,0,1
169885,572,274,1,0,1
169947,572,270,1,0,1
170025,568,268,1,0,1
170088,560,262,1,0,1
170166,550,258,1,0,1
170228,536,254,1,0,1
170306,524,254,1,0,1
170368,514,254,1,0,1
170446,510,254,1,0,1
170509,508,254,1,0,1
170587,508,260,1,0,1
170649,510,262,0,0,1
170727,510,262,0,0,1
170790,510,262,0,0,1
170868,510,262,0,0,1
170930,510,270,0,0,1
171008,510,270,0,0,1
171070,510,266,0,0,1
171148,504,242,0,0,1
171211,504,206,0,0,1
171289,508,184,0,0,1
171351,526,160,0,0,1
171429,546,144,0,0,1
171492,554,140,0,0,1
171570,564,136,0,0,1
171632,568,134,0,0,1
171710,570,132,0,0,1
171772,580,142,0,0,1
171850,594,172,0,0,1
171913,600,214,0,0,1
171991,590,258,0,0,1
172053,562,298,0,0,1
172131,538,316,0,0,1
172194,526,328,0,0,1
172272,518,322,0,0,1
172334,516,314,0,0,1
172412,516,312,0,0,1
172474,516,312,0,0,1
172552,514,312,0,0,1
172615,508,312,0,0,1
172693,502,312,0,0,1
172755,498,312,0,0,1
172833,494,314,0,0,1
172896,490,318,0,0,1
172974,484,320,0,0,1
173036,478,322,0,0,1
173114,474,324,0,0,1
173176,470,324,0,0,1
173254,468,324,0,0,1
173317,466,324,0,0,1
173395,466,324,0,0,1
173457,462,324,0,0,1
173535,458,324,0,0,1
173598,454,326,0,0,1
173676,450,326,0,0,1
173738,446,326,0,0,1
173816,436,326,0,0,1
173878,426,326,0,0,1
173956,422,326,0,0,1
174019,416,326,0,0,1
174097,412,326,1,0,1
174159,408,326,1,0,1
174237,406,326,1,0,1
174300,406,328,1,0,1
174378,402,330,1,0,1
174440,398,334,1,0,1
174518,394,336,1,0,1
174581,388,340,1,0,1
174643,382,342,1,0,1
174721,372,344,1,0,1
174783,366,344,1,0,1
174861,360,346,1,0,1
174924,356,348,1,0,1
175002,348,354,1,0,1
175064,338,360,1,0,1
175142,328,368,1,0,1
175205,320,370,1,0,1
175283,314,372,1,0,1
175345,308,376,1,0,1
175423,302,382,1,0,1
175485,296,386,1,0,1
175563,294,392,0,0,1
175626,288,396,0,0,1
175704,280,400,0,0,1
175782,268,402,0,0,1
175844,258,404,0,0,1
175922,248,406,0,0,1
175985,244,408,0,0,1
176047,240,408,0,0,1
176125,224,388,0,0,1
176187,194,334,0,0,1
176265,180,282,0,0,1
176328,170,242,0,0,1
176406,166,214,0,0,1
176468,166,190,0,0,1
176546,172,176,0,0,1
176609,184,162,0,0,1
176687,210,150,0,0,1
176749,244,138,0,0,1
176827,286,126,0,0,1
176889,348,114,0,0,1
176967,412,112,0,0,1
177030,462,108,0,0,1
177108,504,108,0,0,1
177170,562,110,0,0,1
177248,594,118,0,0,1
177311,614,130,0,0,1
177389,628,150,0,0,1
177451,648,182,0,0,1
177529,658,208,0,0,1
177591,660,232,0,0,1
177669,660,264,0,0,1
177732,658,300,0,0,1
177810,658,332,0,0,1
177872,660,366,0,0,1
177950,662,388,0,0,1
178013,666,416,0,0,1
178091,668,438,0,0,1
178153,668,454,0,0,1
178231,664,466,0,0,1
178293,650,476,0,0,1
178371,642,482,0,0,1
178434,638,484,0,0,1
178512,636,486,0,0,1
178574,636,486,0,0,1
178652,634,486,0,0,1
178715,634,486,0,0,1
178793,634,486,0,0,1
178855,634,486,0,0,1
178933,634,486,0,0,1
178995,634,486,0,0,1
179073,634,486,0,0,1
179136,634,486,0,0,1
179214,634,486,0,0,1
179276,634,486,0,0,1
179354,634,486,0,0,1
179417,634,486,0,0,1
179495,634,486,0,0,1
179557,634,486,0,0,1
179635,634,486,0,0,1
179697,634,486,0,0,1
179775,634,486,0,0,1
179838,634,486,0,0,1
179916,634,486,0,0,1
179978,632,486,0,0,1
180056,630,486,0,0,1
180119,618,478,0,0,1
180197,532,458,0,0,1
180259,428,440,0,0,1
180337,348,432,0,0,1
180399,268,418,0,0,1
180477,206,406,0,0,1
180540,164,392,0,0,1
180618,148,378,0,0,1
180680,150,374,0,0,1
180758,176,372,0,0,1
180821,302,368,0,0,1
180899,434,374,0,0,1
180961,506,376,0,0,1
181023,518,376,0,0,1
181101,548,382,0,0,1
181179,586,388,0,0,1
181242,600,390,0,0,1
181304,600,390,0,0,1
181382,594,390,0,0,1
181460,586,390,0,0,1
181523,578,388,0,0,1
181601,570,382,0,0,1
181663,562,376,0,0,1
181725,556,374,0,0,1
181803,550,370,0,0,1
181866,544,368,0,0,1
181944,536,364,0,0,1
182006,532,362,0,0,1
182084,526,358,0,0,1
182147,520,356,0,0,1
182225,516,354,0,0,1
182287,512,354,0,0,1
182365,506,352,0,0,1
182443,502,350,0,0,1
182505,498,348,0,0,1
182583,494,348,0,0,1
182646,484,346,0,0,1
182708,472,344,0,0,1
182786,460,342,0,0,1
182864,446,338,0,0,1
182927,436,336,0,0,1
183005,428,332,0,0,1
183067,416,330,0,0,1
183145,394,328,0,0,1
183207,378,328,0,0,1
183285,366,326,0,0,1
183348,362,324,0,0,1
183410,362,328,0,0,1
183488,366,334,0,0,1
183551,366,338,0,0,1
183629,368,342,0,0,1
183691,378,362,0,0,1
183769,396,388,0,0,1
183831,410,404,0,0,1
183909,448,432,0,0,1
183972,508,456,0,0,1
184050,568,474,0,0,1
184112,598,482,0,0,1
184190,616,484,0,0,1
184253,618,482,0,0,1
184331,616,474,0,0,1
184393,598,456,0,0,1
184471,562,438,0,0,1
184533,522,424,0,0,1
184611,498,416,0,0,1
184674,464,404,0,0,1
184752,422,394,0,0,1
184814,380,386,0,0,1
184892,344,384,0,0,1
184955,290,380,0,0,1
185033,250,380,0,0,1
185095,220,380,0,0,1
185173,192,380,0,0,1
185235,158,380,0,0,1
185313,140,380,0,0,1
185376,130,384,0,0,1
185454,126,396,0,0,1
185516,132,414,0,0,1
185594,144,428,0,0,1
185657,164,436,0,0,1
185735,234,454,0,0,1
185797,326,466,0,0,1
185875,400,472,0,0,1
185937,452,478,0,0,1
186015,506,482,0,0,1
186078,550,486,0,0,1
186156,582,486,0,0,1
186218,612,488,0,0,1
186296,634,488,0,0,1
186359,652,488,0,0,1
186437,666,486,0,0,1
186499,674,486,0,0,1
186577,678,486,0,0,1
186639,678,486,0,0,1
186717,678,486,0,0,1
186780,670,484,0,0,1
186858,650,478,0,0,1
186920,612,468,0,0,1
186998,560,464,0,0,1
187061,498,462,0,0,1
187139,442,462,0,0,1
187201,402,464,0,0,1
187279,364,464,0,0,1
187341,324,458,0,0,1
187419,284,452,0,0,1
187482,250,442,0,0,1
187560,226,434,0,0,1
187622,204,426,0,0,1
187700,190,422,0,0,1
187763,182,418,0,0,1
187841,182,418,0,0,1
187903,190,418,0,0,1
187981,264,426,0,0,1
188043,362,426,0,0,1
188106,434,428,0,0,1
188184,470,428,0,0,1
188246,506,428,0,0,1
188324,552,428,0,0,1
188387,598,424,0,0,1
188465,630,410,0,0,1
188527,658,388,0,0,1
188605,654,368,0,0,1
188683,620,356,0,0,1
188745,600,356,0,0,1
188823,592,356,0,0,1
188886,588,356,0,0,1
188964,580,356,0,0,1
189026,574,356,0,0,1
189104,566,356,0,0,1
189167,560,354,0,0,1
189245,556,354,0,0,1
189307,554,352,0,0,1
189385,550,350,0,0,1
189447,544,348,0,0,1
189525,540,346,0,0,1
189588,536,344,0,0,1
189666,534,344,0,0,1
189728,534,348,0,0,1
189791,530,360,0,0,1
189869,520,362,0,0,1
189931,514,364,0,0,1
190009,510,364,0,0,1
190071,508,364,0,0,1
190149,504,364,0,0,1
190212,502,364,0,0,1
190290,500,364,0,0,1
190352,498,360,0,0,1
190430,496,356,0,0,1
190508,492,354,0,0,1
190571,486,350,0,0,1
190649,484,350,0,0,1
190711,482,348,0,0,1
190789,480,346,0,0,1
190851,478,344,0,0,1
190914,476,344,0,0,1
190992,476,342,0,0,1
191054,472,342,0,0,1
191132,468,336,0,0,1
191195,466,330,0,0,1
191273,462,326,0,0,1
191335,462,324,0,0,1
191413,460,322,0,0,1
191475,456,322,0,0,1
191553,456,322,0,0,1
191616,456,330,0,0,1
191694,456,338,0,0,1
191756,456,348,0,0,1
191834,448,360,0,0,1
191897,428,374,0,0,1
191975,378,398,0,0,1
192037,318,414,0,0,1
192115,266,430,0,0,1
192177,220,436,0,0,1
192255,190,436,0,0,1
192318,168,428,0,0,1
192396,148,420,0,0,1
192458,134,414,0,0,1
192536,126,412,0,0,1
192599,120,408,0,0,1
192677,120,408,0,0,1
192739,128,406,0,0,1
192817,158,414,0,0,1
192879,292,440,0,0,1
192957,378,452,0,0,1
193020,418,452,0,0,1
193098,438,448,0,0,1
193160,466,446,0,0,1
193238,514,448,0,0,1
193301,552,448,0,0,1
193379,578,450,0,0,1
193441,596,450,0,0,1
193519,608,450,0,0,1
193581,620,450,0,0,1
193659,626,448,0,0,1
193722,628,446,0,0,1
193800,622,432,0,0,1
193862,570,370,0,0,1
193940,444,268,0,0,1
194003,332,190,0,0,1
194081,302,162,0,0,1
194143,284,138,0,0,1
194221,256,118,0,0,1
194283,240,112,0,0,1
194361,232,112,0,0,1
194424,228,112,0,0,1
194502,222,110,0,0,1
194564,216,106,0,0,1
194642,212,106,0,0,1
194705,218,114,0,0,1
194783,220,116,0,0,1
194845,222,116,0,0,1
194923,222,118,1,0,1
194985,224,122,1,0,1
195063,224,124,1,0,1
195126,224,124,1,0,1
195204,226,124,1,0,1
195266,232,124,1,0,1
195344,238,124,1,0,1
195407,246,124,1,0,1
195485,248,128,1,0,1
195547,248,132,1,0,1
195625,244,136,1,0,1
195687,242,136,1,0,1
195765,242,136,1,0,1
195828,242,136,1,0,1
195906,242,136,1,0,1
195968,242,136,1,0,1
196046,244,136,1,0,1
196109,246,136,1,0,1
196187,246,136,1,0,1
196249,246,136,1,0,1
196327,250,136,1,0,1
196389,256,138,1,0,1
196467,260,138,1,0,1
196530,264,140,1,0,1
196608,268,142,1,0,1
196670,272,146,1,0,1
196748,272,146,1,0,1
196811,272,148,1,0,1
196873,272,150,0,0,1
196951,274,150,0,0,1
197013,278,152,0,0,1
197091,280,158,0,0,1
197154,282,160,0,0,1
197232,286,164,0,0,1
197294,290,168,0,0,1
197372,296,172,0,0,1
197435,302,176,0,0,1
197513,306,180,0,0,1
197575,308,182,0,0,1
197653,308,184,0,0,1
197715,308,184,0,0,1
197793,308,186,0,0,1
197856,310,188,0,0,1
197934,310,190,0,0,1
197996,310,194,0,0,1
198074,310,200,0,0,1
198137,318,210,0,0,1
198215,326,218,0,0,1
198277,336,226,0,0,1
198355,336,230,0,0,1
198417,342,232,0,0,1
198495,344,234,0,0,1
198558,346,236,0,0,1
198636,348,236,0,0,1
198698,352,236,0,0,1
198776,354,236,0,0,1
198839,358,238,0,0,1
198917,362,240,0,0,1
198979,366,246,0,0,1
199057,370,248,0,0,1
199119,370,248,0,0,1
199197,370,248,0,0,1
199260,370,248,0,0,1
199338,370,248,0,0,1
199400,370,248,0,0,1
199478,370,248,0,0,1
199541,370,248,0,0,1
199619,370,246,0,0,1
199681,370,242,0,0,1
199759,368,240,0,0,1
199821,368,238,0,0,1
199899,366,238,0,0,1
199962,364,236,0,0,1
200040,364,236,0,0,1
200102,364,238,0,0,1
200180,364,238,0,0,1
200243,362,240,0,0,1
200321,362,240,0,0,1
200399,360,242,0,0,1
200461,360,244,0,0,1
200539,358,246,0,0,1
200601,358,248,0,0,1
200679,358,252,0,0,1
200757,356,254,0,0,1
200820,356,256,0,0,1
200898,356,258,0,0,1
200960,356,260,0,0,1
201038,354,264,0,0,1
201101,354,264,0,0,1
201179,352,260,0,0,1
201241,340,248,0,0,1
201319,332,236,0,0,1
201381,328,230,0,0,1
201459,326,228,0,0,1
201537,326,228,0,0,1
201600,326,226,0,0,1
201678,330,226,0,0,1
201740,334,226,0,0,1
201818,340,226,0,0,1
201881,340,226,1,0,1
201959,342,228,1,0,1
202021,346,232,1,0,1
202099,350,236,1,0,1
202161,350,236,1,0,1
202239,350,234,1,0,1
202302,350,234,1,0,1
202380,352,234,1,0,1
202442,354,234,1,0,1
202520,356,234,1,0,1
202583,360,236,1,0,1
202661,368,240,1,0,1
202723,372,242,1,0,1
202801,374,244,1,0,1
202879,374,244,1,0,1
202941,378,246,1,0,1
203019,380,248,1,0,1
203082,380,248,1,0,1
203160,380,248,1,0,1
203222,380,248,0,0,1
203300,380,248,0,0,1
203363,380,250,0,0,1
203441,380,250,0,0,1
203503,378,252,0,0,1
203565,378,254,0,0,1
203643,374,258,0,0,1
203706,366,260,0,0,1
203784,338,260,0,0,1
203846,290,268,0,0,1
203924,270,270,0,0,1
203987,266,274,0,0,1
204065,262,274,0,0,1
204127,262,274,0,0,1
204205,264,274,0,0,1
204267,268,274,0,0,1
204345,272,274,0,0,1
204408,276,274,0,0,1
204486,278,280,1,0,1
204548,278,288,1,0,1
204626,282,308,1,0,1
204689,288,326,1,0,1
204767,292,330,1,0,1
204829,292,328,1,0,1
204907,294,320,1,0,1
204985,298,310,1,0,1
205047,302,302,1,0,1
205125,308,294,1,0,1
205188,314,290,1,0,1
205266,314,290,1,0,1
205328,316,290,1,0,1
205406,318,300,1,0,1
205469,322,310,1,0,1
205547,326,318,1,0,1
205609,330,318,1,0,1
205672,330,314,1,0,1
205750,332,304,1,0,1
205812,338,294,1,0,1
205890,340,290,1,0,1
205968,342,286,1,0,1
206030,342,286,1,0,1
206093,342,294,1,0,1
206171,344,310,1,0,1
206233,346,312,1,0,1
206311,346,312,1,0,1
206374,346,306,1,0,1
206452,348,296,1,0,1
206514,352,284,1,0,1
206592,354,282,1,0,1
206654,354,282,1,0,1
206732,356,284,1,0,1
206795,358,292,1,0,1
206873,358,292,1,0,1
206951,358,292,1,0,1
207013,358,292,0,0,1
207076,358,292,0,0,1
207154,360,292,0,0,1
207216,380,314,0,0,1
207294,458,362,0,0,1
207356,560,420,0,0,1
207434,620,438,0,0,1
207497,638,448,0,0,1
207575,656,460,0,0,1
207637,668,468,0,0,1
207715,674,470,0,0,1
207793,682,474,0,0,1
207856,688,476,0,0,1
207918,690,474,0,0,1
207996,690,446,0,0,1
208058,666,380,0,0,1
208136,644,340,0,0,1
208199,638,334,0,0,1
208277,632,330,0,0,1
208339,632,330,0,0,1
208417,636,330,0,0,1
208480,644,336,0,0,1
208558,652,336,0,0,1
208620,660,336,0,0,1
208698,670,338,0,0,1
208760,682,340,0,0,1
208838,692,342,0,0,1
208901,700,344,0,0,1
208979,700,344,0,0,1
209041,684,344,0,0,1
209119,568,338,0,0,1
209182,362,326,0,0,1
209260,268,314,0,0,1
209322,264,314,0,0,1
209400,264,314,0,0,1
209462,284,314,0,0,1
209540,334,322,0,0,1
209603,352,324,0,0,1
209681,374,326,0,0,1
209743,394,332,0,0,1
209821,398,334,0,0,1
209884,396,334,0,0,1
209962,388,330,0,0,1
210024,374,326,0,0,1
210102,374,326,0,0,1
210164,376,326,0,0,1
210242,380,326,0,0,1
210305,382,328,0,0,1
210383,382,328,0,0,1
210445,376,328,0,0,1
210523,370,328,0,0,1
210586,358,328,0,0,1
210664,356,328,0,0,1
210726,356,328,0,0,1
210804,358,328,0,0,1
210866,368,334,0,0,1
210944,378,340,0,0,1
211007,382,342,0,0,1
211085,382,342,0,0,1
211147,378,342,0,0,1
211225,376,342,0,0,1
211288,376,342,0,0,1
211366,376,342,0,0,1
211428,376,342,0,0,1
211506,374,342,0,0,1
211568,374,342,0,0,1
211646,374,342,0,0,1
211709,380,344,0,0,1
211787,386,344,0,0,1
211849,394,352,0,0,1
211927,422,380,0,0,1
211990,484,416,0,0,1
212068,560,454,0,0,1
212130,614,460,0,0,1
212208,646,450,0,0,1
212270,662,416,0,0,1
212348,666,346,0,0,1
212411,664,256,0,0,1
212489,644,188,0,0,1
212551,600,150,0,0,1
212629,546,128,0,0,1
212692,524,126,0,0,1
212770,506,138,0,0,1
212832,474,178,0,0,1
212910,454,188,0,0,1
212972,438,200,0,0,1
213050,424,210,0,0,1
213113,416,214,0,0,1
213191,414,216,0,0,1
213253,410,220,0,0,1
213331,406,222,0,0,1
213394,404,226,1,0,1
213472,404,230,1,0,1
213534,402,238,1,0,1
213612,398,248,1,0,1
213674,394,256,1,0,1
213752,394,260,1,0,1
213815,396,262,1,0,1
213893,408,266,1,0,1
213971,422,270,1,0,1
214033,430,272,1,0,1
214111,430,272,1,0,1
214174,424,274,1,0,1
214252,418,276,1,0,1
214314,412,282,1,0,1
214392,404,282,1,0,1
214454,396,282,1,0,1
214532,388,282,1,0,1
214595,384,282,1,0,1
214673,384,282,1,0,1
214735,396,286,1,0,1
214813,420,298,1,0,1
214876,436,302,1,0,1
214938,446,304,1,0,1
215016,454,306,1,0,1
215078,460,306,1,0,1
215156,462,306,1,0,1
215219,462,306,0,0,1
215297,458,308,0,0,1
215359,458,310,0,0,1
215437,458,314,0,0,1
215500,460,314,0,0,1
215578,460,314,0,0,1
215640,462,316,0,0,1
215718,466,318,0,0,1
215780,466,318,0,0,1
215858,472,322,0,0,1
215936,478,330,0,0,1
215999,480,332,0,0,1
216061,480,332,0,0,1
216139,480,332,0,0,1
216202,480,332,0,0,1
216280,476,332,0,0,1
216342,416,300,0,0,1
216420,304,274,0,0,1
216482,288,272,0,0,1
216560,288,272,0,0,1
216623,290,272,0,0,1
216701,300,272,0,0,1
216763,312,272,0,0,1
216841,320,274,0,0,1
216904,322,274,0,0,1
216982,326,276,0,0,1
217044,332,280,0,0,1
217122,340,282,0,0,1
217184,344,284,0,0,1
217262,348,284,0,0,1
217325,348,286,0,0,1
217403,350,286,0,0,1
217465,354,292,0,0,1
217543,356,314,0,0,1
217621,296,388,0,0,1
217684,216,448,0,0,1
217762,160,490,0,0,1
217824,120,514,0,0,1
217886,108,514,0,0,1
217964,102,512,0,0,1
218042,96,506,0,0,1
218105,94,502,0,0,1
218167,92,490,0,0,1
218245,92,478,0,0,1
218308,92,464,0,0,1
218386,96,424,0,0,1
218448,108,380,0,0,1
218526,110,352,0,0,1
218588,112,318,0,0,1
218666,114,274,0,0,1
218729,116,230,0,0,1
218807,116,192,0,0,1
218869,122,158,0,0,1
218947,132,142,0,0,1
219025,156,128,0,0,1
219088,186,120,0,0,1
219166,230,116,0,0,1
219228,300,118,0,0,1
219306,370,118,0,0,1
219368,428,124,0,0,1
219446,480,130,0,0,1
219509,528,146,0,0,1
219587,572,176,0,0,1
219649,624,244,0,0,1
219727,636,288,0,0,1
219790,642,318,0,0,1
219868,644,344,0,0,1
219930,638,356,0,0,1
220008,606,352,0,0,1
220070,562,346,0,0,1
220148,520,350,0,0,1
220211,496,352,0,0,1
220289,488,354,0,0,1
220351,488,354,0,0,1
220429,496,354,0,0,1
220492,508,354,0,0,1
220570,516,354,0,0,1
220632,522,356,0,0,1
220694,524,356,0,0,1
220772,524,356,0,0,1
220850,526,356,0,0,1
220913,526,356,0,0,1
220991,528,356,0,0,1
221069,528,356,0,0,1
221131,530,358,0,0,1
221209,536,362,0,0,1
221272,540,364,0,0,1
221350,540,364,0,0,1
221412,540,358,0,0,1
221490,540,354,0,0,1
221552,538,350,0,0,1
221630,526,344,0,0,1
221693,498,336,0,0,1
221771,480,328,0,0,1
221833,478,328,0,0,1
221911,484,328,0,0,1
221989,492,328,0,0,1
222052,496,328,0,0,1
222130,500,328,0,0,1
222192,504,328,0,0,1
222270,510,328,0,0,1
222332,514,328,0,0,1
222410,520,328,0,0,1
222473,530,332,0,0,1
222551,532,332,0,0,1
222613,536,332,0,0,1
222691,536,332,0,0,1
222754,524,332,0,0,1
222832,488,338,0,0,1
222894,342,356,0,0,1
222972,200,364,0,0,1
223034,146,364,0,0,1
223112,120,356,0,0,1
223175,116,356,0,0,1
223253,114,356,0,0,1
223315,114,352,0,0,1
223393,110,344,0,0,1
223456,110,326,0,0,1
223534,134,272,0,0,1
223596,160,226,0,0,1
223674,166,202,0,0,1
223736,172,192,0,0,1
223799,172,192,0,0,1
223877,174,220,0,0,1
223939,170,278,0,0,1
224017,178,294,0,0,1
224095,188,298,0,0,1
224158,196,298,0,0,1
224236,204,302,0,0,1
224298,208,306,0,0,1
224376,214,312,0,0,1
224438,218,312,0,0,1
224516,224,312,0,0,1
224579,232,312,0,0,1
224657,238,312,0,0,1
224719,248,316,0,0,1
224782,262,316,0,0,1
224860,268,316,0,0,1
224922,268,316,0,0,1
225000,268,316,0,0,1
225078,258,316,0,0,1
225140,248,318,0,0,1
225218,242,318,0,0,1
225281,240,320,0,0,1
225359,242,328,0,0,1
225421,258,342,0,0,1
225499,292,366,0,0,1
225562,362,398,0,0,1
225640,432,422,0,0,1
225702,496,442,0,0,1
225780,532,454,0,0,1
225842,558,468,0,0,1
225905,580,476,0,0,1
225983,598,480,0,0,1
226045,614,484,0,0,1
226123,624,486,0,0,1
226186,630,484,0,0,1
226264,638,474,0,0,1
226326,644,458,0,0,1
226404,644,430,0,0,1
226466,644,388,0,0,1
226544,640,336,0,0,1
226607,630,274,0,0,1
226685,608,240,0,0,1
226747,574,216,0,0,1
226825,524,204,0,0,1
226888,456,194,0,0,1
226966,364,184,0,0,1
227028,320,172,0,0,1
227106,288,162,0,0,1
227168,256,152,0,0,1
227246,214,136,0,0,1
227309,184,126,0,0,1
227387,148,118,0,0,1
227449,128,116,0,0,1
227527,118,120,0,0,1
227605,116,142,0,0,1
227668,118,202,0,0,1
227746,126,242,0,0,1
227808,134,284,0,0,1
227886,154,328,0,0,1
227948,172,352,0,0,1
228011,198,378,0,0,1
228089,220,396,0,0,1
228151,266,418,0,0,1
228229,312,434,0,0,1
228292,362,444,0,0,1
228370,408,452,0,0,1
228432,448,460,0,0,1
228510,478,464,0,0,1
228572,504,468,0,0,1
228650,532,470,0,0,1
228713,550,470,0,0,1
228791,570,472,0,0,1
228853,582,472,0,0,1
228931,596,476,0,0,1
228994,608,478,0,0,1
229072,620,480,0,0,1
229134,630,482,0,0,1
229212,634,482,0,0,1
229274,636,484,0,0,1
229352,636,484,0,0,1
229415,634,484,0,0,1
229493,630,484,0,0,1
229555,612,484,0,0,1
229633,562,480,0,0,1
229696,500,476,0,0,1
229774,454,474,0,0,1
229836,406,472,0,0,1
229914,366,472,0,0,1
229976,334,468,0,0,1
230054,304,460,0,0,1
230117,272,448,0,0,1
230195,246,438,0,0,1
230257,216,414,0,0,1
230335,184,380,0,0,1
230398,160,346,0,0,1
230476,146,318,0,0,1
230538,136,284,0,0,1
230616,128,236,0,0,1
230678,126,196,0,0,1
230756,124,174,0,0,1
230819,124,162,0,0,1
230897,126,150,0,0,1
230959,132,142,0,0,1
231037,134,136,0,0,1
231115,134,134,0,0,1
231178,132,148,0,0,1
231256,122,240,0,0,1
231318,128,304,0,0,1
231396,144,336,0,0,1
231458,160,370,0,0,1
231536,170,398,0,0,1
231599,182,420,0,0,1
231677,202,442,0,0,1
231739,236,474,0,0,1
231817,276,498,0,0,1
231880,324,514,0,0,1
231958,382,524,0,0,1
232020,438,528,0,0,1
232098,492,532,0,0,1
232160,536,536,0,0,1
232238,580,540,0,0,1
232301,616,542,0,0,1
232363,642,542,0,0,1
232441,652,538,0,0,1
232504,654,534,0,0,1
232582,646,522,0,0,1
232644,570,476,0,0,1
232722,406,410,0,0,1
232784,318,358,0,0,1
232862,272,314,0,0,1
232925,246,286,0,0,1
233003,236,278,0,0,1
233065,232,276,0,0,1
233143,232,276,0,0,1
233206,232,276,0,0,1
233284,232,276,0,0,1
233346,232,276,0,0,1
233424,234,276,0,0,1
233486,240,288,1,0,1
233564,248,310,1,0,1
233627,256,330,1,0,1
233705,260,342,1,0,1
233767,262,344,1,0,1
233845,262,338,1,0,1
233908,270,320,1,0,1
233986,286,298,1,0,1
234048,292,288,1,0,1
234126,294,284,1,0,1
234188,294,284,1,0,1
234266,294,296,1,0,1
234329,292,314,1,0,1
234407,292,320,1,0,1
234469,292,322,1,0,1
234547,296,324,1,0,1
234610,298,324,1,0,1
234688,304,312,1,0,1
234750,314,296,1,0,1
234828,322,286,1,0,1
234890,324,284,1,0,1
234968,324,282,1,0,1
235031,326,296,1,0,1
235109,326,308,1,0,1
235171,328,310,1,0,1
235249,328,310,1,0,1
235312,328,310,1,0,1
235390,328,298,1,0,1
235452,334,286,1,0,1
235530,336,286,1,0,1
235592,338,292,0,0,1
235670,348,304,0,0,1
235733,430,356,0,0,1
235795,526,400,0,0,1
235873,580,434,0,0,1
235936,612,452,0,0,1
236014,648,466,0,0,1
236076,664,468,0,0,1
236154,668,468,0,0,1
236216,670,468,0,0,1
236294,672,464,0,0,1
236357,678,450,0,0,1
236435,690,410,0,0,1
236497,702,368,0,0,1
236575,712,322,0,0,1
236638,716,290,0,0,1
236716,698,256,0,0,1
236778,668,224,0,0,1
236856,652,204,0,0,1
236919,560,194,0,0,1
236997,342,246,0,0,1
237059,220,258,0,0,1
237137,196,264,0,0,1
237199,198,272,0,0,1
237277,210,284,0,0,1
237340,216,288,0,0,1
237418,224,290,0,0,1
237480,238,292,0,0,1
237558,254,296,0,0,1
237621,266,300,0,0,1
237699,268,300,0,0,1
237761,268,300,0,0,1
237839,268,300,0,0,1
237901,268,300,0,0,1
237979,268,300,0,0,1
238042,268,300,0,0,1
238120,270,300,0,0,1
238182,272,302,0,0,1
238260,274,310,0,0,1
238323,278,318,0,0,1
238401,282,328,0,0,1
238463,286,334,0,0,1
238541,292,340,0,0,1
238603,292,340,0,0,1
238681,292,340,0,0,1
238744,292,340,0,0,1
238822,296,340,0,0,1
238884,300,340,0,0,1
238962,304,340,0,0,1
239025,308,340,0,0,1
239103,310,340,0,0,1
239165,312,340,0,0,1
239243,316,340,0,0,1
239305,318,340,0,0,1
239383,320,338,0,0,1
239446,330,328,0,0,1
239524,374,298,0,0,1
239586,390,282,0,0,1
239664,396,280,0,0,1
239727,400,276,0,0,1
239805,402,270,0,0,1
239867,402,250,0,0,1
239945,402,220,0,0,1
240007,404,212,0,0,1
240085,404,210,0,0,1
240148,404,210,0,0,1
240226,404,210,0,0,1
240288,404,210,0,0,1
240366,404,220,1,0,1
240429,406,226,1,0,1
240507,410,232,1,0,1
240569,410,236,1,0,1
240647,414,240,1,0,1
240709,416,244,1,0,1
240787,422,248,1,0,1
240850,428,254,1,0,1
240928,442,268,1,0,1
240990,456,278,1,0,1
241068,462,282,1,0,1
241131,464,282,1,0,1
241209,470,286,1,0,1
241271,474,290,1,0,1
241349,478,292,1,0,1
241411,482,294,1,0,1
241489,486,298,1,0,1
241552,492,300,1,0,1
241630,496,302,1,0,1
241692,500,304,1,0,1
241770,504,308,1,0,1
241833,510,312,1,0,1
241911,518,318,1,0,1
241973,522,320,1,0,1
242051,526,322,1,0,1
242113,530,322,1,0,1
242191,536,322,1,0,1
242254,540,324,1,0,1
242332,548,324,0,0,1
242394,554,324,0,0,1
242472,564,326,0,0,1
242535,580,336,0,0,1
242613,594,346,0,0,1
242675,604,352,0,0,1
242753,614,360,0,0,1
242815,622,366,0,0,1
242893,634,372,0,0,1
242956,644,378,0,0,1
243034,652,382,0,0,1
243096,662,384,0,0,1
243174,666,384,0,0,1
243237,676,384,0,0,1
243315,682,380,0,0,1
243377,690,376,0,0,1
243455,698,372,0,0,1
243517,702,360,0,0,1
243595,706,344,0,0,1
243658,704,316,0,0,1
243736,700,290,0,0,1
243798,692,260,0,0,1
243876,682,226,0,0,1
243939,674,204,0,0,1
244017,668,190,0,0,1
244079,660,178,0,0,1
244157,646,168,0,0,1
244219,626,156,0,0,1
244297,598,148,0,0,1
244360,564,146,0,0,1
244438,518,144,0,0,1
244500,442,158,0,0,1
244578,366,178,0,0,1
244641,312,202,0,0,1
244719,276,224,0,0,1
244781,256,246,0,0,1
244859,242,266,0,0,1
244921,236,282,0,0,1
244999,234,296,0,0,1
245062,234,306,0,0,1
245140,236,310,0,0,1
245202,240,310,0,0,1
245280,242,310,0,0,1
245343,244,310,0,0,1
245436,250,312,0,0,1
245514,254,314,0,0,1
245577,258,314,0,0,1
245655,260,316,0,0,1
245717,262,316,0,0,1
245795,266,316,0,0,1
245857,268,316,0,0,1
245935,268,316,0,0,1
245998,270,316,0,0,1
246076,272,318,0,0,1
246138,286,326,0,0,1
246216,312,334,0,0,1
246279,346,346,0,0,1
246357,392,374,0,0,1
246419,450,408,0,0,1
246497,492,432,0,0,1
246559,526,446,0,0,1
246637,566,458,0,0,1
246700,604,464,0,0,1
246778,628,464,0,0,1
246840,640,454,0,0,1
246918,644,426,0,0,1
246981,622,360,0,0,1
247059,580,282,0,0,1
247121,560,246,0,0,1
247199,552,226,0,0,1
247261,548,212,0,0,1
247339,548,212,0,0,1
247402,552,208,0,0,1
247480,556,204,1,0,1
247542,558,198,1,0,1
247620,562,192,1,0,1
247683,576,166,1,0,1
247745,588,146,1,0,1
247823,600,140,1,0,1
247885,610,138,1,0,1
247963,610,138,1,0,1
248026,598,138,1,0,1
248104,588,142,1,0,1
248166,570,148,1,0,1
248244,526,162,1,0,1
248307,390,236,1,0,1
248385,302,284,1,0,1
248447,280,298,1,0,1
248525,276,302,1,0,1
248587,276,306,1,0,1
248665,278,306,1,0,1
248728,286,304,1,0,1
248806,298,300,1,0,1
248868,308,300,1,0,1
248946,314,298,1,0,1
249009,322,298,1,0,1
249087,326,296,1,0,1
249149,332,296,1,0,1
249227,334,296,1,0,1
249289,340,296,1,0,1
249367,344,296,1,0,1
249430,348,296,1,0,1
249508,348,296,1,0,1
249570,350,296,1,0,1
249648,350,296,1,0,1
249711,352,296,1,0,1
249789,356,294,1,0,1
249851,368,294,1,0,1
249929,376,290,1,0,1
249991,382,288,1,0,1
250069,388,284,1,0,1
250147,400,280,1,0,1
250210,422,276,1,0,1
250272,444,272,0,0,1
250350,456,270,0,0,1
250413,464,268,0,0,1
250491,474,268,0,0,1
250553,482,266,0,0,1
250631,488,264,0,0,1
250693,498,264,0,0,1
250771,516,262,0,0,1
250849,532,258,0,0,1
250912,554,254,0,0,1
250990,566,250,0,0,1
251052,578,246,0,0,1
251130,592,242,0,0,1
251193,602,236,0,0,1
251271,612,230,0,0,1
251333,624,224,0,0,1
251411,632,220,0,0,1
251473,638,214,0,0,1
251551,644,210,0,0,1
251614,652,204,0,0,1
251692,658,202,0,0,1
251754,664,226,0,0,1
251832,670,304,0,0,1
251895,670,370,0,0,1
251973,670,414,0,0,1
252035,678,466,0,0,1
