31,392,248,0,0,1
93,392,248,0,0,1
171,392,248,0,0,1
234,392,248,0,0,1
312,392,248,0,0,1
374,392,248,0,0,1
452,392,248,0,0,1
515,392,248,0,0,1
593,392,248,0,0,1
655,392,248,0,0,1
733,392,248,0,0,1
795,392,248,0,0,1
873,392,248,0,0,1
936,392,248,0,0,1
1014,392,248,0,0,1
1076,392,248,0,0,1
1154,392,248,0,0,1
1217,392,248,0,0,1
1295,392,248,0,0,1
1357,392,248,0,0,1
1435,392,248,0,0,1
1497,392,248,0,0,1
1575,392,248,0,0,1
1638,392,248,0,0,1
1716,392,248,0,0,1
1778,392,248,0,0,1
1856,392,248,0,0,1
1919,392,248,0,0,1
1997,392,248,0,0,1
2059,392,248,0,0,1
2137,392,248,0,0,1
2199,392,248,0,0,1
2277,392,248,0,0,1
2340,392,248,0,0,1
2418,394,250,0,0,1
2480,398,254,0,0,1
2558,422,288,0,0,1
2621,440,312,0,0,1
2699,454,330,0,0,1
2761,480,366,0,0,1
2839,526,418,0,0,1
2901,564,452,0,0,1
2979,592,474,0,0,1
3042,600,480,0,0,1
3120,604,480,0,0,1
3182,606,486,0,0,1
3260,608,488,0,0,1
3323,610,490,0,0,1
3401,612,490,0,0,1
3463,612,490,0,0,1
3541,612,490,0,0,1
3603,612,490,0,0,1
3681,612,490,0,0,1
3744,612,492,0,0,1
3822,612,492,0,0,1
3884,610,492,0,0,1
3947,604,492,0,0,1
4025,566,486,0,0,1
4087,504,486,0,0,1
4165,456,484,0,0,1
4227,424,482,0,0,1
4305,390,478,0,0,1
4368,366,474,0,0,1
4446,336,464,0,0,1
4508,304,454,0,0,1
4586,262,446,0,0,1
4649,238,432,0,0,1
4727,224,418,0,0,1
4789,202,388,0,0,1
4867,188,370,0,0,1
4929,174,346,0,0,1
5007,160,324,0,0,1
5070,156,310,0,0,1
5148,162,302,0,0,1
5210,170,282,0,0,1
5288,172,272,0,0,1
5351,176,256,0,0,1
5429,176,250,0,0,1
5491,178,248,0,0,1
5569,184,246,0,0,1
5631,198,242,0,0,1
5709,264,234,0,0,1
5772,318,232,0,0,1
5850,336,232,0,0,1
5912,372,250,0,0,1
5990,404,268,0,0,1
6053,434,296,0,0,1
6131,454,314,0,0,1
6193,468,328,0,0,1
6271,480,344,0,0,1
6333,500,370,0,0,1
6411,518,394,0,0,1
6474,532,420,0,0,1
6552,540,434,0,0,1
6614,542,444,0,0,1
6692,548,462,0,0,1
6755,558,476,0,0,1
6833,572,486,0,0,1
6895,584,490,0,0,1
6973,598,490,0,0,1
7035,604,486,0,0,1
7113,612,480,0,0,1
7176,618,466,0,0,1
7254,638,438,0,0,1
7316,662,394,0,0,1
7394,670,348,0,0,1
7457,666,312,0,0,1
7535,658,288,0,0,1
7597,636,258,0,0,1
7675,614,232,0,0,1
7737,582,212,0,0,1
7800,546,196,0,0,1
7878,494,184,0,0,1
7940,454,188,0,0,1
8018,428,194,0,0,1
8081,402,204,0,0,1
8159,380,216,0,0,1
8221,360,234,0,0,1
8299,330,262,0,0,1
8361,306,288,0,0,1
8439,294,308,0,0,1
8502,292,326,0,0,1
8580,292,336,0,0,1
8642,302,348,0,0,1
8720,318,366,0,0,1
8783,338,384,0,0,1
8861,352,398,0,0,1
8923,376,414,0,0,1
9001,398,428,0,0,1
9063,412,436,0,0,1
9141,428,442,0,0,1
9204,460,452,0,0,1
9282,478,454,0,0,1
9344,510,454,0,0,1
9422,530,450,0,0,1
9485,536,446,0,0,1
9563,544,436,0,0,1
9625,556,414,0,0,1
9703,562,380,0,0,1
9765,556,342,0,0,1
9843,546,316,0,0,1
9906,526,288,0,0,1
9984,508,272,0,0,1
10046,474,242,0,0,1
10124,436,220,0,0,1
10187,400,198,0,0,1
10265,358,184,0,0,1
10327,336,180,0,0,1
10405,310,180,0,0,1
10467,304,182,0,0,1
10545,292,188,0,0,1
10608,268,198,0,0,1
10686,230,222,0,0,1
10748,198,246,0,0,1
10826,176,278,0,0,1
10889,166,302,0,0,1
10951,176,330,0,0,1
11029,196,350,0,0,1
11091,224,370,0,0,1
11169,248,386,0,0,1
11232,276,402,0,0,1
11310,312,416,0,0,1
11372,346,422,0,0,1
11450,384,426,0,0,1
11513,412,430,0,0,1
11591,454,432,0,0,1
11653,492,434,0,0,1
11731,524,432,0,0,1
11793,548,424,0,0,1
11871,568,416,0,0,1
11934,580,410,0,0,1
12012,592,402,0,0,1
12074,604,386,0,0,1
12152,612,358,0,0,1
12215,612,316,0,0,1
12293,590,270,0,0,1
12355,562,230,0,0,1
12433,522,188,0,0,1
12495,486,170,0,0,1
12573,444,154,0,0,1
12636,404,144,0,0,1
12714,368,140,0,0,1
12776,350,138,0,0,1
12854,340,138,0,0,1
12917,338,138,0,0,1
12995,338,138,0,0,1
13057,338,138,0,0,1
13135,336,140,0,0,1
13197,336,142,0,0,1
13275,336,142,0,0,1
13338,336,142,0,0,1
13416,336,142,0,0,1
13478,336,142,0,0,1
13556,336,142,0,0,1
13619,336,142,0,0,1
13697,336,142,0,0,1
13759,336,142,0,0,1
13837,342,150,0,0,1
13899,364,182,0,0,1
13977,370,212,0,0,1
14040,360,258,0,0,1
14118,360,298,0,0,1
14180,368,318,0,0,1
14258,368,320,0,0,1
14321,368,320,0,0,1
14399,372,320,0,0,1
14461,372,320,0,0,1
14539,374,320,0,0,1
14601,376,320,0,0,1
14679,378,320,0,0,1
14742,380,320,0,0,1
14804,382,320,0,0,1
14882,384,320,0,0,1
14945,384,320,0,0,1
15023,384,320,0,0,1
15085,384,320,0,0,1
15163,384,320,0,0,1
15225,384,320,0,0,1
15303,386,320,0,0,1
15366,388,318,0,0,1
15444,388,318,0,0,1
15506,390,318,0,0,1
15584,392,318,0,0,1
15647,396,318,0,0,1
15725,400,318,0,0,1
15787,402,318,0,0,1
15865,402,318,0,0,1
15927,402,318,0,0,1
16005,402,318,0,0,1
16068,402,318,0,0,1
16146,402,318,0,0,1
16208,402,318,0,0,1
16286,402,318,0,0,1
16349,402,318,0,0,1
16427,402,318,0,0,1
16489,402,318,0,0,1
16567,402,320,0,0,1
16629,400,320,0,0,1
16707,398,320,0,0,1
16770,398,320,0,0,1
16848,396,320,0,0,1
16910,396,320,0,0,1
16988,380,320,0,0,1
17051,330,328,0,0,1
17129,314,334,0,0,1
17191,312,334,0,0,1
17269,312,336,0,0,1
17331,312,336,0,0,1
17409,312,336,0,0,1
17472,316,336,0,0,1
17550,316,334,0,0,1
17612,318,332,0,0,1
17690,318,332,0,0,1
17753,318,332,0,0,1
17831,320,330,0,0,1
17893,324,330,0,0,1
17971,324,326,0,0,1
18033,326,326,0,0,1
18111,326,326,0,0,1
18174,328,326,0,0,1
18236,328,324,0,0,1
18314,328,324,0,0,1
18377,330,324,0,0,1
18455,330,324,0,0,1
18517,330,324,0,0,1
18595,330,324,0,0,1
18657,332,322,0,0,1
18735,336,314,0,0,1
18798,340,304,0,0,1
18876,340,298,0,0,1
18938,340,298,0,0,1
19016,340,298,0,0,1
19079,340,298,0,0,1
19157,342,298,0,0,1
19219,342,298,0,0,1
19297,342,298,0,0,1
19359,342,298,0,0,1
19437,342,298,0,0,1
19500,342,298,0,0,1
19578,342,298,0,0,1
19640,342,298,0,0,1
19718,342,296,0,0,1
19781,342,294,0,0,1
19859,344,292,0,0,1
19921,344,292,0,0,1
19999,344,292,0,0,1
20061,344,292,0,0,1
20139,344,292,0,0,1
20202,344,292,0,0,1
20280,344,292,0,0,1
20342,344,296,0,0,1
20420,340,300,0,0,1
20483,332,306,0,0,1
20561,328,310,0,0,1
20623,326,310,0,0,1
20701,326,310,0,0,1
20763,326,310,0,0,1
20841,326,310,0,0,1
20904,326,310,0,0,1
20982,326,310,0,0,1
21044,326,310,0,0,1
21122,326,310,0,0,1
21185,326,310,0,0,1
21263,326,310,0,0,1
21325,326,310,0,0,1
21403,326,310,0,0,1
21465,326,310,0,0,1
21543,326,310,0,0,1
21606,326,310,0,0,1
21684,326,310,0,0,1
21746,326,310,0,0,1
21824,326,310,0,0,1
21887,326,310,0,0,1
21965,326,310,0,0,1
22027,326,310,0,0,1
22105,326,310,0,0,1
22167,326,310,0,0,1
22245,326,310,0,0,1
22308,326,310,0,0,1
22386,326,310,0,0,1
22448,326,304,0,0,1
22526,326,300,0,0,1
22589,326,298,0,0,1
22667,328,298,0,0,1
22729,328,296,0,0,1
22807,332,292,0,0,1
22870,336,290,0,0,1
22948,336,290,0,0,1
23010,336,290,0,0,1
23088,336,290,0,0,1
23150,336,290,0,0,1
23213,336,290,0,0,1
23291,342,288,0,0,1
23353,346,284,0,0,1
23431,348,284,0,0,1
23494,350,282,0,0,1
23572,352,282,0,0,1
23634,352,282,0,0,1
23712,352,282,0,0,1
23774,352,282,0,0,1
23852,352,282,0,0,1
23915,354,280,0,0,1
23993,354,280,0,0,1
24055,356,278,0,0,1
24133,358,276,0,0,1
24196,368,266,0,0,1
24274,394,244,0,0,1
24336,408,232,0,0,1
24414,414,226,0,0,1
24476,416,222,0,0,1
24554,416,222,0,0,1
24617,414,222,0,0,1
24695,412,224,0,0,1
24757,406,230,0,0,1
24835,396,250,0,0,1
24898,392,268,0,0,1
24976,392,288,0,0,1
25038,392,304,0,0,1
25116,392,306,0,0,1
25178,392,308,0,0,1
25256,392,310,0,0,1
25319,392,312,0,0,1
25397,392,316,0,0,1
25459,392,316,0,0,1
25537,394,316,0,0,1
25600,394,316,0,0,1
25678,398,316,0,0,1
25740,408,320,0,0,1
25818,418,322,0,0,1
25880,420,322,0,0,1
25958,420,322,0,0,1
26021,420,322,0,0,1
26099,420,324,0,0,1
26161,420,324,0,0,1
26239,418,324,0,0,1
26302,418,324,0,0,1
26380,416,324,0,0,1
26442,416,324,0,0,1
26520,416,324,0,0,1
26582,416,324,0,0,1
26645,416,324,0,0,1
26723,416,324,0,0,1
26785,416,324,0,0,1
26863,416,324,0,0,1
26926,416,324,0,0,1
27004,416,324,0,0,1
27066,416,324,0,0,1
27144,416,324,0,0,1
27206,416,324,0,0,1
27284,416,324,0,0,1
27347,416,324,0,0,1
27425,416,324,0,0,1
27487,416,324,0,0,1
27565,416,324,0,0,1
27628,416,324,0,0,1
27706,416,324,0,0,1
27768,416,324,0,0,1
27846,416,324,0,0,1
27908,414,324,0,0,1
27986,410,324,0,0,1
28049,410,324,0,0,1
28127,416,322,0,0,1
28189,444,306,0,0,1
28267,464,280,0,0,1
28330,464,276,0,0,1
28408,462,276,0,0,1
28470,462,276,0,0,1
28548,462,276,0,0,1
28610,462,276,0,0,1
28688,460,278,0,0,1
28751,456,280,0,0,1
28844,452,282,0,0,1
28938,452,284,0,0,1
29000,452,284,0,0,1
29078,452,284,0,0,1
29141,452,292,0,0,1
29219,452,302,0,0,1
29281,452,310,0,0,1
29359,452,314,0,0,1
29422,452,316,0,0,1
29500,452,316,0,0,1
29562,456,318,0,0,1
29640,462,322,1,0,1
29702,472,326,1,0,1
29780,482,330,1,0,1
29843,494,332,1,0,1
29905,504,332,1,0,1
29983,516,336,1,0,1
30046,534,340,1,0,1
30124,552,344,1,0,1
30186,568,348,1,0,1
30264,576,350,1,0,1
30342,578,350,1,0,1
30404,578,352,1,0,1
30482,578,358,1,0,1
30545,578,362,1,0,1
30623,572,372,1,0,1
30685,566,384,1,0,1
30763,562,444,1,0,1
30826,566,458,1,0,1
30904,568,458,1,0,1
30966,570,458,1,0,1
31044,578,466,1,0,1
31106,594,484,1,0,1
31184,598,490,0,0,1
31247,604,494,0,0,1
31325,604,494,0,0,1
31387,604,494,0,0,1
31465,604,490,0,0,1
31528,598,474,0,0,1
31606,592,456,0,0,1
31668,588,440,0,0,1
31746,582,424,0,0,1
31808,572,408,0,0,1
31886,564,398,0,0,1
31949,550,384,0,0,1
32011,542,370,0,0,1
32089,532,354,0,0,1
32152,520,342,0,0,1
32230,508,334,0,0,1
32292,500,324,0,0,1
32370,478,298,0,0,1
32432,464,274,0,0,1
32510,456,258,0,0,1
32573,450,252,0,0,1
32651,442,238,0,0,1
32713,438,230,0,0,1
32791,438,230,0,0,1
32854,438,230,0,0,1
32932,438,236,0,0,1
32994,434,242,0,0,1
33072,424,254,0,0,1
33134,422,262,0,0,1
33212,422,262,0,0,1
33275,420,262,0,0,1
33353,342,278,0,0,1
33415,252,302,0,0,1
33493,220,316,0,0,1
33556,218,316,0,0,1
33634,218,318,0,0,1
33696,218,318,0,0,1
33774,220,318,0,0,1
33836,224,318,0,0,1
33914,226,318,0,0,1
33977,230,318,0,0,1
34055,236,318,0,0,1
34117,240,318,0,0,1
34195,246,318,0,0,1
34258,250,318,0,0,1
34336,258,320,0,0,1
34398,270,320,0,0,1
34476,286,322,0,0,1
34538,292,322,0,0,1
34616,292,322,0,0,1
34679,292,322,0,0,1
34757,292,322,0,0,1
34819,292,322,0,0,1
34897,292,322,0,0,1
34960,292,322,0,0,1
35038,292,322,0,0,1
35100,292,322,0,0,1
35178,310,326,0,0,1
35240,442,352,0,0,1
35318,546,352,0,0,1
35381,546,352,0,0,1
35459,544,352,0,0,1
35521,540,348,0,0,1
35599,536,346,0,0,1
35662,522,338,0,0,1
35740,506,334,0,0,1
35802,492,332,0,0,1
35880,486,330,0,0,1
35942,484,330,0,0,1
36020,482,330,0,0,1
36083,480,328,0,0,1
36161,474,328,0,0,1
36223,470,328,0,0,1
36301,470,328,0,0,1
36364,470,328,0,0,1
36442,466,326,0,0,1
36504,448,324,0,0,1
36582,432,324,0,0,1
36644,422,324,0,0,1
36722,416,324,0,0,1
36785,404,328,0,0,1
36863,392,332,0,0,1
36925,376,340,0,0,1
37003,372,344,0,0,1
37066,372,344,0,0,1
37144,372,344,0,0,1
37206,372,342,0,0,1
37284,372,340,0,0,1
37346,370,340,0,0,1
37424,370,338,0,0,1
37487,368,338,0,0,1
37565,364,334,0,0,1
37627,360,332,0,0,1
37705,356,328,0,0,1
37768,354,328,0,0,1
37846,354,326,0,0,1
37908,352,326,0,0,1
37986,348,324,0,0,1
38048,342,320,0,0,1
38126,334,318,0,0,1
38189,334,318,0,0,1
38267,334,320,0,0,1
38329,318,342,0,0,1
38407,270,388,0,0,1
38470,234,414,0,0,1
38548,222,422,0,0,1
38610,214,426,0,0,1
38672,196,426,0,0,1
38750,178,426,0,0,1
38813,162,420,0,0,1
38891,152,414,0,0,1
38953,142,412,0,0,1
39031,134,406,1,0,1
39094,120,404,1,0,1
39172,106,394,1,0,1
39234,106,392,1,0,1
39312,104,392,1,0,1
39374,106,390,1,0,1
39452,108,384,1,0,1
39515,110,372,1,0,1
39593,112,368,1,0,1
39655,112,368,1,0,1
39733,112,368,1,0,1
39796,112,368,1,0,1
39874,112,368,1,0,1
39936,102,368,1,0,1
40014,84,368,1,0,1
40076,74,368,1,0,1
40154,74,368,1,0,1
40217,74,368,1,0,1
40295,74,368,1,0,1
40357,72,368,1,0,1
40435,72,368,1,0,1
40498,72,368,1,0,1
40576,72,368,0,0,1
40638,72,368,0,0,1
40716,72,368,0,0,1
40778,72,368,0,0,1
40856,80,368,0,0,1
40919,102,368,0,0,1
40997,152,370,0,0,1
41059,222,368,0,0,1
41137,274,368,0,0,1
41200,342,364,0,0,1
41278,392,360,0,0,1
41340,428,358,0,0,1
41418,450,358,0,0,1
41480,458,358,0,0,1
41558,458,358,0,0,1
41621,458,358,0,0,1
41699,458,358,0,0,1
41761,458,358,0,0,1
41839,460,356,0,0,1
41902,458,356,0,0,1
41980,454,356,0,0,1
42042,408,352,0,0,1
42120,318,340,0,0,1
42182,288,342,0,0,1
42260,284,342,0,0,1
42323,284,340,0,0,1
42401,284,340,0,0,1
42463,284,340,0,0,1
42541,284,340,0,0,1
42604,284,340,0,0,1
42682,284,340,0,0,1
42744,284,340,0,0,1
42822,284,340,0,0,1
42884,284,340,0,0,1
42962,284,340,0,0,1
43025,284,340,0,0,1
43103,284,340,0,0,1
43165,284,340,0,0,1
43243,284,340,0,0,1
43306,284,340,0,0,1
43384,284,340,0,0,1
43446,284,340,0,0,1
43524,284,340,0,0,1
43586,284,340,0,0,1
43664,284,340,0,0,1
43727,284,340,0,0,1
43805,284,340,0,0,1
43867,284,340,0,0,1
43930,284,340,0,0,1
44008,284,340,0,0,1
44070,284,340,0,0,1
44148,284,340,0,0,1
44210,284,340,0,0,1
44288,284,340,0,0,1
44351,284,340,0,0,1
44429,286,340,0,0,1
44491,286,340,0,0,1
44569,286,340,0,0,1
44632,286,340,0,0,1
44710,286,340,0,0,1
44772,286,340,0,0,1
44850,286,340,0,0,1
44912,288,340,0,0,1
44990,288,340,0,0,1
45053,288,340,0,0,1
45131,288,340,0,0,1
45193,290,342,0,0,1
45271,290,342,0,0,1
45334,290,342,0,0,1
45412,290,342,0,0,1
45474,290,342,0,0,1
45552,292,346,0,0,1
45614,296,346,0,0,1
45692,308,354,0,0,1
45755,328,362,0,0,1
45833,336,366,0,0,1
45895,342,370,0,0,1
45973,346,374,0,0,1
46036,348,378,0,0,1
46114,350,386,0,0,1
46176,352,392,0,0,1
46254,352,398,0,0,1
46316,352,406,0,0,1
46394,350,420,0,0,1
46457,350,424,0,0,1
46535,350,424,0,0,1
46597,346,432,0,0,1
46675,336,450,0,0,1
46738,322,470,0,0,1
46816,310,486,0,0,1
46878,304,494,0,0,1
46956,302,498,0,0,1
47018,302,498,0,0,1
47081,306,480,0,0,1
47159,326,450,0,0,1
47221,348,422,0,0,1
47299,364,406,0,0,1
47362,372,398,0,0,1
47440,374,394,0,0,1
47502,374,390,0,0,1
47580,372,388,0,0,1
47642,372,386,0,0,1
47720,372,382,0,0,1
47783,376,382,0,0,1
47861,376,382,0,0,1
47923,376,382,0,0,1
48001,376,382,0,0,1
48064,376,382,0,0,1
48142,378,384,0,0,1
48204,378,384,0,0,1
48282,382,388,1,0,1
48344,388,390,1,0,1
48422,390,390,1,0,1
48485,392,390,1,0,1
48563,392,386,1,0,1
48625,394,386,1,0,1
48703,396,386,1,0,1
48766,402,386,1,0,1
48844,404,386,1,0,1
48906,404,386,1,0,1
48984,396,392,1,0,1
49046,364,422,1,0,1
49124,332,450,1,0,1
49187,322,460,1,0,1
49265,322,460,1,0,1
49327,324,460,1,0,1
49405,328,460,1,0,1
49468,332,456,1,0,1
49546,346,446,1,0,1
49608,360,436,1,0,1
49686,370,428,1,0,1
49748,372,426,1,0,1
49826,374,422,1,0,1
49889,378,414,1,0,1
49951,378,412,1,0,1
50029,370,412,1,0,1
50092,356,410,1,0,1
50170,334,400,1,0,1
50232,328,392,1,0,1
50310,326,390,1,0,1
50372,328,380,1,0,1
50450,340,368,0,0,1
50513,346,362,0,0,1
50591,350,358,0,0,1
50653,350,358,0,0,1
50731,350,358,0,0,1
50794,350,358,0,0,1
50872,350,358,0,0,1
50934,350,358,0,0,1
51012,350,358,0,0,1
51074,350,356,0,0,1
51152,350,354,0,0,1
51215,348,354,0,0,1
51293,338,336,0,0,1
51355,300,282,0,0,1
51433,268,228,0,0,1
51496,266,224,0,0,1
51574,266,224,0,0,1
51636,266,228,0,0,1
51714,264,232,0,0,1
51776,258,238,0,0,1
51854,258,238,0,0,1
51917,258,238,0,0,1
51995,258,242,0,0,1
52057,250,246,0,0,1
52135,236,250,0,0,1
52198,226,260,0,0,1
52276,224,260,0,0,1
52338,224,260,0,0,1
52416,224,260,0,0,1
52478,222,260,0,0,1
52556,220,260,0,0,1
52619,218,264,0,0,1
52697,216,268,0,0,1
52759,206,278,0,0,1
52837,188,280,0,0,1
52900,166,278,0,0,1
52978,154,280,0,0,1
53040,154,280,0,0,1
53118,154,280,0,0,1
53180,154,280,0,0,1
53258,166,284,0,0,1
53321,256,312,0,0,1
53399,368,352,0,0,1
53461,392,362,0,0,1
53539,422,366,0,0,1
53602,508,338,0,0,1
53680,552,306,0,0,1
53742,554,298,0,0,1
53820,554,298,0,0,1
53883,554,296,0,0,1
53961,562,286,0,0,1
54023,566,276,0,0,1
54085,566,276,0,0,1
54163,566,276,0,0,1
54226,566,274,0,0,1
54304,568,260,0,0,1
54366,568,254,0,0,1
54444,566,250,0,0,1
54507,562,244,1,0,1
54585,560,240,1,0,1
54647,558,236,1,0,1
54725,544,210,1,0,1
54787,540,198,1,0,1
54865,540,198,1,0,1
54928,540,204,1,0,1
55006,546,212,1,0,1
55068,552,218,1,0,1
55146,556,220,1,0,1
55209,556,220,1,0,1
55287,556,222,1,0,1
55349,556,222,1,0,1
55427,550,216,1,0,1
55489,540,196,1,0,1
55567,538,194,1,0,1
55630,538,194,0,0,1
55708,508,222,0,0,1
55770,382,300,0,0,1
55848,314,324,0,0,1
55911,300,328,0,0,1
55989,296,328,0,0,1
56051,280,318,0,0,1
56129,280,318,0,0,1
56191,280,318,0,0,1
56269,280,318,0,0,1
56332,280,318,0,0,1
56410,280,318,0,0,1
56472,282,318,0,0,1
56550,284,318,0,0,1
56613,286,318,0,0,1
56691,288,318,0,0,1
56753,290,318,0,0,1
56831,290,318,0,0,1
56893,294,318,0,0,1
56956,296,318,0,0,1
57034,298,316,0,0,1
57096,302,314,0,0,1
57174,306,314,0,0,1
57237,310,314,0,0,1
57315,312,314,0,0,1
57377,314,314,0,0,1
57455,316,314,0,0,1
57517,320,312,0,0,1
57595,320,312,0,0,1
57658,320,312,0,0,1
57736,320,314,0,0,1
57798,320,314,0,0,1
57876,320,316,0,0,1
57939,330,326,0,0,1
58017,360,350,0,0,1
58079,418,372,0,0,1
58157,480,386,0,0,1
58219,528,392,0,0,1
58297,562,394,0,0,1
58360,578,394,0,0,1
58438,598,398,0,0,1
58500,614,402,0,0,1
58578,630,404,0,0,1
58641,634,402,0,0,1
58719,636,398,0,0,1
58781,636,396,0,0,1
58859,636,396,0,0,1
58921,636,396,0,0,1
58999,638,394,0,0,1
59062,638,388,0,0,1
59140,614,372,0,0,1
59202,566,358,0,0,1
59280,526,358,0,0,1
59343,464,368,0,0,1
59421,400,386,0,0,1
59483,368,392,0,0,1
59561,336,396,0,0,1
59623,314,404,0,0,1
59701,290,408,0,0,1
59764,282,410,0,0,1
59842,278,412,0,0,1
59904,272,414,0,0,1
59982,268,414,0,0,1
60045,270,414,0,0,1
60123,304,408,0,0,1
60185,364,392,0,0,1
60263,388,380,0,0,1
60325,394,378,0,0,1
60403,394,378,0,0,1
60466,394,378,0,0,1
60544,392,378,0,0,1
60606,390,376,0,0,1
60684,390,372,0,0,1
60747,388,372,0,0,1
60825,388,370,0,0,1
60887,388,368,1,0,1
60965,388,360,1,0,1
61027,394,350,1,0,1
61105,398,336,1,0,1
61168,402,328,1,0,1
61246,406,326,1,0,1
61308,406,326,1,0,1
61386,406,332,1,0,1
61449,406,338,1,0,1
61511,406,342,1,0,1
61589,402,346,1,0,1
61651,400,352,1,0,1
61729,400,352,1,0,1
61792,404,354,1,0,1
61870,418,342,1,0,1
61932,436,330,1,0,1
62010,444,328,1,0,1
62073,444,328,1,0,1
62151,442,328,1,0,1
62213,438,328,1,0,1
62291,436,330,1,0,1
62353,436,330,1,0,1
62431,434,330,1,0,1
62494,434,332,1,0,1
62572,434,332,1,0,1
62634,434,332,1,0,1
62712,434,330,0,0,1
62775,442,312,0,0,1
62853,462,280,0,0,1
62915,480,254,0,0,1
62993,492,232,0,0,1
63055,498,218,0,0,1
63133,498,208,0,0,1
63196,498,208,0,0,1
63274,498,208,0,0,1
63336,498,208,0,0,1
63414,498,208,0,0,1
63477,502,204,0,0,1
63555,504,196,0,0,1
63617,508,190,0,0,1
63695,510,184,0,0,1
63757,516,178,0,0,1
63835,524,168,0,0,1
63898,528,160,0,0,1
63976,532,154,0,0,1
64038,532,152,0,0,1
64116,534,150,0,0,1
64179,538,146,0,0,1
64257,548,134,0,0,1
64319,550,126,0,0,1
64397,552,124,0,0,1
64459,554,118,0,0,1
64537,560,110,0,0,1
64600,572,102,0,0,1
64678,580,92,0,0,1
64740,586,86,0,0,1
64818,590,82,0,0,1
64881,592,82,0,0,1
64959,594,82,0,0,1
65021,602,76,0,0,1
65099,602,74,0,0,1
65161,602,74,0,0,1
65239,602,74,0,0,1
65302,604,74,0,0,1
65380,604,76,0,0,1
65442,604,78,0,0,1
65520,604,96,0,0,1
65583,596,132,0,0,1
65661,578,194,0,0,1
65723,568,238,0,0,1
65801,566,254,0,0,1
65863,564,258,0,0,1
65941,556,266,0,0,1
66004,544,280,0,0,1
66082,510,298,0,0,1
66144,466,328,0,0,1
66222,458,334,0,0,1
66285,456,334,0,0,1
66363,456,334,0,0,1
66425,456,334,0,0,1
66503,456,334,0,0,1
66565,456,334,0,0,1
66643,456,334,0,0,1
66706,456,334,0,0,1
66784,454,334,0,0,1
66846,454,334,0,0,1
66924,454,334,0,0,1
66987,454,338,0,0,1
67065,454,346,0,0,1
67127,452,358,0,0,1
67205,442,376,0,0,1
67267,424,396,0,0,1
67345,416,410,0,0,1
67408,408,422,0,0,1
67470,398,432,0,0,1
67548,384,446,0,0,1
67626,374,458,0,0,1
67689,366,468,0,0,1
67751,362,474,0,0,1
67829,360,476,0,0,1
67891,360,476,0,0,1
67969,358,480,0,0,1
68032,358,486,0,0,1
68110,358,490,0,0,1
68172,358,492,0,0,1
68250,358,494,0,0,1
68313,358,498,0,0,1
68391,354,502,0,0,1
68453,354,502,0,0,1
68531,354,502,0,0,1
68593,354,500,0,0,1
68671,352,476,0,0,1
68734,364,404,0,0,1
68812,376,296,0,0,1
68874,366,248,0,0,1
68952,320,222,0,0,1
69015,262,212,0,0,1
69093,236,206,0,0,1
69155,232,204,0,0,1
69233,232,204,0,0,1
69295,240,208,0,0,1
69373,246,210,0,0,1
69436,258,214,0,0,1
69514,264,220,0,0,1
69576,272,224,0,0,1
69654,280,228,0,0,1
69717,284,228,0,0,1
69795,284,228,0,0,1
69857,284,228,0,0,1
69935,284,228,0,0,1
69997,284,228,0,0,1
70075,286,228,0,0,1
70138,286,228,0,0,1
70216,286,228,0,0,1
70278,290,232,0,0,1
70356,306,244,0,0,1
70419,320,250,0,0,1
70497,328,254,0,0,1
70559,330,254,0,0,1
70621,330,254,0,0,1
70699,332,254,0,0,1
70762,342,262,0,0,1
70840,378,288,0,0,1
70902,432,328,0,0,1
70980,450,348,0,0,1
71043,452,354,0,0,1
71121,454,360,0,0,1
71183,466,366,0,0,1
71261,512,364,0,0,1
71323,580,328,0,0,1
71401,590,314,0,0,1
71464,592,306,0,0,1
71542,594,306,0,0,1
71604,590,302,0,0,1
71682,590,302,0,0,1
71745,590,296,0,0,1
71823,590,294,0,0,1
71885,590,292,0,0,1
71963,590,288,0,0,1
72025,590,286,0,0,1
72103,594,280,0,0,1
72166,598,270,0,0,1
72244,604,262,0,0,1
72306,606,254,0,0,1
72384,608,242,0,0,1
72447,610,236,0,0,1
72525,610,224,0,0,1
72587,606,214,0,0,1
72665,602,206,0,0,1
72727,600,202,0,0,1
72805,600,196,0,0,1
72868,602,182,0,0,1
72946,602,168,0,0,1
73008,602,162,0,0,1
73086,602,156,0,0,1
73149,604,138,0,0,1
73227,604,136,0,0,1
73289,604,136,0,0,1
73367,604,144,0,0,1
73429,592,194,0,0,1
73507,574,240,0,0,1
73570,572,252,0,0,1
73648,574,254,0,0,1
73710,586,254,0,0,1
73773,592,256,0,0,1
73851,604,264,0,0,1
73929,618,266,0,0,1
73991,632,268,0,0,1
74053,644,270,0,0,1
74131,648,272,0,0,1
74194,654,274,0,0,1
74272,664,276,0,0,1
74334,676,284,0,0,1
74412,686,292,0,0,1
74475,700,302,0,0,1
74553,706,312,0,0,1
74615,710,334,0,0,1
74693,710,358,0,0,1
74755,704,388,0,0,1
74833,674,406,0,0,1
74896,592,416,0,0,1
74974,510,410,0,0,1
75036,462,398,0,0,1
75114,440,384,0,0,1
75177,428,376,0,0,1
75255,402,354,0,0,1
75317,384,342,0,0,1
75395,370,332,0,0,1
75457,362,328,0,0,1
75535,358,326,0,0,1
75598,352,324,0,0,1
75676,342,316,0,0,1
75738,326,306,0,0,1
75816,314,300,0,0,1
75879,306,292,0,0,1
75957,300,284,0,0,1
76019,290,272,0,0,1
76097,282,258,0,0,1
76159,274,252,0,0,1
76237,268,244,0,0,1
76300,262,236,0,0,1
76378,262,230,0,0,1
76440,258,212,0,0,1
76518,256,204,0,0,1
76581,256,200,0,0,1
76659,278,196,0,0,1
76721,376,166,0,0,1
76799,474,160,0,0,1
76861,518,160,0,0,1
76939,554,184,0,0,1
77002,580,206,0,0,1
77080,600,230,0,0,1
77142,616,256,0,0,1
77220,628,280,0,0,1
77283,630,298,0,0,1
77361,632,318,0,0,1
77423,632,338,0,0,1
77501,630,348,0,0,1
77563,628,358,0,0,1
77641,622,364,0,0,1
77704,604,376,0,0,1
77782,572,398,0,0,1
77844,532,424,0,0,1
77922,512,434,0,0,1
77985,492,438,0,0,1
78063,484,438,0,0,1
78125,468,438,0,0,1
78203,452,440,0,0,1
78265,446,442,0,0,1
78343,444,442,0,0,1
78406,438,442,0,0,1
78484,422,438,0,0,1
78546,408,434,0,0,1
78624,396,430,0,0,1
78687,390,428,0,0,1
78765,384,426,0,0,1
78827,370,416,0,0,1
78905,338,394,0,0,1
78967,314,378,0,0,1
79045,300,362,0,0,1
79108,290,350,0,0,1
79186,282,332,0,0,1
79248,266,300,0,0,1
79326,258,280,0,0,1
79389,258,274,0,0,1
79467,258,268,0,0,1
79529,270,262,0,0,1
79607,296,242,0,0,1
79669,326,222,0,0,1
79747,350,212,0,0,1
79810,374,204,0,0,1
79888,402,194,0,0,1
79950,438,178,0,0,1
80028,456,166,0,0,1
80091,462,164,0,0,1
80169,464,164,0,0,1
80231,466,164,0,0,1
80309,484,166,0,0,1
80371,498,168,0,0,1
80449,508,170,0,0,1
80512,520,174,0,0,1
80590,532,182,0,0,1
80652,540,188,0,0,1
80730,548,194,0,0,1
80793,552,196,0,0,1
80871,556,202,0,0,1
80933,562,210,0,0,1
81011,566,222,0,0,1
81073,558,248,0,0,1
81136,540,280,0,0,1
81214,522,292,0,0,1
81276,456,308,0,0,1
81354,330,324,0,0,1
81417,288,322,0,0,1
81495,278,322,0,0,1
81557,276,322,0,0,1
81635,276,322,0,0,1
81697,290,330,0,0,1
81775,306,334,0,0,1
81838,328,338,0,0,1
81916,344,340,0,0,1
81978,364,340,0,0,1
82056,374,340,0,0,1
82119,396,346,0,0,1
82197,410,348,0,0,1
82259,424,350,0,0,1
82337,432,354,0,0,1
82399,436,354,0,0,1
82477,440,354,0,0,1
82540,442,354,0,0,1
82618,442,354,0,0,1
82680,442,354,0,0,1
82758,442,354,0,0,1
82821,442,354,0,0,1
82899,442,354,0,0,1
82961,442,354,0,0,1
83039,442,354,0,0,1
83101,442,354,0,0,1
83179,444,356,0,0,1
83242,444,356,0,0,1
83320,444,356,0,0,1
83382,444,352,0,0,1
83460,444,342,0,0,1
83523,442,324,0,0,1
83601,442,316,0,0,1
83663,440,316,0,0,1
83741,440,316,0,0,1
83803,440,316,0,0,1
83881,440,316,0,0,1
83944,440,316,0,0,1
84022,440,314,0,0,1
84084,440,314,0,0,1
84162,440,314,0,0,1
84225,444,314,0,0,1
84303,452,312,0,0,1
84365,464,312,0,0,1
84443,478,310,0,0,1
84505,482,310,0,0,1
84583,488,310,0,0,1
84646,494,312,0,0,1
84724,504,316,0,0,1
84786,520,322,0,0,1
84864,548,324,0,0,1
84927,576,328,0,0,1
85005,608,330,0,0,1
85067,628,332,0,0,1
85145,642,334,0,0,1
85208,654,336,0,0,1
85286,658,338,0,0,1
85348,658,338,0,0,1
85426,652,348,0,0,1
85488,634,356,0,0,1
85566,616,362,0,0,1
85629,602,364,0,0,1
85691,586,366,0,0,1
85769,568,368,0,0,1
85832,556,368,0,0,1
85910,542,368,0,0,1
85972,534,368,0,0,1
86050,524,368,0,0,1
86112,520,368,0,0,1
86190,516,366,0,0,1
86253,504,358,0,0,1
86331,492,356,0,0,1
86393,484,354,0,0,1
86471,478,352,0,0,1
86534,472,352,0,0,1
86612,468,350,0,0,1
86690,456,350,0,0,1
86752,442,348,0,0,1
86814,434,346,0,0,1
86892,432,346,0,0,1
86955,428,344,0,0,1
87033,424,342,0,0,1
87095,416,336,0,0,1
87173,412,334,0,0,1
87236,410,332,0,0,1
87314,410,332,0,0,1
87376,410,332,0,0,1
87454,410,332,0,0,1
87516,410,332,0,0,1
87594,410,332,0,0,1
87657,410,332,0,0,1
87735,410,332,0,0,1
87797,410,332,0,0,1
87875,410,332,0,0,1
87938,410,332,0,0,1
88016,410,332,0,0,1
88078,412,332,0,0,1
88156,412,332,0,0,1
88218,412,332,0,0,1
88296,412,332,0,0,1
88359,412,332,0,0,1
88437,412,332,0,0,1
88499,412,332,0,0,1
88577,412,332,0,0,1
88640,412,332,0,0,1
88718,412,332,0,0,1
88780,412,332,0,0,1
88858,412,332,0,0,1
88920,412,332,0,0,1
88998,412,332,0,0,1
89061,412,332,0,0,1
89139,412,332,0,0,1
89201,412,332,0,0,1
89279,412,332,0,0,1
89342,412,332,0,0,1
89420,412,332,0,0,1
89482,412,332,0,0,1
89560,412,332,0,0,1
89622,412,332,0,0,1
89700,412,332,0,0,1
89763,412,332,0,0,1
89841,412,332,0,0,1
89903,412,332,0,0,1
89966,410,332,0,0,1
90044,378,322,0,0,1
90122,308,282,0,0,1
90184,264,264,0,0,1
90246,254,260,0,0,1
90324,252,260,0,0,1
90387,250,262,0,0,1
90465,250,262,0,0,1
90527,250,262,0,0,1
90605,252,262,0,0,1
90668,262,262,0,0,1
90746,268,262,0,0,1
90808,272,262,0,0,1
90886,274,264,0,0,1
90948,274,266,0,0,1
91026,284,270,0,0,1
91089,308,286,0,0,1
91167,320,290,0,0,1
91229,334,294,0,0,1
91307,334,294,0,0,1
91370,334,294,0,0,1
91448,334,292,0,0,1
91510,328,282,0,0,1
91588,326,280,0,0,1
91650,326,280,0,0,1
91728,326,280,0,0,1
91791,326,280,0,0,1
91869,328,280,0,0,1
91931,330,280,0,0,1
92009,338,276,0,0,1
92072,362,260,0,0,1
92150,372,254,0,0,1
92212,376,252,0,0,1
92290,376,252,0,0,1
92352,376,258,0,0,1
92430,378,262,0,0,1
92493,380,264,0,0,1
92571,380,266,0,0,1
92633,380,272,0,0,1
92711,380,274,0,0,1
92774,386,284,0,0,1
92852,386,284,0,0,1
92914,386,284,0,0,1
92992,386,284,0,0,1
93054,386,284,0,0,1
93132,386,284,0,0,1
93195,386,284,0,0,1
93273,386,284,0,0,1
93335,386,284,0,0,1
93413,390,290,0,0,1
93476,398,298,0,0,1
93554,410,302,0,0,1
93616,412,302,0,0,1
93694,412,302,0,0,1
93756,412,304,0,0,1
93834,408,308,0,0,1
93897,400,308,0,0,1
93975,390,308,0,0,1
94037,376,308,0,0,1
94115,364,310,0,0,1
94178,356,336,0,0,1
94256,352,384,0,0,1
94318,348,430,0,0,1
94396,342,440,0,0,1
94458,342,442,0,0,1
94536,342,442,0,0,1
94599,344,442,0,0,1
94677,344,442,0,0,1
94739,344,438,0,0,1
94817,348,430,0,0,1
94880,352,422,0,0,1
94958,354,420,0,0,1
95020,356,416,0,0,1
95098,366,408,0,0,1
95160,390,390,0,0,1
95238,402,370,0,0,1
95301,406,366,0,0,1
95379,406,364,0,0,1
95441,408,360,0,0,1
95519,414,344,0,0,1
95582,422,328,0,0,1
95660,426,320,0,0,1
95722,428,316,0,0,1
95800,428,314,0,0,1
95862,426,314,0,0,1
95940,422,312,0,0,1
96003,420,308,0,0,1
96081,416,304,0,0,1
96143,416,300,0,0,1
96221,414,294,0,0,1
96284,414,286,0,0,1
96362,418,278,0,0,1
96424,422,274,0,0,1
96502,424,270,0,0,1
96564,426,268,0,0,1
96642,430,266,0,0,1
96705,440,258,0,0,1
96783,440,256,0,0,1
96845,440,256,0,0,1
96923,440,256,0,0,1
96986,440,258,0,0,1
97064,442,258,0,0,1
97126,444,258,0,0,1
97204,454,260,0,0,1
97266,458,260,0,0,1
97329,460,260,0,0,1
97407,460,260,0,0,1
97469,466,260,0,0,1
97547,476,260,0,0,1
97610,478,260,0,0,1
97688,478,260,0,0,1
97750,478,260,0,0,1
97828,480,260,0,0,1
97890,482,260,0,0,1
97968,482,260,0,0,1
98031,482,260,0,0,1
98109,468,254,0,0,1
98171,434,238,0,0,1
98249,418,234,0,0,1
98312,404,230,0,0,1
98390,402,230,0,0,1
98452,406,230,0,0,1
98530,410,224,0,0,1
98592,414,222,0,0,1
98670,414,218,0,0,1
98733,416,218,0,0,1
98811,416,216,0,0,1
98873,416,214,0,0,1
98951,420,208,0,0,1
99014,428,194,1,0,1
99092,438,184,1,0,1
99154,442,176,1,0,1
99232,448,172,1,0,1
99294,456,162,1,0,1
99372,460,160,1,0,1
99435,458,160,1,0,1
99513,456,162,1,0,1
99575,452,164,1,0,1
99653,450,168,1,0,1
99716,448,170,1,0,1
99794,448,170,1,0,1
99856,444,170,1,0,1
99934,442,170,1,0,1
99996,440,168,1,0,1
100074,440,168,1,0,1
100137,442,168,1,0,1
100215,442,168,1,0,1
100277,442,168,0,0,1
100355,442,168,0,0,1
100418,438,168,0,0,1
100496,372,186,0,0,1
100558,292,206,0,0,1
100636,272,210,0,0,1
100698,268,210,0,0,1
100776,270,214,0,0,1
100839,278,230,0,0,1
100917,282,240,0,0,1
100979,282,240,0,0,1
101057,284,240,0,0,1
101120,284,240,0,0,1
101198,288,240,0,0,1
101260,290,240,0,0,1
101338,296,240,0,0,1
101400,300,240,0,0,1
101478,302,240,0,0,1
101541,308,242,0,0,1
101619,320,244,0,0,1
101681,334,246,0,0,1
101759,336,248,0,0,1
101822,338,248,0,0,1
101884,338,248,0,0,1
101962,338,250,0,0,1
102024,342,254,0,0,1
102102,344,254,0,0,1
102165,344,254,0,0,1
102243,344,256,0,0,1
102305,344,256,0,0,1
102383,344,256,0,0,1
102446,350,260,0,0,1
102524,354,260,0,0,1
102586,364,266,0,0,1
102664,370,268,0,0,1
102726,374,268,0,0,1
102804,384,268,0,0,1
102867,394,268,0,0,1
102945,396,268,0,0,1
103007,396,268,0,0,1
103085,396,268,0,0,1
103148,396,268,0,0,1
103226,396,268,0,0,1
103288,396,268,0,0,1
103366,396,268,0,0,1
103428,396,268,0,0,1
103506,396,268,0,0,1
103569,396,268,0,0,1
103647,396,268,0,0,1
103709,396,268,0,0,1
103787,394,268,0,0,1
103850,394,268,0,0,1
103928,394,270,0,0,1
103990,392,276,0,0,1
104068,392,280,0,0,1
104130,392,280,0,0,1
104208,396,280,0,0,1
104271,410,282,0,0,1
104349,434,284,0,0,1
104411,466,292,0,0,1
104489,478,292,0,0,1
104552,498,292,0,0,1
104630,538,298,0,0,1
104692,570,304,0,0,1
104770,598,318,0,0,1
104832,614,326,0,0,1
104910,622,336,0,0,1
104973,626,356,0,0,1
105051,628,382,0,0,1
105113,632,406,0,0,1
105191,638,420,0,0,1
105254,638,422,0,0,1
105332,636,428,0,0,1
105394,632,446,0,0,1
105472,630,466,0,0,1
105534,628,486,0,0,1
105612,624,490,0,0,1
105675,604,492,0,0,1
105737,554,492,0,0,1
105815,516,492,0,0,1
105878,486,490,0,0,1
105956,456,490,0,0,1
106018,428,488,0,0,1
106096,390,486,0,0,1
106158,346,484,0,0,1
106236,326,482,0,0,1
106299,304,480,0,0,1
106377,286,480,0,0,1
106439,260,476,0,0,1
106517,240,472,0,0,1
106580,224,470,0,0,1
106658,222,470,0,0,1
106720,244,472,0,0,1
106798,312,466,0,0,1
106860,356,464,0,0,1
106938,404,464,0,0,1
107001,476,464,0,0,1
107079,528,464,0,0,1
107141,576,468,0,0,1
107219,594,464,0,0,1
107282,592,462,0,0,1
107360,592,462,0,0,1
107422,592,460,0,0,1
107500,592,460,0,0,1
107562,592,460,0,0,1
107640,594,458,0,0,1
107703,602,450,0,0,1
107781,612,444,0,0,1
107843,622,440,0,0,1
107921,626,440,0,0,1
107984,628,436,0,0,1
108062,630,434,0,0,1
108124,630,434,0,0,1
108202,630,434,0,0,1
108264,632,434,0,0,1
108342,632,434,0,0,1
108405,632,434,1,0,1
108483,632,434,1,0,1
108545,632,432,1,0,1
108623,634,432,1,0,1
108686,634,430,1,0,1
108764,636,428,1,0,1
108826,636,428,1,0,1
108904,636,426,1,0,1
108966,632,422,1,0,1
109044,620,420,1,0,1
109107,608,418,1,0,1
109185,602,416,1,0,1
109247,596,416,1,0,1
109325,590,416,1,0,1
109388,584,416,1,0,1
109466,570,416,1,0,1
109528,560,416,1,0,1
109606,550,416,1,0,1
109668,544,416,1,0,1
109746,538,418,1,0,1
109809,536,422,1,0,1
109887,530,422,1,0,1
109949,522,424,1,0,1
110027,508,424,1,0,1
110090,500,426,1,0,1
110168,496,432,0,0,1
110230,492,434,0,0,1
110308,486,438,0,0,1
110370,476,440,0,0,1
110448,468,440,0,0,1
110511,462,442,0,0,1
110589,452,444,0,0,1
110651,440,444,0,0,1
110729,426,444,0,0,1
110792,416,446,0,0,1
110870,408,446,0,0,1
110932,398,450,0,0,1
111010,390,450,0,0,1
111072,378,452,0,0,1
111150,372,456,0,0,1
111213,364,458,0,0,1
111291,360,458,0,0,1
111353,354,458,0,0,1
111431,350,458,0,0,1
111494,350,458,0,0,1
111572,350,458,0,0,1
111634,350,458,0,0,1
111712,350,458,0,0,1
111774,350,458,0,0,1
111837,352,458,0,0,1
111915,368,460,0,0,1
111977,408,466,0,0,1
112055,428,468,0,0,1
112118,428,468,0,0,1
112196,424,468,0,0,1
112258,402,460,0,0,1
112336,384,456,0,0,1
112398,366,456,0,0,1
112476,352,456,0,0,1
112539,338,452,0,0,1
112617,328,450,0,0,1
112679,320,446,0,0,1
112757,316,444,0,0,1
112820,312,444,0,0,1
112898,304,442,0,0,1
112960,294,440,0,0,1
113038,282,434,0,0,1
113100,272,430,0,0,1
113178,266,426,0,0,1
113256,260,420,0,0,1
113319,254,412,0,0,1
113397,246,404,0,0,1
113459,238,388,0,0,1
113522,234,384,0,0,1
113600,230,376,0,0,1
113662,226,370,0,0,1
113740,226,368,0,0,1
113802,224,358,0,0,1
113880,226,350,0,0,1
113943,230,338,0,0,1
114021,230,328,0,0,1
114083,230,320,0,0,1
114161,232,318,0,0,1
114224,234,310,0,0,1
114302,238,304,0,0,1
114364,240,294,0,0,1
114442,242,290,0,0,1
114504,242,286,0,0,1
114582,242,282,0,0,1
114645,242,278,0,0,1
114723,240,272,0,0,1
114785,240,262,0,0,1
114863,238,256,0,0,1
114926,238,248,0,0,1
115004,238,240,0,0,1
115066,238,230,0,0,1
115144,240,224,0,0,1
115206,244,218,0,0,1
115284,250,214,0,0,1
115347,256,210,0,0,1
115425,258,204,0,0,1
115487,258,202,0,0,1
115565,258,202,0,0,1
115628,258,202,0,0,1
115706,260,202,0,0,1
115768,270,200,0,0,1
115846,276,202,0,0,1
115909,284,204,0,0,1
115987,286,206,0,0,1
116049,294,212,0,0,1
116127,298,216,0,0,1
116189,308,224,0,0,1
116267,316,228,0,0,1
116330,324,232,0,0,1
116408,324,232,0,0,1
116470,324,232,0,0,1
116548,324,232,0,0,1
116611,324,232,0,0,1
116689,324,232,0,0,1
116751,324,232,0,0,1
116829,318,250,0,0,1
116891,308,260,0,0,1
116969,304,262,0,0,1
117032,304,264,0,0,1
117110,304,264,0,0,1
117172,304,264,0,0,1
117250,304,266,0,0,1
117313,310,268,0,0,1
117391,314,272,0,0,1
117453,316,272,0,0,1
117531,318,274,0,0,1
117593,318,274,0,0,1
117671,332,288,0,0,1
117734,338,290,0,0,1
117796,338,290,0,0,1
117874,338,290,0,0,1
117937,336,292,0,0,1
118015,334,298,0,0,1
118077,332,304,0,0,1
118155,332,304,0,0,1
118217,334,304,0,0,1
118295,348,304,0,0,1
118358,356,302,0,0,1
118436,364,298,0,0,1
118498,376,282,0,0,1
118576,384,268,0,0,1
118639,386,268,0,0,1
118717,386,268,0,0,1
118779,388,268,0,0,1
118857,388,268,0,0,1
118919,390,268,0,0,1
118997,392,268,0,0,1
119060,392,270,0,0,1
119138,394,272,0,0,1
119200,398,276,0,0,1
119278,398,276,0,0,1
119341,398,276,0,0,1
119419,398,276,0,0,1
119481,408,282,0,0,1
119559,424,292,0,0,1
119621,426,292,0,0,1
119699,426,292,0,0,1
119762,424,292,0,0,1
119840,422,296,0,0,1
119902,422,296,0,0,1
119980,422,298,0,0,1
120043,428,300,0,0,1
120121,442,308,0,0,1
120183,456,312,0,0,1
120261,462,312,0,0,1
120323,472,306,0,0,1
120401,486,300,0,0,1
120464,490,298,0,0,1
120542,490,298,0,0,1
120604,490,298,0,0,1
120682,494,304,0,0,1
120745,510,318,0,0,1
120823,510,320,0,0,1
120885,512,322,0,0,1
120963,528,336,0,0,1
121025,548,356,0,0,1
121103,554,364,0,0,1
121166,554,364,0,0,1
121228,554,364,0,0,1
121306,550,364,0,0,1
121369,536,364,0,0,1
121447,526,366,0,0,1
121525,520,366,0,0,1
121587,514,368,0,0,1
121665,500,368,0,0,1
121727,488,368,0,0,1
121805,478,366,0,0,1
121868,474,366,0,0,1
121946,470,366,0,0,1
122008,462,364,0,0,1
122086,456,362,0,0,1
122149,448,358,0,0,1
122227,440,352,0,0,1
122289,440,352,0,0,1
122367,436,350,0,0,1
122429,436,350,0,0,1
122507,434,350,0,0,1
122570,432,350,0,0,1
122648,430,348,0,0,1
122710,424,346,0,0,1
122788,412,340,0,0,1
122851,408,340,0,0,1
122929,402,338,0,0,1
122991,394,338,0,0,1
123069,390,338,0,0,1
123131,386,342,0,0,1
123209,382,346,0,0,1
123272,376,354,0,0,1
123350,376,366,0,0,1
123412,394,388,0,0,1
123490,408,392,0,0,1
123553,432,398,0,0,1
123631,458,404,0,0,1
123693,488,412,0,0,1
123755,526,422,0,0,1
123833,566,424,0,0,1
123896,592,412,0,0,1
123974,596,390,0,0,1
124036,584,348,0,0,1
124114,574,346,0,0,1
124177,568,344,0,0,1
124255,564,344,0,0,1
124333,560,342,0,0,1
124395,550,342,0,0,1
124473,536,342,0,0,1
124535,530,338,0,0,1
124613,526,338,0,0,1
124676,518,336,0,0,1
124754,512,332,0,0,1
124816,506,332,0,0,1
124894,502,330,0,0,1
124957,500,330,0,0,1
125035,496,328,0,0,1
125097,486,324,0,0,1
125159,468,322,0,0,1
125237,460,320,0,0,1
125300,452,318,0,0,1
125378,438,314,0,0,1
125440,426,310,0,0,1
125518,426,308,0,0,1
125581,424,310,0,0,1
125659,420,318,0,0,1
125721,416,328,0,0,1
125799,412,332,0,0,1
125861,406,336,0,0,1
125939,402,336,0,0,1
126002,402,338,0,0,1
126080,400,338,0,0,1
126142,398,336,0,0,1
126220,390,334,0,0,1
126283,384,332,0,0,1
126361,380,332,0,0,1
126423,378,332,0,0,1
126501,370,332,0,0,1
126563,366,332,0,0,1
126641,364,332,0,0,1
126704,362,332,0,0,1
126782,362,334,0,0,1
126844,362,336,0,0,1
126922,362,338,0,0,1
126985,360,340,0,0,1
127063,358,340,0,0,1
127125,358,340,0,0,1
127203,358,340,0,0,1
127265,358,340,0,0,1
127343,354,334,0,0,1
127406,346,328,0,0,1
127484,336,318,0,0,1
127546,332,310,0,0,1
127624,330,304,0,0,1
127687,326,292,0,0,1
127765,322,280,0,0,1
127827,322,274,0,0,1
127905,328,262,0,0,1
127967,354,242,0,0,1
128045,394,238,0,0,1
128108,424,244,0,0,1
128186,442,270,0,0,1
128248,434,302,0,0,1
128326,402,334,0,0,1
128389,370,342,0,0,1
128467,344,340,0,0,1
128529,310,324,0,0,1
128607,298,304,0,0,1
128669,304,278,0,0,1
128732,358,258,0,0,1
128810,424,228,0,0,1
128872,458,218,0,0,1
128950,488,230,0,0,1
129013,518,258,0,0,1
129091,552,288,0,0,1
129153,582,316,0,0,1
129231,586,322,0,0,1
129293,592,332,0,0,1
129371,598,350,0,0,1
129434,608,374,0,0,1
129512,626,398,0,0,1
129574,636,402,0,0,1
129652,640,400,0,0,1
129715,642,400,0,0,1
129793,644,400,0,0,1
129855,648,400,0,0,1
129933,652,398,0,0,1
129995,656,396,0,0,1
130073,656,394,0,0,1
130136,656,392,0,0,1
130214,656,392,0,0,1
130276,662,384,0,0,1
130354,672,362,0,0,1
130417,684,318,0,0,1
130495,684,294,0,0,1
130557,684,280,0,0,1
130635,684,266,0,0,1
130697,688,258,0,0,1
130775,690,234,0,0,1
130838,690,216,0,0,1
130916,686,210,0,0,1
130978,686,206,0,0,1
131056,686,200,0,0,1
131119,684,190,0,0,1
131197,682,172,0,0,1
131259,676,164,0,0,1
131337,676,162,0,0,1
131399,676,166,0,0,1
131477,678,176,0,0,1
131540,678,180,0,0,1
131618,678,180,0,0,1
131680,678,180,0,0,1
131758,668,182,0,0,1
131821,650,190,0,0,1
131899,638,198,0,0,1
131961,636,196,0,0,1
132039,624,186,0,0,1
132101,616,178,0,0,1
132164,612,178,0,0,1
132242,612,176,0,0,1
132304,608,176,0,0,1
132382,604,176,0,0,1
132445,598,176,0,0,1
132523,592,176,0,0,1
132585,590,176,0,0,1
132663,588,178,0,0,1
132725,588,178,0,0,1
132803,584,178,0,0,1
132866,574,178,0,0,1
132944,566,180,0,0,1
133006,560,188,0,0,1
133084,528,214,0,0,1
133147,398,282,0,0,1
133225,276,320,0,0,1
133287,246,322,0,0,1
133365,236,324,0,0,1
133427,230,326,0,0,1
133505,228,326,0,0,1
133568,236,326,0,0,1
133646,248,320,0,0,1
133708,254,320,0,0,1
133786,262,320,0,0,1
133849,270,320,0,0,1
133927,274,320,0,0,1
133989,276,320,0,0,1
134067,276,322,0,0,1
134129,276,322,0,0,1
134207,276,322,0,0,1
134270,276,322,0,0,1
134348,276,322,0,0,1
134410,276,322,0,0,1
134488,276,322,0,0,1
134551,278,322,0,0,1
134629,286,322,0,0,1
134691,288,322,0,0,1
134769,290,322,0,0,1
134831,290,320,0,0,1
134909,290,320,0,0,1
134972,292,320,0,0,1
135050,292,320,0,0,1
135112,288,320,0,0,1
135190,278,318,0,0,1
135253,274,316,0,0,1
135331,274,316,0,0,1
135393,274,314,0,0,1
135471,274,312,0,0,1
135533,274,312,0,0,1
135611,274,312,0,0,1
135674,274,312,0,0,1
135752,276,312,0,0,1
135814,280,312,0,0,1
135892,284,310,0,0,1
135955,286,310,0,0,1
136033,288,308,0,0,1
136095,290,306,0,0,1
136173,294,306,0,0,1
136235,296,304,0,0,1
136313,298,304,0,0,1
136376,298,302,0,0,1
136454,300,302,0,0,1
136516,304,302,0,0,1
136594,304,302,0,0,1
136657,304,302,0,0,1
136735,304,302,0,0,1
136797,302,302,0,0,1
136875,302,302,0,0,1
136937,302,302,0,0,1
137015,302,302,0,0,1
137078,302,302,0,0,1
137156,302,304,0,0,1
137218,302,304,0,0,1
137296,304,308,0,0,1
137359,304,308,0,0,1
137437,304,308,0,0,1
137499,304,308,0,0,1
137577,304,308,0,0,1
137639,304,308,0,0,1
137717,304,308,0,0,1
137780,304,308,0,0,1
137858,304,308,0,0,1
137920,304,308,0,0,1
137998,304,308,0,0,1
138061,306,308,0,0,1
138123,310,308,0,0,1
138201,312,308,0,0,1
138263,312,308,0,0,1
138341,316,308,0,0,1
138404,324,308,0,0,1
138482,340,306,0,0,1
138544,362,294,0,0,1
138622,374,282,0,0,1
138685,374,278,0,0,1
138763,374,278,0,0,1
138825,368,278,0,0,1
138903,366,282,0,0,1
138965,366,282,0,0,1
139043,406,286,0,0,1
139106,460,292,0,0,1
139184,492,292,0,0,1
139246,506,288,0,0,1
139324,516,280,0,0,1
139387,518,280,0,0,1
139465,516,280,0,0,1
139527,516,282,0,0,1
139605,516,284,0,0,1
139667,516,284,0,0,1
139745,516,288,0,0,1
139808,516,294,0,0,1
139886,514,302,0,0,1
139948,512,312,0,0,1
140026,512,316,0,0,1
140089,512,316,0,0,1
140167,512,316,0,0,1
140229,512,318,0,0,1
140307,512,322,0,0,1
140369,512,326,0,0,1
140447,512,328,0,0,1
140510,512,328,0,0,1
140588,512,328,0,0,1
140650,512,328,0,0,1
140728,512,328,0,0,1
140791,504,328,0,0,1
140869,382,324,0,0,1
140931,286,314,0,0,1
141009,268,316,0,0,1
141071,264,320,0,0,1
141149,262,322,0,0,1
141212,262,322,0,0,1
141290,264,322,0,0,1
141352,270,320,0,0,1
141430,278,320,0,0,1
141493,290,320,0,0,1
141571,292,320,0,0,1
141633,292,320,0,0,1
141711,292,320,0,0,1
141773,292,320,0,0,1
141851,292,320,0,0,1
141914,292,320,0,0,1
141992,292,320,0,0,1
142054,292,320,0,0,1
142132,292,320,0,0,1
142195,292,320,0,0,1
142273,292,320,0,0,1
142335,292,320,0,0,1
142413,292,320,0,0,1
142475,292,320,0,0,1
142553,292,320,0,0,1
142616,292,320,0,0,1
142694,292,320,0,0,1
142756,292,320,0,0,1
142834,292,320,0,0,1
142897,304,314,0,0,1
142975,314,308,0,0,1
143037,316,308,0,0,1
143115,318,308,0,0,1
143177,320,308,0,0,1
143255,320,308,0,0,1
143318,322,308,0,0,1
143396,328,310,0,0,1
143458,344,316,0,0,1
143536,356,318,0,0,1
143599,356,318,0,0,1
143677,342,318,0,0,1
143739,308,330,0,0,1
143817,298,334,0,0,1
143879,298,336,0,0,1
143957,302,334,0,0,1
144020,312,334,0,0,1
144098,318,330,0,0,1
144160,320,330,0,0,1
144223,332,330,0,0,1
144301,340,330,0,0,1
144363,344,330,0,0,1
144441,346,330,0,0,1
144503,358,346,0,0,1
144581,388,376,0,0,1
144644,400,386,0,0,1
144722,402,386,0,0,1
144784,404,386,0,0,1
144862,408,384,0,0,1
144925,418,384,0,0,1
145003,430,384,0,0,1
145065,448,380,0,0,1
145143,468,370,0,0,1
145205,492,348,0,0,1
145283,520,334,0,0,1
145346,536,328,0,0,1
145424,540,324,0,0,1
145486,546,312,0,0,1
145564,556,298,0,0,1
145627,590,256,0,0,1
145705,604,236,0,0,1
145767,606,232,0,0,1
145845,606,226,0,0,1
145907,596,196,0,0,1
145985,588,172,0,0,1
146048,588,168,0,0,1
146126,584,168,0,0,1
146188,568,174,0,0,1
146266,522,176,0,0,1
146329,498,176,0,0,1
146407,492,188,0,0,1
146469,484,208,0,0,1
146547,472,236,0,0,1
146609,398,298,0,0,1
146687,362,314,0,0,1
146750,326,316,0,0,1
146828,288,310,0,0,1
146890,272,314,0,0,1
146953,266,316,0,0,1
147031,266,316,0,0,1
147109,266,316,0,0,1
147171,266,316,0,0,1
147249,270,316,0,0,1
147312,272,316,0,0,1
147374,272,316,0,0,1
147452,272,316,0,0,1
147530,272,316,0,0,1
147592,272,316,0,0,1
147655,278,316,0,0,1
147733,284,316,0,0,1
147795,286,316,0,0,1
147873,288,316,0,0,1
147936,288,316,0,0,1
148014,290,316,0,0,1
148076,292,316,0,0,1
148154,298,316,0,0,1
148216,300,316,0,0,1
148294,300,316,0,0,1
148357,300,316,0,0,1
148435,300,316,0,0,1
148497,300,316,0,0,1
148575,300,316,0,0,1
148638,300,316,0,0,1
148716,300,316,0,0,1
148778,300,316,0,0,1
148856,300,316,0,0,1
148918,300,316,0,0,1
148996,300,316,0,0,1
149059,290,314,0,0,1
149137,284,314,0,0,1
149199,284,312,0,0,1
149277,284,314,0,0,1
149340,284,314,0,0,1
149418,290,314,0,0,1
149480,294,312,0,0,1
149558,294,312,0,0,1
149620,296,312,0,0,1
149698,304,306,0,0,1
149761,308,306,0,0,1
149839,308,306,0,0,1
149901,308,306,0,0,1
149979,308,306,0,0,1
150042,308,306,0,0,1
150120,308,306,0,0,1
150182,308,306,0,0,1
150260,308,306,0,0,1
150322,308,306,0,0,1
150400,308,306,0,0,1
150463,308,306,0,0,1
150541,308,306,0,0,1
150603,308,306,0,0,1
150681,308,306,0,0,1
150744,308,308,0,0,1
150822,308,308,0,0,1
150884,308,308,0,0,1
150962,308,308,0,0,1
151024,308,308,0,0,1
151102,308,308,0,0,1
151165,308,308,0,0,1
151227,308,308,0,0,1
151305,308,308,0,0,1
151368,308,308,0,0,1
151446,308,308,0,0,1
151508,314,308,0,0,1
151586,316,308,0,0,1
151648,316,308,0,0,1
151726,318,308,0,0,1
151789,320,310,0,0,1
151867,320,310,0,0,1
151929,324,310,0,0,1
152007,330,310,0,0,1
152070,332,310,0,0,1
152148,344,314,0,0,1
152210,344,314,0,0,1
152288,380,328,0,0,1
152350,398,330,0,0,1
152428,404,330,0,0,1
152491,394,328,0,0,1
152569,334,328,0,0,1
152631,270,302,0,0,1
152709,258,296,0,0,1
152772,256,296,0,0,1
152850,256,302,0,0,1
152912,256,302,0,0,1
152990,262,302,0,0,1
153052,266,302,0,0,1
153130,274,302,0,0,1
153193,282,302,0,0,1
153286,282,300,0,0,1
153364,286,300,0,0,1
153442,286,300,0,0,1
153505,286,300,0,0,1
153567,286,300,0,0,1
153645,286,300,0,0,1
153708,286,300,0,0,1
153786,284,300,0,0,1
153848,284,300,0,0,1
153926,284,300,0,0,1
153988,286,300,0,0,1
154066,286,300,0,0,1
154129,290,302,0,0,1
154207,290,302,0,0,1
154269,292,302,0,0,1
154347,294,302,0,0,1
154410,306,316,0,0,1
154488,306,316,0,0,1
154550,306,316,0,0,1
154628,314,336,0,0,1
154690,318,340,0,0,1
154768,320,340,0,0,1
154831,320,338,0,0,1
154909,320,338,0,0,1
154971,320,330,0,0,1
155049,320,330,0,0,1
155112,320,326,0,0,1
155190,320,326,0,0,1
155252,320,326,0,0,1
155330,320,326,0,0,1
155392,320,326,0,0,1
155470,320,326,0,0,1
155533,320,326,0,0,1
155611,320,326,0,0,1
155673,320,326,0,0,1
155751,320,326,0,0,1
155814,322,326,0,0,1
155892,322,328,0,0,1
155954,324,328,0,0,1
156032,324,328,0,0,1
156094,328,326,0,0,1
156172,328,326,0,0,1
156235,330,324,0,0,1
156313,330,322,0,0,1
156375,330,322,0,0,1
156453,332,298,0,0,1
156516,336,294,0,0,1
156594,340,284,0,0,1
156656,354,282,0,0,1
156734,370,282,0,0,1
156796,370,282,0,0,1
156874,368,282,0,0,1
156937,366,310,0,0,1
156999,364,310,0,0,1
157077,350,312,0,0,1
157140,320,304,0,0,1
157218,310,304,0,0,1
157280,298,292,0,0,1
157358,300,290,0,0,1
157420,320,284,0,0,1
157498,376,314,0,0,1
157561,414,320,0,0,1
157639,416,320,0,0,1
157701,418,322,0,0,1
157779,418,322,0,0,1
157842,418,322,0,0,1
157920,418,322,0,0,1
157982,416,322,0,0,1
158060,416,322,0,0,1
158122,416,322,0,0,1
158200,412,316,0,0,1
158263,410,308,0,0,1
158341,410,308,0,0,1
158403,410,308,0,0,1
158481,410,308,0,0,1
158544,410,306,0,0,1
158622,410,306,0,0,1
158684,410,304,0,0,1
158762,410,302,0,0,1
158824,410,302,0,0,1
158902,410,302,0,0,1
158965,410,302,0,0,1
159043,408,298,0,0,1
159105,408,298,0,0,1
159183,408,298,0,0,1
159246,410,298,0,0,1
159324,410,298,0,0,1
159386,418,320,0,0,1
159464,420,324,0,0,1
159526,420,324,0,0,1
159604,418,324,0,0,1
159667,418,324,0,0,1
159745,414,320,0,0,1
159807,414,320,0,0,1
159885,412,318,0,0,1
159948,410,318,0,0,1
160026,396,316,0,0,1
160088,368,310,0,0,1
160166,332,302,0,0,1
160228,322,306,0,0,1
160306,308,302,0,0,1
160369,276,264,0,0,1
160447,256,220,0,0,1
160509,248,204,0,0,1
160587,236,180,0,0,1
160650,232,178,0,0,1
160728,226,172,0,0,1
160790,226,172,0,0,1
160852,244,180,0,0,1
160930,250,186,0,0,1
160993,258,190,0,0,1
161071,264,198,0,0,1
161133,268,200,0,0,1
161211,268,200,0,0,1
161274,272,202,0,0,1
161352,272,206,0,0,1
161414,276,206,0,0,1
161492,276,206,0,0,1
161570,284,216,0,0,1
161632,288,218,0,0,1
161710,296,222,0,0,1
161773,298,222,0,0,1
161851,314,228,0,0,1
161913,330,228,0,0,1
161976,338,228,0,0,1
162054,348,226,0,0,1
162116,358,234,0,0,1
162194,366,238,0,0,1
162256,368,248,0,0,1
162334,370,260,0,0,1
162397,378,282,0,0,1
162475,380,284,0,0,1
162537,380,286,0,0,1
162615,380,294,0,0,1
162678,386,310,0,0,1
162756,386,312,0,0,1
162818,380,310,0,0,1
162896,378,310,0,0,1
162958,378,310,0,0,1
163036,378,310,0,0,1
163099,378,310,0,0,1
163177,378,310,0,0,1
163239,378,310,0,0,1
163317,380,310,0,0,1
163380,380,310,0,0,1
163458,384,312,0,0,1
163520,388,314,0,0,1
163598,390,314,0,0,1
163660,390,314,0,0,1
163738,390,314,0,0,1
163801,390,314,0,0,1
163879,390,314,0,0,1
163941,390,314,0,0,1
164019,392,316,0,0,1
164082,392,316,0,0,1
164160,394,316,0,0,1
164222,396,316,0,0,1
164300,406,322,0,0,1
164362,412,324,0,0,1
164440,412,324,0,0,1
164503,416,326,0,0,1
164581,426,330,0,0,1
164643,442,326,0,0,1
164721,444,324,0,0,1
164784,438,324,0,0,1
164862,432,324,0,0,1
164924,430,324,0,0,1
165002,426,324,0,0,1
165064,426,324,0,0,1
165142,430,324,0,0,1
165205,448,316,0,0,1
165283,460,300,0,0,1
165345,468,290,0,0,1
165423,470,290,0,0,1
165486,480,286,0,0,1
165564,482,284,0,0,1
165626,482,284,0,0,1
165704,482,290,0,0,1
165766,484,294,0,0,1
165829,482,296,0,0,1
165907,476,310,0,0,1
165969,476,330,0,0,1
166047,476,330,0,0,1
166110,472,330,0,0,1
166188,472,334,0,0,1
166250,472,336,0,0,1
166328,470,336,0,0,1
166390,468,336,0,0,1
166468,468,336,0,0,1
166531,470,336,0,0,1
166609,470,336,0,0,1
166687,470,334,0,0,1
166749,474,334,0,0,1
166827,476,334,0,0,1
166890,476,330,0,0,1
166952,476,330,0,0,1
167030,476,330,0,0,1
167092,476,330,0,0,1
167170,474,322,0,0,1
167233,474,322,0,0,1
167311,474,322,0,0,1
167373,474,322,0,0,1
167451,474,322,0,0,1
167514,476,322,0,0,1
167592,476,322,0,0,1
167654,476,320,0,0,1
167732,476,320,0,0,1
167794,476,320,0,0,1
167872,476,318,0,0,1
167935,474,306,0,0,1
168013,474,306,0,0,1
168075,474,306,0,0,1
168153,472,304,0,0,1
168216,472,304,0,0,1
168294,472,306,0,0,1
168356,472,306,0,0,1
168434,466,306,0,0,1
168496,424,312,0,0,1
168574,320,292,0,0,1
168637,272,288,0,0,1
168715,208,268,0,0,1
168777,196,282,0,0,1
168855,172,274,0,0,1
168918,156,260,0,0,1
168996,142,246,0,0,1
169058,146,274,0,0,1
169136,148,272,0,0,1
169198,148,262,0,0,1
169276,172,240,0,0,1
169339,200,208,0,0,1
169417,218,188,0,0,1
169479,218,174,0,0,1
169557,228,174,0,0,1
169620,236,170,0,0,1
169698,238,170,0,0,1
169760,246,172,0,0,1
169838,256,180,0,0,1
169900,270,190,0,0,1
169978,274,194,0,0,1
170041,276,196,0,0,1
170119,278,196,0,0,1
170181,280,198,0,0,1
170259,282,198,0,0,1
170322,286,202,0,0,1
170400,290,202,0,0,1
170462,294,204,0,0,1
170540,296,206,0,0,1
170602,300,208,0,0,1
170680,316,216,0,0,1
170743,326,220,0,0,1
170821,330,220,0,0,1
170883,330,220,0,0,1
170961,332,222,0,0,1
171024,336,228,0,0,1
171102,338,234,0,0,1
171164,348,248,0,0,1
171242,360,266,0,0,1
171304,364,272,0,0,1
171382,364,278,0,0,1
171445,364,278,0,0,1
171523,364,280,0,0,1
171585,366,282,0,0,1
171663,368,286,0,0,1
171726,370,288,0,0,1
171788,372,292,0,0,1
171866,376,294,0,0,1
171928,378,296,0,0,1
172006,380,298,0,0,1
172069,384,300,0,0,1
172147,386,304,0,0,1
172209,388,304,0,0,1
172287,388,306,0,0,1
172350,390,308,0,0,1
172428,394,310,0,0,1
172490,394,312,0,0,1
172568,396,312,0,0,1
172630,398,314,0,0,1
172708,400,316,0,0,1
172771,404,318,0,0,1
172849,414,320,0,0,1
172911,422,322,0,0,1
172989,428,324,0,0,1
173052,428,324,0,0,1
173130,412,324,0,0,1
173192,382,314,0,0,1
173270,368,312,0,0,1
173332,366,312,0,0,1
173410,370,312,0,0,1
173473,386,312,0,0,1
173551,398,312,0,0,1
173613,400,314,0,0,1
173691,400,314,0,0,1
173754,398,316,0,0,1
173832,392,318,0,0,1
173894,390,320,0,0,1
173972,388,320,0,0,1
174034,388,320,0,0,1
174112,388,320,0,0,1
174175,388,320,0,0,1
174253,388,320,0,0,1
174315,388,320,0,0,1
174393,388,320,0,0,1
174456,388,320,0,0,1
174534,388,320,0,0,1
174596,388,320,0,0,1
174658,388,320,0,0,1
174736,388,320,0,0,1
174799,388,320,0,0,1
174877,388,320,0,0,1
174939,388,320,0,0,1
175017,388,320,0,0,1
175080,388,320,0,0,1
175158,392,320,0,0,1
175220,426,352,0,0,1
175298,488,394,0,0,1
175360,536,422,0,0,1
175438,574,442,0,0,1
175501,596,452,0,0,1
175579,610,456,0,0,1
175641,618,458,0,0,1
175719,626,460,0,0,1
175782,628,460,0,0,1
175860,630,460,0,0,1
175922,630,460,0,0,1
176000,630,460,0,0,1
176062,630,460,0,0,1
176140,632,462,0,0,1
176203,634,468,0,0,1
176281,638,476,0,0,1
176343,640,482,0,0,1
176421,640,484,0,0,1
176484,640,486,0,0,1
176562,640,486,0,0,1
176624,640,486,0,0,1
176702,640,488,0,0,1
176764,640,488,0,0,1
176842,640,488,0,0,1
176905,640,488,0,0,1
176983,640,488,0,0,1
177045,640,488,0,0,1
177123,640,488,0,0,1
177186,640,488,0,0,1
177264,640,488,0,0,1
177326,640,488,0,0,1
177404,640,488,0,0,1
177466,640,488,0,0,1
177544,640,488,0,0,1
177607,638,488,0,0,1
177685,634,482,0,0,1
177747,626,452,0,0,1
177825,624,430,0,0,1
177888,622,424,0,0,1
177966,622,420,0,0,1
178028,622,420,0,0,1
178106,620,418,0,0,1
178168,620,418,0,0,1
178246,620,418,0,0,1
178309,620,418,0,0,1
178387,618,418,0,0,1
178449,618,418,0,0,1
178527,614,414,0,0,1
178590,610,408,0,0,1
178668,600,390,0,0,1
178730,592,372,0,0,1
178808,586,358,0,0,1
178871,584,352,0,0,1
178949,578,348,0,0,1
179011,570,342,0,0,1
179089,564,340,0,0,1
179151,558,338,0,0,1
179229,554,336,0,0,1
179292,544,334,0,0,1
179370,528,334,0,0,1
179432,514,332,0,0,1
179510,506,332,0,0,1
179573,496,332,0,0,1
179651,490,332,0,0,1
179713,482,332,0,0,1
179791,476,330,0,0,1
179853,472,330,0,0,1
179931,466,330,0,0,1
179994,460,328,0,0,1
180072,458,326,0,0,1
180134,456,326,0,0,1
180212,450,330,0,0,1
180275,440,338,0,0,1
180353,428,344,0,0,1
180415,416,346,0,0,1
180493,406,346,0,0,1
180555,398,346,0,0,1
180618,392,346,0,0,1
180696,390,346,0,0,1
180758,388,346,0,0,1
180836,388,346,0,0,1
180899,384,344,0,0,1
180977,382,342,0,0,1
181039,380,340,0,0,1
181117,378,338,0,0,1
181195,374,334,0,0,1
181257,370,332,0,0,1
181320,370,332,0,0,1
181398,366,330,0,0,1
181460,366,330,0,0,1
181538,366,330,0,0,1
181601,362,328,0,0,1
181679,360,324,0,0,1
181741,360,324,0,0,1
181819,358,322,0,0,1
181881,358,320,0,0,1
181959,358,320,0,0,1
182022,398,342,0,0,1
182100,496,388,0,0,1
182162,574,426,0,0,1
182240,598,444,0,0,1
182303,606,450,0,0,1
182381,610,458,0,0,1
182443,624,480,0,0,1
182521,646,498,0,0,1
182583,656,510,0,0,1
182661,660,518,0,0,1
182724,666,524,0,0,1
182802,670,532,0,0,1
182864,672,534,0,0,1
182942,676,538,0,0,1
183005,676,540,0,0,1
183083,678,540,0,0,1
183145,678,540,0,0,1
183223,678,540,0,0,1
183285,678,540,0,0,1
183363,678,540,0,0,1
