31,762,454,0,0,0
109,762,454,0,0,0
203,762,454,0,0,0
281,762,454,0,0,0
359,762,454,0,0,0
437,756,453,0,0,0
515,648,413,0,0,0
593,581,387,0,0,0
671,439,343,0,0,0
765,380,322,0,0,0
843,372,315,0,0,1
921,356,301,0,0,1
999,356,301,0,0,1
1077,356,301,0,0,1
1155,367,301,0,0,1
1248,372,301,0,0,1
1326,390,299,0,0,1
1404,404,302,0,0,1
1482,409,307,0,0,1
1560,415,318,0,0,1
1654,415,320,0,0,1
1732,418,333,0,0,1
1810,426,343,0,0,1
1888,428,344,0,0,1
1966,430,345,0,0,1
2044,430,345,0,0,1
2137,428,338,0,0,1
2215,416,327,0,0,1
2293,410,321,0,0,0
2371,390,305,0,0,0
2449,384,301,0,0,0
2527,356,278,0,0,0
2605,354,275,0,0,0
2699,354,275,0,0,0
2777,354,275,0,0,0
2855,354,275,0,0,0
2933,354,275,0,0,0
3011,354,275,0,0,0
3089,354,275,0,0,0
3167,354,275,0,0,0
3261,354,275,0,0,0
3339,354,275,0,0,0
3417,354,275,0,0,0
3495,354,275,0,0,0
3573,354,275,0,0,0
3651,354,275,0,0,0
3744,354,275,0,0,0
3822,354,275,0,0,0
3900,354,275,0,0,0
3978,354,275,0,0,0
4056,354,275,0,0,0
4134,354,275,0,0,0
4212,354,275,0,0,0
4306,354,275,0,0,0
4384,354,275,0,0,0
4462,354,275,0,0,0
4540,354,275,0,0,0
4618,354,275,0,0,0
4696,354,275,0,0,0
4789,354,275,0,0,0
4867,354,275,0,0,0
4945,354,275,0,0,0
5023,354,275,0,0,0
5101,354,275,0,0,0
5179,354,275,0,0,0
5257,354,275,0,0,0
5351,354,275,0,0,0
5429,354,275,0,0,0
5507,354,275,0,0,0
5585,354,275,0,0,0
5663,354,275,0,0,0
5741,354,275,0,0,0
5819,354,275,0,0,0
5897,354,275,0,0,0
5991,375,299,0,0,0
6069,458,355,0,0,0
6147,481,361,0,0,0
6225,517,363,0,0,0
6303,536,368,0,0,1
6381,536,368,0,0,1
6459,536,368,0,0,1
6552,536,368,0,0,1
6630,523,365,0,0,1
6708,511,362,0,0,1
6786,503,361,0,0,1
6864,500,360,0,0,1
6942,493,359,0,0,1
7020,483,361,0,0,1
7098,480,363,0,0,1
7192,455,376,0,0,1
7270,455,376,0,0,1
7348,450,377,0,0,1
7426,397,387,0,0,1
7504,396,388,0,0,1
7582,389,385,0,0,1
7660,355,364,0,0,1
7738,353,363,0,0,1
7831,367,369,0,0,1
7909,401,395,0,0,1
7987,402,403,0,0,1
8065,399,407,0,0,1
8143,388,399,0,0,0
8221,366,385,0,0,0
8299,358,373,0,0,0
8393,357,371,0,0,0
8471,357,371,0,0,0
8549,343,362,0,0,0
8627,271,307,0,0,0
8705,244,277,0,0,0
8783,243,276,0,0,0
8861,240,270,0,0,1
8955,240,270,0,0,1
9033,240,270,0,0,1
9111,240,270,0,0,1
9189,264,286,0,0,1
9267,276,298,0,0,1
9345,276,298,0,0,1
9423,277,302,0,0,1
9501,279,316,0,0,1
9594,281,324,0,0,1
9672,286,333,0,0,1
9750,286,335,0,0,1
9828,286,335,0,0,1
9906,289,341,0,0,1
9984,291,355,0,0,1
10062,291,355,0,0,1
10156,291,355,0,0,1
10234,289,353,0,0,1
10312,288,352,0,0,1
10390,295,354,0,0,1
10468,297,354,0,0,1
10546,313,348,0,0,1
10624,313,348,0,0,1
10702,315,348,0,0,0
10795,325,342,0,0,0
10873,348,322,0,0,0
10951,370,307,0,0,0
11029,428,277,0,0,0
11107,497,241,0,0,0
11185,506,234,0,0,0
11263,514,230,0,0,0
11341,522,227,0,0,0
11435,522,227,0,0,0
11513,522,227,0,0,0
11591,522,227,0,0,0
11669,522,227,0,0,0
11747,522,227,0,0,0
11825,522,227,0,0,0
11903,522,227,0,0,0
11981,522,227,0,0,0
12075,522,227,0,0,0
12153,522,227,0,0,0
12231,521,230,0,0,0
12309,518,235,0,0,0
12387,517,235,0,0,0
12465,499,238,0,0,0
12543,498,238,0,0,0
12621,498,238,0,0,0
12714,498,238,0,0,0
12792,498,238,0,0,0
12870,498,238,0,0,0
12948,498,238,0,0,0
13026,498,238,0,0,0
13104,498,238,0,0,0
13182,498,238,0,0,0
13276,493,237,0,0,0
13354,480,228,0,0,0
13432,468,219,0,0,0
13510,453,211,0,0,0
13588,445,210,0,0,0
13666,445,210,0,0,0
13744,427,212,0,0,0
13822,406,216,0,0,0
13915,385,219,0,0,0
13993,343,226,0,0,0
14071,325,228,0,0,0
14149,325,228,0,0,0
14227,325,228,0,0,0
14305,325,228,0,0,0
14383,325,228,0,0,0
14477,325,228,0,0,0
14555,335,224,0,0,0
14633,346,218,0,0,0
14711,355,213,0,0,0
14789,376,201,0,0,0
14867,376,201,0,0,0
14945,395,197,0,0,0
15023,449,201,0,0,0
15117,467,212,0,0,0
15195,502,282,0,0,0
15273,558,359,0,0,0
15351,572,380,0,0,0
15429,571,382,0,0,0
15507,569,383,0,0,1
15585,561,380,0,0,1
15678,545,374,0,0,1
15756,530,370,0,0,1
15834,517,367,0,0,1
15912,516,367,0,0,1
15990,511,367,0,0,1
16068,498,365,0,0,1
16146,493,365,0,0,1
16240,475,366,0,0,1
16318,441,363,0,0,1
16396,439,363,0,0,1
16474,439,363,0,0,1
16552,427,358,0,0,1
16630,317,313,0,0,0
16708,298,294,0,0,0
16786,291,285,0,0,0
16879,286,271,0,0,0
16957,286,271,0,0,0
17035,286,271,0,0,0
17113,286,271,0,0,0
17191,286,271,0,0,0
17269,286,271,0,0,0
17347,286,271,0,0,0
17441,286,271,0,0,0
17519,286,271,0,0,0
17597,286,271,0,0,0
17675,286,271,0,0,0
17753,286,271,0,0,0
17831,286,271,0,0,0
17909,286,271,0,0,0
17987,286,271,0,0,0
18081,286,271,0,0,0
18159,286,271,0,0,0
18237,286,271,0,0,0
18315,286,271,0,0,0
18393,286,271,0,0,0
18471,286,271,0,0,0
18549,286,271,0,0,0
18627,286,271,0,0,0
18720,285,271,0,0,0
18798,215,289,0,0,0
18876,202,293,0,0,0
18954,201,293,0,0,1
19032,212,309,0,0,1
19110,217,314,0,0,1
19188,223,321,0,0,1
19266,224,321,0,0,1
19360,225,322,0,0,1
19438,231,324,0,0,1
19516,236,324,0,0,1
19594,259,324,0,0,1
19672,262,325,0,0,1
19750,265,326,0,0,1
19828,276,346,0,0,1
19906,290,375,0,0,1
19999,306,409,0,0,1
20077,309,419,0,0,1
20155,316,423,0,0,1
20233,342,440,0,0,1
20311,342,440,0,0,1
20389,342,440,0,0,0
20467,351,437,0,0,0
20561,364,432,0,0,0
20639,372,428,0,0,0
20717,401,414,0,0,0
20795,402,414,0,0,0
20873,402,414,0,0,0
20951,402,414,0,0,0
21029,402,414,0,0,0
21123,402,414,0,0,0
21201,402,414,0,0,0
21279,402,414,0,0,0
21357,402,414,0,0,0
21435,402,414,0,0,0
21513,406,422,0,0,0
21591,409,427,0,0,0
21684,409,429,0,0,0
21762,409,434,0,0,0
21840,409,434,0,0,0
21918,409,434,0,0,0
21996,409,434,0,0,0
22074,409,434,0,0,0
22152,409,434,0,0,0
22230,409,434,0,0,0
22324,409,434,0,0,0
22402,368,393,0,0,0
22480,329,354,0,0,0
22558,308,318,0,0,0
22636,301,307,0,0,1
22714,301,307,0,0,1
22792,301,305,0,0,1
22885,301,294,0,0,1
22963,301,292,0,0,1
23041,302,292,0,0,1
23119,313,298,0,0,1
23197,320,313,0,0,1
23275,325,330,0,0,1
23353,329,353,0,0,1
23431,331,364,0,0,1
23525,333,371,0,0,1
23603,333,371,0,0,1
23681,333,371,0,0,1
23759,339,360,0,0,1
23837,342,354,0,0,1
23915,342,352,0,0,1
23993,342,351,0,0,1
24087,338,339,0,0,1
24165,338,338,0,0,1
24243,339,339,0,0,0
24321,384,340,0,0,0
24399,412,341,0,0,0
24477,436,331,0,0,0
24555,519,306,0,0,0
24648,526,304,0,0,0
24726,535,295,0,0,0
24804,540,289,0,0,0
24882,549,278,0,0,0
24960,549,278,0,0,0
25038,552,279,0,0,0
25116,563,283,0,0,0
25210,566,285,0,0,0
25288,566,285,0,0,0
25366,566,290,0,0,0
25444,565,302,0,0,0
25522,562,320,0,0,0
25600,558,336,0,0,0
25678,555,348,0,0,0
25772,556,349,0,0,0
25850,591,340,0,0,0
25928,672,324,0,0,0
26006,675,324,0,0,0
26084,675,322,0,0,1
26162,705,311,0,0,1
26255,725,300,0,0,1
26333,738,292,0,0,1
26411,738,292,0,0,1
26489,738,292,0,0,1
26567,738,292,0,0,1
26645,737,291,0,0,1
26723,737,291,0,0,1
26817,741,284,0,0,1
26895,745,278,0,0,1
26973,745,278,0,0,1
27051,745,278,0,0,1
27129,733,313,0,0,1
27207,687,366,0,0,1
27285,609,395,0,0,1
27363,537,396,0,0,1
27456,520,386,0,0,1
27534,491,363,0,0,1
27612,487,360,0,0,1
27690,487,360,0,0,1
27768,487,360,0,0,1
27846,484,359,0,0,1
27924,480,357,0,0,1
28002,475,356,0,0,1
28096,473,354,0,0,1
28174,488,332,0,0,1
28252,601,299,0,0,1
28330,657,287,0,0,1
28408,677,282,0,0,1
28502,685,279,0,0,1
28580,688,273,0,0,1
28658,694,250,0,0,1
28736,689,248,0,0,1
28814,671,246,0,0,1
28892,658,254,0,0,1
28985,649,259,0,0,1
29063,649,261,0,0,1
29141,653,276,0,0,1
29219,654,277,0,0,1
29297,663,281,0,0,1
29375,664,281,0,0,1
29453,664,281,0,0,1
29547,664,281,0,0,1
29625,664,281,0,0,1
29703,664,281,0,0,1
29781,618,280,0,0,1
29859,571,279,0,0,1
29937,571,279,0,0,1
30030,594,284,0,0,1
30108,638,289,0,0,1
30186,639,289,0,0,1
30264,639,289,0,0,1
30342,639,288,0,0,1
30420,675,264,0,0,1
30498,676,264,0,0,1
30592,676,264,0,0,1
30670,675,264,0,0,1
30748,673,263,0,0,1
30826,664,258,0,0,1
30904,626,254,0,0,1
30982,515,259,0,0,1
31060,360,283,0,0,1
31138,307,296,0,0,1
31232,302,298,0,0,1
31310,302,298,0,0,1
31388,302,298,0,0,1
31466,294,303,0,0,1
31544,291,305,0,0,1
31622,291,305,0,0,1
31700,290,306,0,0,1
31793,290,306,0,0,1
31871,290,306,0,0,1
31949,290,306,0,0,1
32027,290,307,0,0,1
32105,284,320,0,0,1
32183,273,322,0,0,1
32261,253,320,0,0,1
32339,250,320,0,0,1
32433,248,319,0,0,1
32511,246,319,0,0,1
32589,245,318,0,0,1
32667,244,317,0,0,1
32745,244,317,0,0,1
32823,244,317,0,0,1
32901,244,317,0,0,1
32979,244,317,0,0,1
33072,244,317,0,0,1
33150,240,325,0,0,1
33228,240,327,0,0,1
33306,240,327,0,0,1
33384,251,321,0,0,1
33462,272,316,0,0,1
33540,298,323,0,0,1
33634,322,340,0,0,1
33712,333,349,0,0,1
33790,334,349,0,0,1
33868,338,350,0,0,1
33946,346,352,0,0,1
34024,346,352,0,0,1
34102,361,347,0,0,1
34180,394,338,0,0,1
34274,394,338,0,0,1
34352,394,338,0,0,1
34430,387,344,0,0,0
34508,357,368,0,0,0
34586,349,376,0,0,0
34664,306,391,0,0,0
34742,263,416,0,0,1
34835,259,417,0,0,1
34913,256,425,0,0,1
34991,256,456,0,0,1
35069,262,464,0,0,1
35147,280,456,0,0,1
35225,319,424,0,0,0
35303,371,386,0,0,0
35381,422,354,0,0,0
35475,451,336,0,0,0
35553,475,325,0,0,0
35631,476,325,0,0,0
35709,476,325,0,0,0
35787,479,321,0,0,0
35865,484,315,0,0,0
35943,491,303,0,0,0
36021,491,302,0,0,0
36114,491,302,0,0,0
36192,491,302,0,0,0
36270,491,302,0,0,0
36348,491,302,0,0,0
36426,491,302,0,0,0
36504,491,302,0,0,0
36582,492,302,0,0,0
36676,492,302,0,0,0
36754,492,302,0,0,0
36832,492,302,0,0,0
36910,492,302,0,0,0
36988,492,302,0,0,0
37066,530,291,0,0,0
37144,549,285,0,0,0
37222,559,281,0,0,0
37316,586,272,0,0,0
37394,587,272,0,0,0
37472,587,272,0,0,0
37550,587,272,0,0,0
37628,587,272,0,0,0
37706,587,272,0,0,0
37784,587,272,0,0,0
37877,587,272,0,0,0
37955,587,272,0,0,0
38033,587,272,0,0,0
38111,587,272,0,0,0
38189,587,272,0,0,0
38267,587,272,0,0,0
38345,587,272,0,0,0
38423,587,272,0,0,0
38517,591,295,0,0,0
38595,598,332,0,0,0
38673,600,350,0,0,0
38751,600,353,0,0,0
38829,599,364,0,0,0
38907,598,366,0,0,0
38985,598,368,0,0,0
39078,597,373,0,0,0
39156,597,373,0,0,0
39234,597,373,0,0,0
39312,597,373,0,0,0
39390,597,373,0,0,0
39468,597,373,0,0,0
39546,597,373,0,0,0
39624,597,373,0,0,0
39718,569,339,0,0,0
39796,526,276,0,0,0
39874,517,259,0,0,0
39952,508,244,0,0,0
40030,502,236,0,0,0
40108,492,223,0,0,0
40186,484,210,0,0,0
40264,484,210,0,0,0
40358,457,212,0,0,0
40436,427,226,0,0,0
40514,419,241,0,0,0
40592,416,255,0,0,0
40670,420,269,0,0,0
40748,423,273,0,0,0
40826,428,278,0,0,0
40904,432,281,0,0,0
40997,433,281,0,0,0
41075,435,282,0,0,0
41153,436,283,0,0,0
41231,436,283,0,0,0
41309,443,280,0,0,0
41387,462,272,0,0,0
41465,462,272,0,0,0
41543,461,271,0,0,1
41637,451,265,0,0,1
41715,448,262,0,0,1
41793,448,262,0,0,1
41871,447,257,0,0,1
41949,446,256,0,0,1
42027,443,253,0,0,1
42105,437,250,0,0,1
42198,434,249,0,0,1
42276,433,248,0,0,1
42354,432,247,0,0,1
42432,432,247,0,0,1
42510,432,247,0,0,1
42588,386,237,0,0,1
42666,373,235,0,0,1
42744,373,235,0,0,1
42838,373,235,0,0,1
42916,323,245,0,0,1
42994,321,247,0,0,1
43072,321,247,0,0,1
43150,321,247,0,0,1
43228,321,247,0,0,1
43322,321,247,0,0,1
43400,321,247,0,0,1
43478,320,253,0,0,1
43556,320,260,0,0,1
43634,320,260,0,0,1
43712,320,260,0,0,1
43790,320,260,0,0,1
43868,322,261,0,0,1
43961,325,263,0,0,1
44039,331,267,0,0,1
44117,334,271,0,0,1
44195,337,275,0,0,1
44273,340,279,0,0,1
44351,342,281,0,0,1
44429,344,283,0,0,1
44523,344,285,0,0,1
44601,343,290,0,0,1
44679,343,291,0,0,1
44757,343,294,0,0,1
44835,343,296,0,0,1
44913,344,304,0,0,1
44991,347,309,0,0,1
45084,352,315,0,0,1
45162,367,322,0,0,1
45240,378,324,0,0,1
45318,382,327,0,0,1
45396,384,337,0,0,1
45474,382,344,0,0,1
45552,375,349,0,0,1
45646,336,357,0,0,1
45724,325,357,0,0,1
45802,308,362,0,0,1
45880,303,364,0,0,1
45958,303,364,0,0,1
46036,346,336,0,0,1
46114,463,293,0,0,1
46208,473,291,0,0,1
46286,470,289,0,0,1
46364,459,288,0,0,1
46442,398,304,0,0,1
46520,389,306,0,0,1
46598,383,336,0,0,1
46691,385,340,0,0,1
46769,385,340,0,0,1
46847,383,342,0,0,1
46925,376,345,0,0,1
47003,349,345,0,0,1
47081,330,342,0,0,1
47159,319,335,0,0,1
47237,310,317,0,0,1
47331,308,305,0,0,1
47409,308,305,0,0,1
47487,308,305,0,0,1
47565,308,305,0,0,1
47643,308,305,0,0,1
47721,321,311,0,0,1
47799,361,306,0,0,1
47892,373,299,0,0,1
47970,385,291,0,0,1
48048,395,281,0,0,1
48126,407,270,0,0,1
48204,406,268,0,0,1
48282,399,269,0,0,1
48376,339,307,0,0,1
48454,324,322,0,0,1
48532,303,327,0,0,1
48610,292,324,0,0,1
48688,283,317,0,0,1
48766,283,316,0,0,1
48860,283,314,0,0,1
48938,283,314,0,0,1
49016,283,314,0,0,1
49094,278,316,0,0,1
49172,266,323,0,0,1
49250,266,323,0,0,1
49328,266,323,0,0,1
49406,312,311,0,0,1
49499,344,302,0,0,1
49577,377,296,0,0,1
49655,396,293,0,0,1
49733,396,293,0,0,1
49811,437,284,0,0,1
49889,501,269,0,0,1
49967,501,269,0,0,1
50061,501,269,0,0,1
50139,464,275,0,0,1
50217,432,281,0,0,1
50295,432,281,0,0,1
50373,432,281,0,0,1
50451,420,273,0,0,0
50529,400,258,0,0,0
50622,392,254,0,0,0
50700,398,225,0,0,0
50778,437,164,0,0,0
50856,455,151,0,0,0
50934,472,146,0,0,1
51012,472,145,0,0,1
51090,470,147,0,0,1
51184,445,179,0,0,1
51262,434,195,0,0,1
51340,429,207,0,0,1
51418,428,209,0,0,1
51496,428,209,0,0,1
51574,428,209,0,0,1
51652,415,218,0,0,1
51730,412,221,0,0,1
51824,399,241,0,0,1
51902,399,248,0,0,1
51980,398,261,0,0,1
52058,397,268,0,0,1
52136,401,282,0,0,1
52214,404,296,0,0,1
52292,406,304,0,0,1
52370,409,311,0,0,1
52463,409,311,0,0,1
52541,409,311,0,0,1
52619,407,301,0,0,1
52697,408,280,0,0,1
52775,411,263,0,0,1
52853,415,241,0,0,1
52947,420,227,0,0,1
53025,426,215,0,0,0
53103,430,207,0,0,0
53181,430,201,0,0,0
53259,430,201,0,0,0
53337,431,185,0,0,0
53415,432,180,0,0,0
53493,432,180,0,0,0
53586,432,180,0,0,0
53664,396,195,0,0,0
53742,364,207,0,0,0
53820,355,208,0,0,0
53898,321,209,0,0,0
53976,320,209,0,0,0
54054,301,214,0,0,0
54148,300,215,0,0,0
54226,300,215,0,0,0
54304,300,214,0,0,1
54382,310,219,0,0,1
54460,320,224,0,0,1
54538,332,233,0,0,1
54616,339,240,0,0,1
54710,346,243,0,0,1
54788,353,250,0,0,1
54866,354,251,0,0,1
54944,363,260,0,0,1
55022,365,264,0,0,1
55100,365,264,0,0,1
55193,365,264,0,0,1
55271,361,262,0,0,1
55349,356,260,0,0,1
55427,354,261,0,0,1
55505,330,275,0,0,1
55583,321,280,0,0,1
55661,321,280,0,0,1
55755,321,280,0,0,1
55833,321,280,0,0,1
55911,322,275,0,0,1
55989,323,272,0,0,1
56067,324,271,0,0,1
56145,324,271,0,0,1
56223,324,271,0,0,0
56301,329,265,0,0,0
56395,334,260,0,0,0
56473,346,251,0,0,0
56551,367,243,0,0,0
56629,368,243,0,0,0
56707,368,243,0,0,0
56785,395,244,0,0,0
56863,423,255,0,0,0
56956,432,260,0,0,0
57034,437,265,0,0,0
57112,448,280,0,0,0
57190,453,289,0,0,0
57268,453,289,0,0,0
57346,451,294,0,0,0
57424,451,294,0,0,0
57502,455,296,0,0,0
57596,472,302,0,0,0
57674,475,302,0,0,0
57752,482,300,0,0,0
57830,506,290,0,0,0
57908,519,277,0,0,0
57986,529,255,0,0,0
58064,524,244,0,0,0
58157,510,224,0,0,0
58235,496,212,0,0,0
58313,453,189,0,0,0
58391,445,185,0,0,0
58469,405,187,0,0,0
58547,394,188,0,0,0
58625,430,203,0,0,0
58703,493,216,0,0,0
58797,512,218,0,0,0
58875,546,234,0,0,0
58953,552,255,0,0,0
59031,548,284,0,0,0
59109,540,298,0,0,0
59187,505,311,0,0,0
59265,459,313,0,0,0
59359,414,308,0,0,0
59437,395,303,0,0,0
59515,370,280,0,0,0
59593,361,272,0,0,0
59671,355,266,0,0,0
59749,358,267,0,0,0
59827,366,270,0,0,0
59905,365,280,0,0,0
59998,359,291,0,0,0
60076,346,302,0,0,0
60154,331,315,0,0,0
60232,325,329,0,0,0
60310,325,334,0,0,0
60388,335,341,0,0,0
60466,380,334,0,0,0
60560,407,301,0,0,0
60638,427,277,0,0,0
60716,441,252,0,0,0
60794,434,230,0,0,0
60872,433,229,0,0,0
60950,433,229,0,0,0
61028,432,229,0,0,0
61121,400,230,0,0,0
61199,380,231,0,0,0
61277,341,238,0,0,0
61355,319,246,0,0,0
61433,295,262,0,0,0
61511,287,275,0,0,0
61589,286,306,0,0,0
61667,291,326,0,0,0
61761,293,326,0,0,0
61839,294,326,0,0,0
61917,299,326,0,0,0
61995,310,324,0,0,0
62073,325,329,0,0,0
62151,344,341,0,0,0
62229,387,363,0,0,0
62307,402,370,0,0,0
62401,407,375,0,0,1
62479,416,393,0,0,1
62557,418,396,0,0,1
62635,429,407,0,0,1
62713,449,419,0,0,1
62791,449,419,0,0,1
62869,449,419,0,0,1
62947,442,419,0,0,1
63040,390,396,0,0,1
63118,342,372,0,0,0
63196,337,371,0,0,0
63274,313,365,0,0,0
63352,311,365,0,0,0
63430,307,365,0,0,0
63508,276,367,0,0,0
63602,256,371,0,0,0
63680,230,380,0,0,0
63758,226,383,0,0,0
63836,223,384,0,0,0
63914,213,391,0,0,0
63992,209,395,0,0,0
64070,209,396,0,0,0
64148,209,396,0,0,0
64241,216,401,0,0,0
64319,223,404,0,0,0
64397,245,408,0,0,0
64475,278,414,0,0,0
64553,332,416,0,0,0
64631,360,411,0,0,0
64709,380,406,0,0,0
64803,401,400,0,0,0
64881,429,393,0,0,0
64959,451,383,0,0,0
65037,462,374,0,0,0
65115,466,367,0,0,0
65193,469,347,0,0,0
65271,469,328,0,0,0
65349,465,317,0,0,0
65443,458,301,0,0,0
65521,451,289,0,0,0
65599,444,282,0,0,0
65677,438,280,0,0,0
65755,420,282,0,0,0
65833,413,283,0,0,0
65911,407,286,0,0,0
66004,407,287,0,0,0
66082,389,296,0,0,0
66160,370,306,0,0,0
66238,370,306,0,0,0
66316,370,306,0,0,0
66394,370,306,0,0,0
66472,370,305,0,0,0
66566,369,305,0,0,0
66644,369,305,0,0,0
66722,369,305,0,0,0
66800,369,305,0,0,0
66878,370,304,0,0,0
66956,373,297,0,0,0
67034,373,296,0,0,0
67112,375,293,0,0,0
67205,376,274,0,0,0
67283,377,273,0,0,0
67361,377,273,0,0,0
67439,377,273,0,0,0
67517,377,273,0,0,0
67595,377,273,0,0,0
67673,377,273,0,0,0
67767,377,273,0,0,0
67845,377,273,0,0,0
67923,377,273,0,0,0
68001,369,279,0,0,0
68079,368,279,0,0,0
68157,368,279,0,0,0
68235,362,290,0,0,0
68313,359,294,0,0,0
68407,359,294,0,0,0
68485,359,294,0,0,0
68563,359,294,0,0,0
68641,359,294,0,0,0
68719,359,294,0,0,0
68797,359,294,0,0,0
68875,359,294,0,0,0
68953,356,289,0,0,0
69046,355,288,0,0,0
69124,355,288,0,0,0
69202,343,296,0,0,0
69280,316,328,0,0,0
69358,299,359,0,0,0
69436,294,376,0,0,0
69514,294,376,0,0,0
69592,314,376,0,0,0
69686,350,387,0,0,0
69764,357,393,0,0,0
69842,358,394,0,0,0
69920,358,394,0,0,1
69998,358,394,0,0,1
70076,358,394,0,0,1
70154,358,394,0,0,0
70247,363,389,0,0,0
70325,375,377,0,0,0
70403,376,377,0,0,0
70481,387,383,0,0,0
70559,405,396,0,0,0
70637,417,403,0,0,0
70731,424,407,0,0,0
70809,429,409,0,0,0
70887,429,409,0,0,0
70965,429,406,0,0,0
71043,445,383,0,0,0
71121,454,369,0,0,0
71199,449,359,0,0,0
71293,428,346,0,0,0
71371,422,343,0,0,1
71449,409,335,0,0,1
71527,392,317,0,0,1
71605,390,312,0,0,1
71683,390,312,0,0,1
71761,390,312,0,0,1
71839,386,304,0,0,1
71932,384,295,0,0,1
72010,381,286,0,0,1
72088,379,282,0,0,1
72166,379,282,0,0,1
72244,381,269,0,0,1
72322,382,268,0,0,1
72400,386,263,0,0,1
72494,395,254,0,0,1
72572,395,254,0,0,1
72650,395,254,0,0,1
72728,404,258,0,0,1
72806,415,264,0,0,1
72884,417,268,0,0,1
72962,417,271,0,0,1
73055,417,271,0,0,1
73133,408,276,0,0,1
73211,402,278,0,0,1
73289,393,284,0,0,1
73367,390,288,0,0,1
73445,387,291,0,0,1
73523,375,300,0,0,1
73601,363,311,0,0,1
73695,363,311,0,0,1
73773,363,313,0,0,1
73851,363,323,0,0,1
73929,363,323,0,0,1
74007,352,326,0,0,1
74085,333,325,0,0,1
74163,326,321,0,0,1
74241,325,321,0,0,1
74335,325,320,0,0,1
74413,325,320,0,0,1
74491,325,320,0,0,1
74569,337,312,0,0,1
74647,352,303,0,0,1
74725,360,300,0,0,1
74818,368,296,0,0,1
74896,371,296,0,0,1
74974,378,295,0,0,1
75052,385,295,0,0,0
75130,393,294,0,0,0
75208,400,294,0,0,0
75286,400,294,0,0,0
75364,310,315,0,0,0
75458,239,324,0,0,0
75536,236,322,0,0,0
75614,231,317,0,0,1
75692,231,317,0,0,1
75770,231,317,0,0,1
75848,244,317,0,0,1
75926,254,319,0,0,1
76019,256,319,0,0,1
76097,258,320,0,0,1
76175,258,320,0,0,1
76253,266,320,0,0,1
76331,267,320,0,0,1
76409,267,320,0,0,1
76503,267,320,0,0,1
76581,267,320,0,0,1
76659,267,320,0,0,1
76737,267,320,0,0,1
76815,255,321,0,0,1
76893,245,319,0,0,1
76971,237,316,0,0,1
77065,236,316,0,0,1
77143,236,316,0,0,1
77221,252,311,0,0,1
77299,256,311,0,0,1
77377,257,311,0,0,1
77455,257,311,0,0,1
77533,257,311,0,0,1
77611,249,322,0,0,1
77704,241,326,0,0,1
77782,240,326,0,0,1
77860,240,326,0,0,1
77938,237,328,0,0,1
78016,234,342,0,0,1
78094,252,348,0,0,1
78172,311,346,0,0,1
78250,322,343,0,0,1
78344,333,338,0,0,1
78422,339,330,0,0,1
78500,344,314,0,0,1
78578,345,306,0,0,1
78656,349,297,0,0,1
78734,349,296,0,0,1
78812,348,288,0,0,1
78905,349,276,0,0,1
78983,355,259,0,0,1
79061,359,249,0,0,1
79139,366,242,0,0,1
79217,376,234,0,0,1
79295,387,230,0,0,1
79373,404,223,0,0,1
79451,435,207,0,0,1
79545,441,203,0,0,1
79623,443,204,0,0,1
79701,442,229,0,0,1
79779,438,246,0,0,1
79857,437,247,0,0,1
79935,423,260,0,0,0
80029,422,262,0,0,0
80107,422,263,0,0,0
80185,413,276,0,0,0
80263,414,285,0,0,0
80341,421,292,0,0,0
80419,432,302,0,0,0
80497,452,316,0,0,0
80575,457,319,0,0,0
80668,481,327,0,0,0
80746,481,327,0,0,0
80824,481,327,0,0,0
80902,496,323,0,0,0
80980,522,315,0,0,0
81058,533,302,0,0,0
81136,535,299,0,0,0
81230,538,286,0,0,0
81308,537,280,0,0,0
81386,537,279,0,0,0
81464,537,279,0,0,0
81542,537,279,0,0,0
81620,537,279,0,0,0
81698,537,279,0,0,0
81776,537,279,0,0,0
81869,532,276,0,0,0
81947,522,270,0,0,0
82025,513,265,0,0,0
82103,512,265,0,0,0
82181,504,262,0,0,0
82259,484,251,0,0,0
82337,457,237,0,0,0
82415,442,229,0,0,0
82509,441,228,0,0,0
82587,402,220,0,0,0
82665,401,220,0,0,0
82743,370,229,0,0,0
82821,325,241,0,0,0
82899,310,246,0,0,0
82977,266,260,0,0,0
83071,250,266,0,0,0
83149,227,277,0,0,0
83227,210,287,0,0,0
83305,189,300,0,0,0
83383,173,309,0,0,0
83461,168,313,0,0,0
83539,161,320,0,0,0
83617,153,329,0,0,0
83710,144,343,0,0,0
83788,142,347,0,0,0
83866,140,349,0,0,0
83944,140,349,0,0,0
84022,140,349,0,0,0
84100,140,349,0,0,0
84178,140,349,0,0,0
84272,140,349,0,0,0
84350,140,349,0,0,0
84428,140,349,0,0,0
84506,140,349,0,0,0
84584,140,349,0,0,0
84662,140,349,0,0,0
84740,140,349,0,0,0
84818,139,346,0,0,0
84911,139,342,0,0,0
84989,139,339,0,0,0
85067,139,338,0,0,0
85145,139,338,0,0,0
85223,139,338,0,0,0
85301,139,337,0,0,0
85379,139,337,0,0,0
85473,146,332,0,0,0
85551,157,325,0,0,0
85629,160,323,0,0,0
85707,185,307,0,0,0
85785,186,307,0,0,0
85863,190,303,0,0,0
85941,195,297,0,0,0
86019,195,297,0,0,0
86113,198,291,0,0,0
86191,198,291,0,0,0
86269,202,278,0,0,0
86347,202,271,0,0,0
86425,203,268,0,0,0
86503,206,259,0,0,0
86581,206,258,0,0,0
86659,206,258,0,0,0
86752,206,258,0,0,0
86830,206,258,0,0,0
86908,206,254,0,0,0
86986,206,254,0,0,0
87064,206,254,0,0,0
87142,206,254,0,0,0
87220,206,254,0,0,0
87314,206,254,0,0,0
87392,220,262,0,0,0
87470,236,277,0,0,1
87548,240,282,0,0,1
87626,240,283,0,0,1
87704,240,282,0,0,1
87782,235,261,0,0,1
87876,232,257,0,0,1
87954,227,254,0,0,1
88032,227,254,0,0,1
88110,226,254,0,0,1
88188,226,254,0,0,1
88266,226,254,0,0,1
88344,229,255,0,0,1
88437,233,256,0,0,1
88515,243,258,0,0,1
88593,273,259,0,0,1
88671,328,263,0,0,1
88749,405,271,0,0,1
88827,424,272,0,0,1
88905,435,274,0,0,1
88983,449,277,0,0,1
89077,453,278,0,0,1
89155,455,279,0,0,1
89233,455,280,0,0,1
89311,459,281,0,0,1
89389,459,282,1,0,1
89467,459,282,1,0,1
89545,458,286,1,0,1
89623,458,287,1,0,1
89716,457,290,1,0,1
89794,457,290,1,0,1
89872,457,290,1,0,1
89950,454,297,1,0,1
90028,451,300,1,0,1
90122,434,309,1,0,1
90200,414,313,0,0,1
90278,381,305,0,0,1
90356,367,299,0,0,1
90434,354,289,0,0,1
90512,354,289,0,0,1
90590,370,275,0,0,1
90668,372,273,0,0,1
90762,374,271,1,0,1
90840,375,270,1,0,1
90918,375,270,1,0,1
90996,376,258,1,0,1
91074,376,252,1,0,1
91152,375,251,1,0,1
91245,375,251,0,0,1
91323,374,251,0,0,1
91401,375,251,0,0,1
91479,398,235,0,0,1
91557,400,233,0,0,1
91635,400,233,1,0,1
91729,402,226,1,0,1
91807,402,223,1,0,1
91885,404,220,1,0,1
91963,407,215,1,0,1
92041,409,213,0,0,1
92119,423,203,0,0,1
92212,435,198,0,0,1
92290,452,195,0,0,1
92368,460,193,1,0,1
92446,473,191,1,0,1
92524,482,190,1,0,1
92602,485,190,0,0,1
92680,487,190,0,0,1
92758,488,190,0,0,1
92852,516,193,1,0,1
92930,517,193,1,0,1
93008,529,197,1,0,1
93086,543,201,0,0,1
93164,581,213,0,0,1
93242,592,215,0,0,1
93336,593,215,0,0,1
93414,597,218,0,0,1
93492,598,218,0,0,1
93570,599,219,0,0,1
93648,601,220,0,0,1
93726,602,221,0,0,1
93804,613,226,0,0,1
93897,618,228,0,0,1
93975,627,240,0,0,1
94053,626,264,0,0,1
94131,623,269,0,0,1
94209,606,276,0,0,1
94287,597,280,0,0,1
94365,588,275,0,0,1
94459,587,263,0,0,1
94537,594,248,0,0,1
94615,597,244,0,0,1
94693,598,245,0,0,1
94771,600,245,1,0,1
94849,600,245,1,0,1
94927,601,255,1,0,1
95020,598,274,1,0,1
95098,596,282,1,0,1
95176,593,296,0,0,1
95254,585,308,0,0,1
95332,575,323,0,0,1
95410,561,349,0,0,1
95504,556,357,0,0,1
95582,549,371,1,0,1
95660,534,394,1,0,1
95738,499,417,1,0,1
95816,433,437,1,0,1
95910,390,457,1,0,1
95988,389,458,1,0,1
96066,383,463,0,0,1
96144,380,470,0,0,1
96222,380,470,0,0,1
96300,380,470,0,0,1
96378,373,469,0,0,1
96456,339,455,1,0,1
96549,323,451,1,0,1
96627,323,451,1,0,1
96705,323,451,1,0,1
96783,323,451,0,0,1
96861,316,469,1,0,1
96939,315,471,1,0,1
97017,315,471,1,0,1
97111,319,468,0,0,1
97189,332,456,0,0,1
97267,333,454,0,0,1
97345,333,454,0,0,1
97423,333,454,1,0,1
97501,333,454,1,0,1
97579,362,433,1,0,1
97672,387,420,1,0,1
97750,389,419,1,0,1
97828,389,419,1,0,1
97906,389,419,0,0,1
97984,389,419,0,0,1
98062,389,419,0,0,1
98140,384,432,0,0,1
98218,373,445,1,0,1
98312,373,445,1,0,1
98390,365,453,1,0,1
98468,365,453,0,0,1
98546,365,453,0,0,1
98624,367,454,0,0,1
98702,369,455,1,0,1
98796,386,462,1,0,1
98874,466,469,1,0,1
98952,491,470,1,0,1
99030,491,470,0,0,1
99108,491,470,0,0,1
99186,511,477,0,0,1
99264,546,490,0,0,1
99357,548,491,0,0,1
99435,548,491,0,0,1
99513,557,493,0,0,1
99591,557,493,0,0,1
99669,567,497,0,0,1
99747,593,506,0,0,1
99825,616,514,0,0,1
99919,665,524,0,0,1
99997,665,524,0,0,1
100075,665,524,0,0,1
100153,665,524,0,0,1
100231,660,507,0,0,1
100309,649,482,0,0,1
100387,632,435,0,0,1
100465,623,405,0,0,1
100558,620,378,0,0,1
100636,615,347,0,0,1
100714,598,309,0,0,0
100792,574,278,0,0,0
100870,560,258,0,0,0
100948,558,252,0,0,0
101026,559,251,0,0,0
101120,559,251,0,0,0
101198,559,251,0,0,0
101276,559,251,0,0,0
101354,559,251,0,0,0
101432,559,251,0,0,0
101510,559,251,0,0,0
101588,559,251,0,0,0
101682,559,251,0,0,0
101760,559,251,0,0,0
101838,559,251,0,0,0
101916,559,251,0,0,0
101994,559,251,0,0,0
102072,559,251,0,0,0
102150,559,251,0,0,0
102228,559,251,0,0,0
102321,559,251,0,0,0
102399,559,251,0,0,0
102477,559,251,0,0,0
102555,559,251,0,0,0
102633,559,251,0,0,0
102711,559,251,0,0,0
102789,559,251,0,0,0
102867,559,251,0,0,0
102961,559,251,0,0,0
103039,559,251,0,0,0
103117,559,251,0,0,0
103195,559,251,0,0,0
103273,559,251,0,0,0
103351,559,251,0,0,0
103429,559,251,0,0,0
103507,559,251,0,0,0
103600,559,251,0,0,0
103678,559,251,0,0,0
103756,559,251,0,0,0
103834,559,251,0,0,0
103912,559,251,0,0,0
103990,559,251,0,0,0
104068,559,251,0,0,0
104162,559,251,0,0,0
104240,559,251,0,0,0
104318,559,251,0,0,0
104396,559,251,0,0,0
104474,559,251,0,0,0
104552,559,251,0,0,0
104630,559,251,0,0,0
104708,559,251,0,0,0
104802,559,251,0,0,0
104880,559,251,0,0,0
104958,532,249,0,0,0
105036,482,245,0,0,0
105114,476,243,0,0,0
105192,475,242,0,0,0
105270,468,241,0,0,0
105348,468,241,0,0,0
105441,468,241,0,0,0
105519,468,241,0,0,0
105597,468,241,0,0,0
105675,468,241,0,0,0
105753,442,240,0,0,0
105831,415,238,0,0,0
105909,415,238,0,0,0
105987,415,238,0,0,0
106081,415,238,0,0,0
106159,415,238,0,0,0
106237,412,237,0,0,1
106315,383,279,0,0,1
106393,352,314,0,0,1
106471,332,348,0,0,1
106549,324,374,0,0,1
106642,318,403,0,0,1
106720,314,430,0,0,1
106798,322,449,0,0,1
106876,336,456,0,0,1
106954,345,461,0,0,1
107032,387,459,0,0,1
107110,388,459,1,0,1
107204,387,464,1,0,1
107282,344,479,1,0,1
107360,297,473,1,0,1
107438,258,447,1,0,1
107516,241,430,0,0,1
107594,232,418,0,0,1
107672,231,418,0,0,1
107750,229,416,0,0,1
107844,221,403,0,0,1
107922,214,384,0,0,1
108000,212,371,0,0,1
108078,211,369,0,0,1
108156,211,369,1,0,1
108234,214,355,1,0,1
108327,217,346,1,0,1
108405,225,319,1,0,1
108483,255,251,1,0,1
108561,285,175,1,0,1
108639,302,126,1,0,1
108717,303,122,0,0,1
108795,309,117,0,0,1
108889,328,110,0,0,1
108967,349,107,0,0,1
109045,358,105,0,0,1
109123,359,105,0,0,1
109201,382,101,0,0,1
109279,398,104,1,0,1
109372,405,115,0,0,1
109450,405,116,0,0,1
109528,405,117,0,0,1
109606,385,135,0,0,1
109684,381,139,0,0,1
109762,379,145,0,0,1
109840,376,160,0,0,1
109934,374,170,0,0,1
110012,374,170,1,0,1
110090,371,174,1,0,1
110168,364,184,1,0,1
110246,361,188,1,0,1
110324,357,196,0,0,1
110402,355,198,0,0,1
110496,349,212,0,0,1
110574,341,232,0,0,1
110652,339,237,0,0,1
110730,335,248,0,0,1
110808,330,265,0,0,1
110886,328,277,0,0,1
110964,324,293,1,0,1
111057,323,294,1,0,1
111135,323,298,1,0,1
111213,322,312,1,0,1
111291,322,315,1,0,1
111369,322,330,0,0,1
111447,322,336,0,0,1
111525,324,338,0,0,1
111619,327,346,0,0,1
111697,328,348,1,0,1
111775,329,348,1,0,1
111853,331,352,1,0,1
111931,334,385,1,0,1
112009,337,402,1,0,1
112102,337,408,0,0,1
112180,338,410,0,0,1
112258,339,423,1,0,1
112336,340,427,1,0,1
112414,340,427,1,0,1
112492,340,429,1,0,1
112570,339,453,0,0,1
112664,337,473,0,0,1
112742,337,479,0,0,1
112820,337,481,1,0,1
112898,337,481,1,0,1
112976,337,481,1,0,1
113054,337,481,1,0,1
113132,337,481,1,0,1
113226,337,481,1,0,1
113304,337,473,1,0,1
113382,341,442,1,0,1
113460,348,393,1,0,1
113538,356,352,1,0,1
113616,364,315,1,0,1
113694,377,268,1,0,1
113772,389,226,1,0,1
113865,404,179,1,0,1
113943,416,147,1,0,1
114021,429,116,1,0,1
114099,443,87,1,0,1
114177,449,76,1,0,1
114255,453,67,1,0,1
114333,454,67,1,0,0
114411,457,51,1,0,0
114505,457,48,1,0,0
114583,457,48,1,0,0
114661,457,48,1,0,0
114739,457,48,1,0,0
114817,454,55,1,0,0
114895,446,72,1,0,0
114973,423,101,1,0,0
115066,406,120,1,0,0
115144,375,140,1,0,0
115222,363,147,1,0,0
115300,363,147,1,0,0
115378,363,147,1,0,0
115456,363,147,1,0,0
115534,363,147,1,0,0
115612,363,147,1,0,0
115706,363,147,1,0,0
115784,363,147,1,0,0
115862,363,147,1,0,0
115940,363,147,1,0,0
116018,363,147,1,0,0
116096,363,147,1,0,0
116190,363,147,1,0,0
116268,363,147,1,0,0
116346,363,147,1,0,0
116424,363,147,1,0,0
116502,363,147,1,0,0
116580,375,151,1,0,0
116658,400,158,1,0,0
116736,426,167,1,0,0
116829,451,181,1,0,0
116907,467,192,1,0,0
116985,474,203,1,0,0
117063,482,219,1,0,0
117141,492,241,1,0,0
117219,507,274,1,0,0
117297,516,300,1,0,0
117391,517,308,1,0,0
117469,514,323,1,0,0
117547,505,341,1,0,0
117625,484,373,1,0,0
117703,461,403,1,0,0
117781,434,429,1,0,0
117874,398,445,1,0,0
117952,358,446,1,0,0
118030,325,436,1,0,0
118108,298,416,1,0,0
118186,275,379,1,0,0
118265,257,341,1,0,0
118343,233,288,1,0,0
118436,221,231,1,0,0
118514,235,168,1,0,0
118592,286,113,1,0,0
118670,343,96,1,0,0
118748,404,101,1,0,0
118826,441,108,1,0,0
118904,484,119,1,0,0
118998,516,126,1,0,0
119076,550,143,1,0,0
119154,571,156,1,0,0
119232,595,179,1,0,0
119310,608,199,1,0,0
119388,616,220,1,0,0
119466,616,247,1,0,0
119544,612,277,1,0,0
119637,608,305,1,0,0
119715,611,336,1,0,0
119793,614,342,1,0,1
119871,614,342,1,0,1
119949,604,345,1,0,1
120027,584,342,1,0,1
120105,572,339,1,0,1
120199,559,339,1,0,1
120277,522,344,1,0,1
120355,522,344,1,0,1
120433,522,344,1,0,1
120511,500,364,1,0,1
120589,482,385,1,0,1
120683,482,386,1,0,1
120761,482,386,1,0,1
120839,480,386,1,0,1
120917,477,385,1,0,1
120995,460,381,1,0,1
121073,449,382,1,0,1
121166,443,381,1,0,1
121244,439,380,1,0,1
121322,437,379,1,0,1
121400,436,376,1,0,1
121478,430,349,1,0,1
121556,433,310,1,0,1
121650,437,289,1,0,1
121728,437,288,1,0,1
121806,426,288,1,0,1
121884,342,300,1,0,1
121962,341,300,1,0,1
122040,345,303,1,0,1
122118,354,310,1,0,0
122196,367,306,1,0,0
122289,426,276,1,0,0
122367,444,266,1,0,0
122445,462,256,1,0,0
122523,483,244,1,0,0
122601,508,228,1,0,0
122679,530,213,1,0,0
122757,533,210,1,0,0
122835,542,204,1,0,0
122929,542,204,1,0,0
123007,542,204,1,0,0
123085,542,204,1,0,0
123163,542,204,1,0,0
123241,542,204,1,0,0
123319,542,204,1,0,0
123397,542,204,1,0,0
123475,542,204,1,0,0
123569,542,204,1,0,0
123647,542,204,1,0,0
123725,542,204,1,0,0
123803,542,204,1,0,0
123881,542,204,1,0,0
123959,542,204,1,0,0
124037,542,204,1,0,0
124130,542,204,1,0,0
124208,542,204,1,0,0
124286,545,204,1,0,0
124364,549,205,1,0,0
124442,549,205,1,0,0
124520,550,205,1,0,0
124598,551,206,1,0,0
124676,551,206,1,0,0
124770,551,206,1,0,0
124848,551,206,1,0,0
124926,551,206,1,0,0
125004,551,206,1,0,0
125082,551,206,1,0,0
125160,551,206,1,0,0
125238,551,206,1,0,0
125316,551,206,1,0,0
125409,551,206,1,0,0
125487,551,206,1,0,0
125565,551,206,1,0,0
125643,551,206,1,0,0
125721,551,206,1,0,0
125799,551,206,1,0,0
125877,551,206,1,0,0
125971,551,206,1,0,0
126049,551,206,1,0,0
126127,551,206,1,0,0
126205,551,206,1,0,0
126283,551,206,1,0,0
126361,551,206,1,0,0
126439,551,206,1,0,0
126517,551,206,1,0,0
126611,551,206,1,0,0
126689,551,206,1,0,0
126767,551,206,1,0,0
126845,551,206,1,0,0
126923,551,206,1,0,0
127001,551,206,1,0,0
127079,551,206,1,0,0
127172,551,206,1,0,0
127250,551,206,1,0,0
127328,551,206,1,0,0
127406,551,206,1,0,0
127484,551,206,1,0,0
127562,551,206,1,0,0
127640,551,206,1,0,0
127718,551,206,1,0,0
127812,551,206,1,0,0
127890,551,206,1,0,0
127968,551,206,1,0,0
128046,551,206,1,0,0
128124,551,206,1,0,0
128202,551,206,1,0,0
128280,551,206,1,0,0
128358,551,206,1,0,0
128451,551,206,1,0,0
128529,551,206,1,0,0
128607,551,206,1,0,0
128685,551,206,1,0,0
128763,551,206,1,0,0
128841,536,212,1,0,0
128919,509,222,1,0,0
129013,488,231,1,0,0
129091,473,237,1,0,0
129169,469,241,1,0,0
129247,493,271,1,0,0
129325,507,281,1,0,0
129403,524,297,1,0,1
129481,529,309,1,0,1
129575,532,323,1,0,1
129653,533,328,1,0,1
129731,533,328,1,0,1
129809,532,329,1,0,1
129887,517,336,1,0,1
129965,509,340,1,0,1
130043,489,355,1,0,1
130121,483,361,1,0,1
130214,475,370,1,0,1
130292,472,374,1,0,1
130370,471,374,1,0,1
130448,461,370,1,0,1
130526,456,367,1,0,1
130604,444,359,1,0,1
130682,436,355,1,0,1
130776,426,349,1,0,1
130854,425,348,1,0,1
130932,425,348,1,0,1
131010,425,348,1,0,1
131088,425,348,1,0,1
131166,424,347,1,0,1
131244,407,329,1,0,1
131337,405,325,1,0,1
131415,405,324,1,0,1
131493,405,324,1,0,1
131571,405,324,1,0,1
131649,405,324,1,0,1
131727,405,325,1,0,1
131805,410,328,1,0,1
131899,413,330,1,0,1
131977,415,330,1,0,1
132055,415,330,1,0,1
132133,415,330,1,0,1
132211,405,340,1,0,1
132289,400,343,1,0,1
132367,398,343,1,0,1
132461,397,331,1,0,1
132539,398,323,1,0,1
132617,398,323,1,0,1
132695,398,323,1,0,1
132773,395,324,1,0,1
132851,384,330,1,0,1
132929,384,322,1,0,1
133022,398,289,1,0,1
133100,406,281,1,0,1
133178,409,275,1,0,1
133256,414,263,1,0,1
133334,414,256,1,0,1
133412,414,253,1,0,1
133490,414,253,1,0,1
133584,416,253,1,0,1
133662,428,249,1,0,1
133740,438,243,1,0,1
133818,439,243,1,0,1
133896,447,250,1,0,1
133974,450,252,1,0,1
134052,449,252,1,0,1
134145,443,249,1,0,1
134223,443,249,1,0,1
134301,447,251,1,0,1
134379,461,233,1,0,1
134457,460,211,1,0,1
134535,456,208,1,0,1
134613,456,208,1,0,1
134707,456,208,1,0,1
134785,457,207,1,0,1
134863,458,227,1,0,1
134941,469,235,1,0,1
135019,479,225,1,0,1
135097,478,225,1,0,1
135175,481,241,1,0,1
135269,485,242,1,0,1
135347,466,255,1,0,1
135425,448,289,1,0,1
135503,459,290,1,0,1
135581,461,288,1,0,1
135659,461,288,1,0,1
135737,461,286,1,0,1
135815,483,252,1,0,1
135908,472,261,1,0,1
135986,442,282,1,0,1
136064,442,290,1,0,1
136142,461,278,1,0,1
136220,461,272,1,0,1
136298,457,270,1,0,1
136376,471,285,1,0,1
136470,500,266,1,0,1
136548,495,254,1,0,1
136626,483,296,1,0,1
136704,507,289,1,0,1
136782,510,274,1,0,1
136860,502,290,1,0,1
136938,510,302,1,0,1
137016,505,298,1,0,1
137109,493,308,1,0,1
137187,487,320,1,0,1
137265,484,312,1,0,1
137343,477,307,1,0,1
137421,475,323,1,0,1
137499,478,315,1,0,1
137577,464,295,1,0,1
137655,445,316,1,0,1
137749,463,327,1,0,1
137827,457,301,1,0,1
137905,396,322,1,0,1
137983,391,326,1,0,1
138061,331,324,1,0,1
138139,320,346,1,0,1
138217,323,335,1,0,1
138295,318,332,1,0,1
138389,324,337,1,0,1
138467,321,331,1,0,1
138545,329,344,1,0,1
138623,333,321,1,0,1
138701,328,315,1,0,1
138779,330,323,1,0,1
138857,324,303,1,0,1
138935,288,327,1,0,1
139028,287,330,1,0,1
139106,285,316,1,0,1
139184,290,330,1,0,1
139262,314,319,1,0,1
139340,309,333,1,0,1
139418,320,345,1,0,1
139496,328,336,1,0,1
139590,327,334,1,0,1
139668,327,308,1,0,1
139746,332,321,1,0,1
139824,352,299,1,0,1
139902,349,287,1,0,1
139980,355,302,1,0,1
140058,346,285,1,0,1
140136,337,291,1,0,1
140229,336,292,1,0,1
140307,332,291,1,0,1
140385,342,307,1,0,1
140463,355,293,1,0,1
140557,357,308,1,0,1
140635,403,289,1,0,1
140713,427,273,1,0,1
140791,431,272,1,0,1
140869,431,272,1,0,1
140947,423,283,1,0,1
141025,423,283,1,0,0
141119,423,283,1,0,0
141197,423,283,1,0,0
141290,423,283,1,0,0
141368,423,283,1,0,0
141446,423,283,1,0,0
141524,423,283,1,0,0
141602,423,283,1,0,0
141680,423,283,1,0,0
141758,423,283,1,0,0
141852,423,283,1,0,0
141930,423,283,1,0,0
142008,423,283,1,0,0
142086,423,283,1,0,0
142164,423,283,1,0,0
142242,423,283,1,0,0
142320,423,283,1,0,0
142398,383,276,1,0,0
142491,319,266,1,0,0
142569,319,265,1,0,0
142647,319,265,1,0,0
142725,319,265,1,0,0
142803,319,265,1,0,0
142881,319,265,1,0,0
142959,319,265,1,0,0
143053,319,265,1,0,0
143131,340,268,1,0,0
143209,347,266,1,0,0
143287,346,265,1,0,0
143365,333,254,1,0,1
143443,332,253,1,0,1
143521,336,247,1,0,1
143615,340,246,1,0,1
143693,349,250,1,0,1
143771,349,251,1,0,1
143849,353,266,1,0,1
143927,353,266,1,0,1
144005,359,271,1,0,1
144083,361,271,1,0,1
144161,362,276,1,0,1
144254,364,277,1,0,1
144332,365,277,1,0,1
144410,372,278,1,0,1
144488,385,285,1,0,1
144566,400,295,1,0,1
144644,400,295,1,0,1
144722,400,295,1,0,1
144800,399,296,1,0,1
144894,401,313,1,0,1
144972,403,313,1,0,1
145050,403,314,1,0,1
145128,404,317,1,0,1
145206,406,317,1,0,1
145284,410,321,1,0,1
145377,417,328,1,0,1
145455,425,336,1,0,1
145533,434,343,1,0,1
145611,448,353,1,0,1
145689,456,358,1,0,1
145767,458,359,1,0,1
145845,485,360,1,0,1
145923,516,361,1,0,1
146017,518,360,1,0,1
146095,512,336,1,0,1
146173,510,331,1,0,1
146251,501,329,1,0,1
146329,481,340,1,0,1
146407,466,370,1,0,1
146485,480,378,1,0,1
146579,497,352,1,0,1
146657,489,336,1,0,1
146735,470,323,1,0,1
146813,460,319,1,0,1
146891,458,318,1,0,1
146969,472,309,1,0,1
147047,463,279,1,0,1
147140,412,278,1,0,1
147218,388,286,1,0,1
147296,406,300,1,0,1
147374,417,299,1,0,1
147452,436,292,1,0,1
147530,427,283,1,0,1
147608,417,277,1,0,1
147702,419,286,1,0,1
147780,437,294,1,0,1
147858,450,285,1,0,1
147936,425,278,1,0,1
148014,411,277,1,0,1
148107,410,292,1,0,1
148185,422,299,1,0,1
148263,437,294,1,0,1
148341,428,291,1,0,1
148419,416,291,1,0,1
148497,421,301,1,0,1
148575,436,299,1,0,1
148669,436,293,1,0,1
148747,423,289,1,0,1
148825,410,310,1,0,1
148903,422,311,1,0,1
148981,394,279,1,0,1
149059,339,296,1,0,1
149153,333,316,1,0,1
149231,336,315,1,0,1
149309,330,312,1,0,1
149387,343,331,1,0,1
149465,350,323,1,0,1
149543,340,313,1,0,1
149621,342,323,1,0,1
149699,348,320,1,0,1
149792,348,307,1,0,1
149870,355,310,1,0,1
149948,384,310,1,0,1
150026,387,309,1,0,1
150104,378,307,1,0,1
150182,336,304,1,0,1
150260,305,306,1,0,1
150338,305,306,1,0,1
150432,314,320,1,0,1
150510,329,331,1,0,1
150588,327,323,1,0,1
150666,324,288,1,0,1
150744,322,276,1,0,1
150822,321,269,1,0,1
150900,321,284,1,0,1
150994,313,324,1,0,1
151072,315,327,1,0,1
151150,316,328,1,0,1
151228,320,329,1,0,1
151306,388,299,1,0,1
151384,401,294,1,0,1
151462,409,293,1,0,1
151555,470,280,1,0,1
151633,503,273,1,0,1
151711,510,281,1,0,1
151789,518,306,1,0,1
151867,521,310,1,0,1
151945,519,322,1,0,1
152023,518,348,1,0,1
152101,525,352,1,0,1
152195,526,353,1,0,1
152273,519,371,1,0,1
152351,481,393,1,0,1
152429,469,367,1,0,1
152507,465,344,1,0,1
152585,465,344,1,0,1
152663,465,344,1,0,1
152741,459,342,1,0,1
152834,423,350,1,0,1
152912,393,354,1,0,1
152990,408,367,1,0,1
153068,418,384,1,0,1
153146,413,380,1,0,1
153224,392,372,1,0,1
153302,385,368,1,0,1
153396,344,332,1,0,1
153474,336,321,1,0,1
153552,333,312,1,0,1
153630,328,296,1,0,1
153708,319,278,1,0,1
153786,316,276,1,0,1
153864,315,270,1,0,0
153942,317,263,1,0,0
154036,326,260,1,0,0
154114,348,260,1,0,0
154192,415,268,1,0,0
154270,448,281,1,0,0
154348,473,291,1,0,0
154426,482,301,1,0,0
154504,536,339,1,0,0
154582,593,352,1,0,0
154675,593,351,1,0,1
154753,581,346,1,0,1
154831,564,336,1,0,1
154909,561,335,1,0,1
154987,560,335,1,0,1
155065,489,357,1,0,1
155143,486,359,1,0,1
155221,495,384,1,0,1
155315,497,394,1,0,1
155393,493,394,1,0,1
155471,478,395,1,0,1
155549,470,388,1,0,1
155627,469,387,1,0,1
155705,469,387,1,0,1
155783,469,387,1,0,1
155861,466,382,1,0,1
155954,451,364,1,0,1
156032,429,327,1,0,1
156110,421,304,1,0,1
156188,421,304,1,0,1
156266,418,297,1,0,1
156344,417,296,1,0,1
156422,410,282,1,0,0
156516,405,275,1,0,0
156594,313,280,1,0,0
156672,272,291,1,0,0
156750,272,291,1,0,0
156828,269,285,1,0,0
156906,268,280,1,0,0
156984,266,293,1,0,1
157078,266,293,1,0,1
157156,266,293,1,0,1
157234,303,288,1,0,1
157312,311,291,1,0,1
157390,329,311,1,0,1
157468,337,321,1,0,1
157546,340,324,1,0,1
157639,340,324,1,0,1
157717,375,309,1,0,1
157795,388,304,1,0,1
157873,413,326,1,0,1
157951,422,362,1,0,1
158029,422,365,1,0,1
158107,424,347,1,0,1
158185,417,327,1,0,1
158279,409,325,1,0,1
158357,271,336,1,0,1
158435,254,337,1,0,1
158513,253,337,1,0,1
158591,253,337,1,0,0
158669,253,337,1,0,0
158747,259,332,1,0,0
158840,261,332,1,0,0
158918,192,346,1,0,0
158996,190,341,1,0,0
159074,188,339,1,0,0
159152,188,339,1,0,0
159246,189,340,1,0,0
159324,205,353,1,0,0
159402,240,380,1,0,0
159480,268,405,1,0,0
159558,275,414,1,0,0
159636,278,421,1,0,0
159714,278,421,1,0,0
159808,278,421,1,0,0
159886,280,424,1,0,0
159964,290,444,1,0,0
160042,322,462,1,0,0
160120,417,472,1,0,0
160198,426,473,1,0,0
160276,439,478,1,0,0
160369,474,481,1,0,0
160447,488,461,1,0,0
160525,488,453,1,0,1
160603,487,451,1,0,1
160681,480,439,1,0,1
160759,466,423,1,0,1
160837,455,412,1,0,1
160915,453,404,1,0,1
161009,454,401,1,0,1
161087,454,401,1,0,1
161165,454,401,1,0,1
161243,454,400,1,0,1
161321,437,372,1,0,1
161399,429,361,1,0,1
161477,426,359,1,0,1
161555,403,348,1,0,1
161648,386,340,1,0,1
161726,385,340,1,0,1
161804,373,328,1,0,1
161882,343,310,1,0,1
161960,246,321,1,0,1
162038,184,355,1,0,1
162116,167,375,1,0,1
162210,165,378,1,0,1
162288,170,376,1,0,1
162366,212,365,1,0,1
162444,213,365,1,0,1
162522,246,357,1,0,1
162600,258,351,1,0,1
162678,293,327,1,0,1
162772,312,313,1,0,1
162850,326,303,1,0,1
162928,327,303,1,0,1
163006,382,276,1,0,1
163084,393,270,1,0,1
163162,393,270,1,0,1
163240,393,270,1,0,1
163333,393,270,1,0,1
163411,394,270,1,0,0
163489,394,271,1,0,0
163567,394,271,1,0,0
163645,394,271,1,0,0
163723,394,271,1,0,0
163801,394,271,1,0,0
163879,394,271,1,0,0
163973,394,271,1,0,0
164051,394,271,1,0,0
164129,387,268,1,0,0
164207,372,264,1,0,0
164285,372,264,1,0,0
164363,372,264,1,0,0
164441,372,264,1,0,0
164519,372,264,1,0,0
164612,310,288,1,0,0
164690,266,295,1,0,0
164768,266,295,1,0,1
164846,266,294,1,0,1
164924,261,296,1,0,1
165002,240,304,1,0,1
165080,240,304,1,0,1
165158,240,304,1,0,1
165252,240,304,1,0,1
165330,238,306,1,0,1
165408,238,306,1,0,1
165486,238,306,1,0,1
165564,245,309,1,0,1
165642,249,312,1,0,1
165736,257,319,1,0,1
165814,260,324,1,0,1
165892,265,336,1,0,1
165970,265,336,1,0,1
166048,249,327,1,0,1
166126,239,317,1,0,1
166204,239,316,1,0,1
166282,238,316,1,0,1
166375,233,314,1,0,1
166453,233,314,1,0,1
166531,233,314,1,0,1
166609,233,314,1,0,1
166687,233,314,1,0,1
166765,233,314,1,0,1
166843,233,314,1,0,1
166937,233,313,1,0,1
167015,233,313,1,0,1
167093,235,310,1,0,1
167171,238,305,1,0,1
167249,238,305,1,0,1
167327,239,305,1,0,1
167405,248,300,1,0,1
167483,248,300,1,0,1
167576,248,301,1,0,1
167654,259,314,1,0,1
167732,262,332,1,0,1
167810,262,334,1,0,1
167888,262,335,1,0,1
167966,264,336,1,0,1
168044,274,345,1,0,1
168122,280,347,1,0,1
168216,283,348,1,0,1
168294,290,349,1,0,1
168372,303,352,1,0,1
168450,303,352,1,0,1
168528,304,352,1,0,1
168606,304,352,1,0,1
168684,308,353,1,0,1
168778,312,354,1,0,1
168856,312,354,1,0,1
168934,312,354,1,0,1
169012,322,344,1,0,0
169090,328,338,1,0,0
169168,328,338,1,0,0
169246,333,334,1,0,0
169339,335,332,1,0,0
169417,336,331,1,0,0
169495,336,331,1,0,0
169573,336,331,1,0,0
169651,337,331,1,0,0
169729,393,317,1,0,0
169807,400,316,1,0,0
169885,410,312,1,0,0
169979,436,291,1,0,0
170057,455,264,1,0,0
170135,462,256,1,0,0
170213,462,256,1,0,0
170291,462,256,1,0,0
170369,461,256,1,0,0
170447,356,269,1,0,0
170540,304,301,1,0,1
170618,286,310,1,0,1
170696,275,310,1,0,1
170774,266,310,1,0,1
170852,262,314,1,0,1
170930,261,315,1,0,1
171008,261,315,1,0,1
171086,261,315,1,0,1
171180,261,315,1,0,1
171258,261,315,1,0,1
171336,261,315,1,0,1
171414,261,315,1,0,1
171492,261,316,1,0,1
171570,261,316,1,0,1
171648,261,316,1,0,1
171726,275,304,1,0,1
171820,282,299,1,0,1
171898,282,299,1,0,1
171976,282,299,1,0,1
172054,282,299,1,0,0
172132,285,293,1,0,0
172210,285,286,1,0,0
172288,285,286,1,0,0
172381,278,278,1,0,0
172459,243,241,1,0,0
172537,233,215,1,0,0
172615,228,204,1,0,1
172693,228,204,1,0,1
172771,228,204,1,0,1
172849,236,208,1,0,1
172943,250,214,1,0,1
173021,254,216,1,0,1
173099,279,230,1,0,1
173177,279,230,1,0,1
173255,280,230,1,0,1
173333,281,232,1,0,1
173411,281,232,1,0,1
173489,281,232,1,0,1
173582,301,249,1,0,1
173660,301,249,1,0,1
173738,301,249,1,0,1
173816,301,249,1,0,1
173894,301,249,1,0,0
173972,301,249,1,0,0
174050,301,249,1,0,0
174144,301,249,1,0,0
174222,309,248,1,0,0
174300,333,239,1,0,0
174378,352,235,1,0,0
174456,392,228,1,0,0
174534,425,219,1,0,0
174612,442,213,1,0,0
174706,445,213,1,0,0
174784,445,213,1,0,0
174862,445,213,1,0,0
174940,445,213,1,0,0
175018,445,213,1,0,0
175096,445,213,1,0,0
175174,445,213,1,0,0
175252,445,213,1,0,0
175345,445,213,1,0,0
175423,445,213,1,0,0
175501,448,213,1,0,0
175579,533,224,1,0,0
175657,562,228,1,0,0
175735,562,228,1,0,0
175813,597,237,1,0,0
175891,646,241,1,0,0
175985,671,245,1,0,0
176063,671,245,1,0,0
176141,671,245,1,0,0
176219,671,245,1,0,0
176297,671,245,1,0,0
176375,671,245,1,0,0
176453,671,245,1,0,0
176531,672,246,1,0,0
176624,680,263,1,0,0
176702,684,270,1,0,0
176780,685,274,1,0,0
176858,685,277,1,0,0
176936,685,277,1,0,0
177014,685,277,1,0,0
177092,685,277,1,0,0
177186,685,277,1,0,0
177264,685,277,1,0,0
177342,685,277,1,0,0
177420,685,277,1,0,0
177498,685,277,1,0,0
177576,685,277,1,0,0
177654,685,277,1,0,0
177732,685,277,1,0,0
177826,685,277,1,0,0
177904,685,277,1,0,0
177982,629,295,1,0,0
178060,606,309,1,0,0
178138,608,323,1,0,1
178216,609,328,1,0,1
178294,602,335,1,0,1
178387,577,337,1,0,1
178465,563,337,1,0,1
178543,512,339,1,0,1
178621,509,339,1,0,1
178699,502,342,1,0,1
178777,493,344,1,0,1
178855,493,344,1,0,1
178933,493,346,1,0,1
179027,474,359,1,0,1
179105,474,359,1,0,1
179183,450,365,1,0,1
179261,441,366,1,0,1
179339,417,363,1,0,1
179417,416,363,1,0,1
179495,414,363,1,0,1
179588,412,363,1,0,1
179666,412,363,1,0,1
179744,408,361,1,0,1
179822,403,356,1,0,1
179900,409,343,1,0,1
179978,416,334,1,0,1
180072,416,334,1,0,1
180150,416,334,1,0,0
180228,419,325,1,0,0
180306,423,316,1,0,0
180384,503,329,1,0,0
180462,588,351,1,0,0
180540,589,350,1,0,1
180618,589,350,1,0,1
180712,571,341,1,0,1
180790,551,329,1,0,1
180868,551,329,1,0,1
180946,508,341,1,0,1
181024,504,343,1,0,1
181102,500,375,1,0,1
181195,497,390,1,0,1
181273,496,389,1,0,1
181351,492,387,1,0,1
181429,469,379,1,0,1
181507,433,368,1,0,1
181585,431,368,1,0,1
181679,430,367,1,0,1
181757,430,367,1,0,1
181835,421,363,1,0,1
181913,407,359,1,0,1
181991,379,354,1,0,1
182069,357,350,1,0,1
182163,357,350,1,0,1
182241,357,350,1,0,1
182319,357,350,1,0,0
182397,353,344,1,0,0
182475,332,336,1,0,0
182553,325,333,1,0,0
182631,325,333,1,0,0
182709,325,333,1,0,0
182802,325,333,1,0,0
182880,325,333,1,0,0
182958,335,338,1,0,0
183036,336,339,1,0,0
183130,338,339,1,0,0
183208,338,339,1,0,0
183286,338,339,1,0,0
183364,338,339,1,0,0
183457,338,339,1,0,0
183535,338,339,1,0,0
183613,337,339,1,0,0
183691,327,336,1,0,0
183769,311,328,1,0,0
183847,307,326,1,0,0
183941,307,326,1,0,0
184019,306,325,1,0,0
184097,306,325,1,0,0
184175,306,325,1,0,0
184253,306,325,1,0,0
184331,306,325,1,0,0
184409,306,325,1,0,0
184503,306,325,1,0,0
184581,306,325,1,0,0
184659,306,325,1,0,0
184737,306,325,1,0,0
184815,306,325,1,0,0
184893,306,325,1,0,0
184971,306,325,1,0,0
185049,306,325,1,0,0
185142,306,325,1,0,0
185220,306,325,1,0,0
185298,306,325,1,0,0
185376,306,325,1,0,0
185454,338,347,1,0,0
185532,403,401,1,0,0
185626,464,453,1,0,0
185704,492,471,1,0,0
185782,499,482,1,0,0
185860,504,493,1,0,0
185938,500,490,1,0,0
186016,482,463,1,0,0
186094,481,460,1,0,1
186187,479,459,1,0,1
186265,465,450,1,0,1
186343,461,441,1,0,1
186421,460,441,1,0,1
186499,462,435,1,0,1
186577,477,431,1,0,1
186671,495,428,1,0,1
186749,495,428,1,0,1
186827,487,425,1,0,1
186905,450,411,1,0,1
186983,426,400,1,0,1
187077,409,393,1,0,1
187155,408,392,1,0,1
187233,408,392,1,0,1
187311,408,392,1,0,1
187389,408,392,1,0,1
187467,408,392,1,0,1
187545,407,391,1,0,1
187638,389,370,1,0,1
187716,388,368,1,0,1
187794,388,368,1,0,1
187872,388,369,1,0,0
187950,386,375,1,0,0
188028,386,394,1,0,0
188122,386,402,1,0,0
188200,389,408,1,0,0
188278,394,411,1,0,0
188356,415,414,1,0,0
188434,467,415,1,0,0
188512,472,415,1,0,0
188590,474,416,1,0,0
188668,417,406,1,0,0
188761,294,377,1,0,0
188839,279,355,1,0,0
188917,265,331,1,0,0
188995,264,330,1,0,1
189073,264,329,1,0,1
189151,264,329,1,0,1
189245,264,329,1,0,1
189323,264,329,1,0,1
189401,264,329,1,0,1
189479,264,329,1,0,1
189557,264,329,1,0,1
189635,264,329,1,0,1
189713,264,329,1,0,1
189807,264,329,1,0,1
189885,260,329,1,0,1
189963,243,336,1,0,1
190041,235,339,1,0,1
190119,234,340,1,0,1
190197,232,340,1,0,1
190275,226,346,1,0,1
190353,225,346,1,0,1
190446,225,346,1,0,1
190524,220,350,1,0,1
190602,220,350,1,0,1
190680,209,364,1,0,1
190758,207,369,1,0,1
190836,207,373,1,0,1
190930,205,390,1,0,1
191008,205,392,1,0,1
191086,205,392,1,0,1
191164,236,368,1,0,1
191242,245,359,1,0,1
191320,254,348,1,0,1
191413,265,338,1,0,1
191491,274,329,1,0,1
191569,284,318,1,0,1
191647,291,310,1,0,1
191725,295,304,1,0,1
191803,295,304,1,0,1
191897,294,306,1,0,1
191975,283,319,1,0,1
192053,283,319,1,0,1
192131,279,325,1,0,1
192209,275,330,1,0,1
192287,252,350,1,0,1
192365,231,371,1,0,1
192443,205,399,1,0,1
192537,171,430,1,0,1
192615,163,437,1,0,1
192693,162,437,1,0,1
192771,162,437,1,0,1
192849,146,445,1,0,1
192927,136,447,1,0,1
193005,133,446,1,0,1
193098,129,443,1,0,1
193176,128,441,1,0,1
193254,126,435,1,0,1
193332,125,424,1,0,1
193410,137,403,1,0,1
193488,146,394,1,0,1
193566,152,390,1,0,1
193644,160,385,1,0,1
193738,167,379,1,0,1
193816,168,377,1,0,1
193894,167,373,1,0,1
193972,164,362,1,0,1
194050,162,351,1,0,1
194128,158,329,1,0,1
194206,155,308,1,0,1
194299,153,273,1,0,1
194377,151,241,1,0,1
194455,151,234,1,0,1
194533,150,231,1,0,1
194611,150,231,1,0,1
194705,147,226,1,0,1
194783,144,213,1,0,1
194861,144,211,1,0,1
194939,149,204,1,0,1
195017,166,193,1,0,1
195095,185,181,1,0,1
195173,199,174,1,0,1
195251,212,167,1,0,1
195345,212,167,1,0,1
195423,267,141,1,0,1
195501,277,137,1,0,1
195579,279,136,1,0,1
195657,311,127,1,0,1
195735,311,127,1,0,1
195813,319,131,1,0,1
195891,321,132,1,0,1
195984,324,133,1,0,1
196062,330,138,1,0,1
196140,338,144,1,0,1
196218,348,151,1,0,1
196296,356,158,1,0,1
196374,369,167,1,0,1
196452,405,195,1,0,1
196546,451,234,1,0,1
196624,491,272,1,0,1
196702,524,307,1,0,1
196780,540,329,1,0,1
196858,542,340,1,0,1
196936,538,347,1,0,1
197014,533,350,1,0,1
197107,495,344,1,0,1
197185,482,340,1,0,1
197263,472,338,1,0,1
197341,449,344,1,0,1
197419,435,351,1,0,1
197513,432,352,1,0,1
197591,425,358,1,0,1
197669,425,358,1,0,1
197747,419,343,1,0,1
197825,412,295,1,0,1
197903,409,274,1,0,1
197981,409,270,1,0,1
198075,405,257,1,0,1
198153,405,257,1,0,1
198231,401,255,1,0,1
198309,398,255,1,0,1
198387,386,258,1,0,1
198465,386,259,1,0,1
198558,386,259,1,0,1
198636,386,259,1,0,1
198714,386,259,1,0,1
198792,386,259,1,0,1
198870,386,259,1,0,1
198948,379,271,1,0,1
199026,379,271,1,0,1
199120,379,272,1,0,1
199198,380,272,1,0,1
199276,381,273,1,0,1
199354,383,274,1,0,1
199432,388,278,1,0,1
199510,392,279,1,0,1
199588,401,279,1,0,1
199681,421,274,1,0,1
199759,422,274,1,0,1
199837,430,270,1,0,1
199915,427,269,1,0,1
199993,412,270,1,0,1
200071,390,278,1,0,1
200149,380,282,1,0,1
200227,375,284,1,0,1
200321,375,293,1,0,1
200399,394,325,1,0,1
200477,401,338,1,0,1
200555,399,358,1,0,1
200633,390,376,1,0,1
200711,384,382,1,0,1
200789,368,379,1,0,1
200883,367,379,1,0,1
200961,367,379,1,0,1
201039,374,374,1,0,1
201117,386,363,1,0,1
201195,393,358,1,0,1
201288,395,356,1,0,1
201366,395,356,1,0,1
201444,395,356,1,0,1
201522,395,356,1,0,1
201600,395,356,1,0,1
201678,389,349,1,0,1
201772,379,342,1,0,1
201850,378,342,1,0,1
201928,392,329,1,0,1
202006,404,322,1,0,1
202084,409,319,1,0,1
202162,418,312,1,0,1
202240,426,300,1,0,1
202333,431,291,1,0,1
202411,434,288,1,0,1
202489,434,289,1,0,1
202567,387,335,1,0,1
202645,309,388,1,0,1
202723,306,391,1,0,1
202801,289,402,1,0,1
202895,281,408,1,0,1
202973,281,408,1,0,1
203051,283,409,1,0,1
203129,285,410,1,0,1
203207,284,409,1,0,1
203285,272,402,1,0,1
203363,257,393,1,0,1
203457,247,390,1,0,1
203535,244,388,1,0,1
203613,244,388,1,0,1
203691,248,389,1,0,1
203769,265,392,1,0,1
203847,288,390,1,0,1
203925,300,388,1,0,1
204018,309,382,1,0,1
204096,331,368,1,0,1
204174,363,348,1,0,1
204252,364,348,1,0,1
204330,406,329,1,0,1
204408,427,320,1,0,1
204486,463,307,1,0,1
204580,465,306,1,0,1
204658,465,306,1,0,1
204736,465,306,1,0,1
204814,487,311,1,0,1
204892,511,314,1,0,1
204970,511,314,1,0,1
205048,511,314,1,0,1
205126,490,323,1,0,1
205219,486,326,1,0,1
205297,486,326,1,0,1
205375,485,326,1,0,1
205453,483,325,1,0,1
205531,483,324,1,0,1
205609,480,315,1,0,1
205687,477,308,1,0,1
205781,477,307,1,0,1
205859,477,307,1,0,1
205937,477,307,1,0,1
206015,474,307,1,0,0
206109,431,294,1,0,0
206187,400,291,1,0,0
206265,392,290,1,0,0
206343,345,283,1,0,0
206421,336,282,1,0,0
206499,335,281,1,0,1
206592,340,295,1,0,1
206670,358,324,1,0,1
206748,359,326,1,0,1
206826,359,326,1,0,1
206904,359,326,1,0,1
206982,359,329,1,0,1
207060,358,331,1,0,1
207154,356,335,1,0,1
207232,353,339,1,0,1
207310,348,346,1,0,1
207388,347,347,1,0,1
207466,346,349,1,0,1
207544,346,349,1,0,1
207637,345,351,1,0,1
207715,338,362,1,0,1
207793,338,362,1,0,1
207871,338,362,1,0,1
207949,332,368,1,0,1
208027,332,368,1,0,1
208121,328,371,1,0,1
208199,327,373,1,0,1
208277,321,375,1,0,1
208355,319,376,1,0,1
208433,298,381,1,0,1
208511,288,380,1,0,1
208605,285,379,1,0,1
208683,300,393,1,0,1
208761,320,403,1,0,1
208839,333,410,1,0,1
208917,348,422,1,0,1
208995,355,427,1,0,1
209088,357,427,1,0,1
209166,364,433,1,0,1
209244,363,437,1,0,1
209322,363,439,1,0,1
209400,358,447,1,0,1
209478,352,451,1,0,1
209572,345,457,1,0,1
209650,337,470,1,0,1
209728,332,478,1,0,1
209806,318,484,1,0,1
209884,274,462,1,0,1
209962,246,435,1,0,1
210040,231,414,1,0,1
210133,224,404,1,0,1
210211,218,396,1,0,1
210289,216,394,1,0,1
210367,215,394,1,0,1
210445,214,393,1,0,1
210523,214,397,1,0,1
210601,215,418,1,0,1
210695,222,424,1,0,1
210773,234,439,1,0,1
210851,233,439,1,0,1
210929,223,421,1,0,1
211007,215,398,1,0,1
211085,223,353,1,0,0
211163,232,330,1,0,0
211257,254,290,1,0,0
211335,275,262,1,0,0
211413,296,235,1,0,0
211491,324,204,1,0,0
211569,359,164,1,0,0
211647,409,103,1,0,0
211740,449,58,1,0,0
211818,452,56,1,0,0
211896,457,53,1,0,0
211974,457,53,1,0,0
212052,463,54,1,0,0
212130,475,58,1,0,0
212208,478,62,1,0,0
212286,479,62,1,0,0
212380,479,62,1,0,0
212458,487,62,1,0,0
212536,499,62,1,0,0
212614,509,61,1,0,0
212692,514,60,1,0,0
212770,517,62,1,0,0
212848,526,65,1,0,0
212926,536,74,1,0,0
213020,549,84,1,0,0
213098,570,97,1,0,0
213176,609,123,1,0,0
213254,645,166,1,0,0
213332,656,193,1,0,0
213410,658,242,1,0,0
213503,638,275,1,0,0
213581,597,315,1,0,0
213659,546,360,1,0,0
213737,502,388,1,0,0
213815,454,410,1,0,0
213893,437,418,1,0,0
213971,429,421,1,0,0
214065,395,435,1,0,0
214143,343,462,1,0,0
214221,308,478,1,0,0
214299,297,477,1,0,0
214377,266,459,1,0,0
214455,255,434,1,0,0
214533,242,386,1,0,1
214626,241,361,1,0,1
214704,249,332,1,0,1
214782,266,302,1,0,1
214860,267,300,1,0,1
214938,259,293,1,0,1
215016,255,292,1,0,1
215110,247,288,1,0,1
215188,246,287,1,0,1
215266,244,284,1,0,1
215344,244,284,1,0,1
215422,241,281,1,0,1
215500,235,274,1,0,1
215578,217,258,1,0,1
215672,209,251,1,0,1
215750,178,231,1,0,1
215828,150,219,1,0,1
215906,92,212,1,0,1
215984,70,210,1,0,1
216062,70,210,1,0,1
216140,23,227,1,0,1
216218,23,249,1,0,1
216311,57,300,1,0,1
216389,133,322,1,0,1
216467,191,321,1,0,1
216545,214,308,1,0,1
216623,225,299,1,0,1
216701,225,292,1,0,1
216779,215,277,1,0,1
216857,208,272,1,0,1
216951,202,277,1,0,1
217029,193,291,1,0,1
217107,193,292,1,0,1
217185,193,292,1,0,1
217263,191,295,1,0,1
217341,170,311,1,0,1
217419,161,319,1,0,1
217512,160,324,1,0,1
217590,160,327,1,0,1
217668,161,328,1,0,1
217746,161,328,1,0,1
217824,163,329,1,0,1
217902,176,335,1,0,1
217980,177,336,1,0,1
218058,184,335,1,0,1
218152,207,329,1,0,1
218230,212,329,1,0,1
218308,213,329,1,0,1
218386,223,328,1,0,1
218464,251,326,1,0,1
218542,252,326,1,0,1
218620,320,325,1,0,1
218714,333,323,1,0,1
218792,369,322,1,0,1
218870,391,321,1,0,1
218948,391,321,1,0,1
219026,391,321,1,0,1
219104,392,321,1,0,1
219182,394,328,1,0,1
219260,395,332,1,0,1
219353,395,332,1,0,1
219431,395,332,1,0,1
219509,402,329,1,0,1
219587,415,323,1,0,1
219665,418,320,1,0,1
219743,425,317,1,0,1
219821,425,317,1,0,1
219899,425,317,0,0,1
219993,425,317,1,0,1
220071,425,317,1,0,1
220149,435,319,1,0,1
220227,437,319,1,0,1
220305,439,319,1,0,1
220383,441,320,1,0,1
220461,444,320,0,0,1
220554,449,326,1,0,1
220632,453,343,1,0,1
220710,454,350,1,0,1
220788,455,354,1,0,1
220866,455,355,0,0,1
220944,457,361,1,0,1
221022,459,367,1,0,1
221116,467,386,1,0,1
221194,473,396,1,0,1
221272,476,410,0,0,1
221350,475,413,0,0,1
221428,465,410,0,0,1
221506,465,410,0,0,1
221600,470,416,0,0,1
221678,433,403,0,0,1
221756,389,365,0,0,1
221834,382,356,0,0,1
221912,298,272,0,0,1
221990,279,250,0,0,1
222083,277,248,0,0,1
222161,276,247,0,0,1
222239,270,243,0,0,1
222317,269,243,0,0,1
222395,261,286,1,0,1
222473,263,298,1,0,1
222551,272,324,1,0,1
222645,273,326,1,0,1
222723,277,350,0,0,1
222801,275,372,0,0,1
222879,276,374,0,0,1
222957,282,402,0,0,1
223035,296,428,0,0,1
223113,313,448,0,0,1
223206,358,469,1,0,1
223284,400,482,1,0,1
223362,401,484,1,0,1
223440,419,515,1,0,1
223518,429,530,1,0,1
223596,429,530,1,0,1
223690,429,530,0,0,1
223768,429,530,0,0,1
223846,437,535,0,0,1
223924,478,567,1,0,1
224002,486,575,1,0,1
224080,487,576,1,0,1
224158,488,578,0,0,1
224236,489,578,0,0,1
224330,492,565,0,0,1
224408,496,536,0,0,1
224486,512,481,0,0,1
224564,518,442,0,0,1
224642,512,404,0,0,1
224720,491,356,0,0,1
224798,464,305,0,0,1
224891,449,268,0,0,1
224969,435,234,0,0,1
225047,432,225,0,0,1
225125,451,209,0,0,1
225203,477,200,0,0,1
225281,481,202,0,0,1
225359,493,207,0,0,1
225437,494,207,0,0,1
225531,494,207,0,0,1
225609,495,208,0,0,1
225687,495,208,0,0,1
225765,495,208,0,0,0
225843,497,209,0,0,0
225921,498,209,0,0,0
225999,499,209,0,0,0
226092,503,211,0,0,0
226170,505,211,0,0,0
226248,510,212,0,0,0
226326,510,212,0,0,0
226404,512,211,0,0,0
226482,534,198,0,0,0
226576,540,197,0,0,0
226654,553,198,0,0,0
226732,553,198,0,0,0
226810,553,198,0,0,0
226888,554,198,0,0,0
226966,563,201,0,0,0
227044,568,203,0,0,0
227122,577,207,0,0,0
227216,577,207,0,0,0
227294,577,207,0,0,0
227372,578,209,0,0,0
227450,588,216,0,0,0
227528,608,226,0,0,0
227606,608,226,0,0,0
227684,608,226,0,0,0
227777,590,232,0,0,0
227855,504,231,0,0,0
227933,456,216,0,0,0
228011,375,206,0,0,0
228089,349,209,0,0,0
228167,325,219,0,0,1
228245,325,219,0,0,1
228339,317,221,0,0,1
228417,317,221,0,0,1
228495,318,221,0,0,1
228573,322,225,0,0,1
228651,329,236,0,0,1
228729,331,239,0,0,1
228807,334,242,0,0,1
228885,337,244,0,0,1
228978,366,251,0,0,1
229056,379,253,0,0,1
229134,402,256,0,0,1
229212,414,258,0,0,1
229290,415,258,0,0,1
229368,416,258,0,0,1
229446,416,258,0,0,1
229540,416,258,0,0,1
229618,416,258,0,0,1
229696,416,258,0,0,1
229774,416,258,0,0,1
229852,416,266,0,0,1
229930,439,340,0,0,1
230008,440,344,0,0,1
230086,443,353,0,0,1
230180,443,354,0,0,1
230258,443,354,0,0,1
230336,443,354,0,0,1
230414,443,354,0,0,1
230492,440,348,0,0,0
230570,439,348,0,0,0
230648,439,348,0,0,0
230741,439,348,0,0,0
230819,439,348,0,0,0
230897,439,348,0,0,0
230975,439,348,0,0,0
231053,439,348,0,0,0
231131,439,348,0,0,0
231225,439,348,0,0,0
231303,439,348,0,0,0
231381,439,348,0,0,0
231459,439,348,0,0,0
231537,439,348,0,0,0
