31,656,414,0,0,1
109,656,414,0,0,1
172,656,414,0,0,1
250,656,414,0,0,1
312,656,414,0,0,1
390,646,408,0,0,1
453,586,370,0,0,1
531,470,332,0,0,1
593,346,302,0,0,1
671,316,292,0,0,1
733,328,292,0,0,1
811,368,296,0,0,1
874,392,296,0,0,1
952,402,304,0,0,1
1014,410,310,0,0,1
1092,414,314,0,0,1
1170,418,324,0,0,1
1233,422,330,0,0,1
1311,432,338,0,0,1
1373,440,344,0,0,1
1451,452,350,0,0,1
1513,460,354,0,0,1
1591,470,356,0,0,1
1654,474,358,0,0,1
1732,484,362,0,0,1
1794,488,366,0,0,1
1872,496,374,0,0,1
1935,500,380,0,0,1
2013,502,384,0,0,1
2075,504,390,0,0,1
2153,506,394,0,0,1
2215,508,398,0,0,1
2293,508,402,0,0,1
2356,508,404,0,0,1
2434,506,406,0,0,1
2496,504,408,0,0,1
2574,504,408,0,0,1
2637,502,406,0,0,1
2715,502,404,0,0,1
2777,502,402,0,0,1
2855,500,400,0,0,1
2917,500,396,0,0,1
2995,502,394,0,0,1
3058,510,392,0,0,1
3136,518,390,0,0,1
3198,520,386,0,0,1
3276,522,386,0,0,1
3339,524,386,0,0,1
3417,524,386,0,0,1
3479,522,386,0,0,1
3557,522,386,0,0,1
3619,522,386,0,0,1
3697,522,386,0,0,1
3760,522,386,0,0,1
3838,522,386,0,0,1
3900,522,386,0,0,1
3978,522,386,0,0,1
4041,522,386,0,0,1
4119,522,386,0,0,1
4181,522,386,0,0,1
4259,522,386,0,0,1
4321,522,386,0,0,1
4399,520,386,0,0,1
4462,518,386,0,0,1
4540,504,376,0,0,1
4602,430,348,0,0,1
4680,372,330,0,0,1
4743,372,330,0,0,1
4821,372,330,0,0,1
4883,372,330,0,0,1
4961,372,330,0,0,1
5023,372,330,0,0,1
5101,372,330,0,0,1
5164,372,330,0,0,1
5242,372,330,0,0,1
5304,372,330,0,0,1
5382,396,346,0,0,1
5445,486,408,0,0,1
5507,558,424,0,0,1
5585,618,428,0,0,1
5647,658,424,0,0,1
5725,646,398,0,0,1
5788,614,394,0,0,1
5866,576,392,0,0,1
5928,546,390,0,0,1
6006,532,390,0,0,1
6069,532,390,0,0,1
6147,530,386,0,0,1
6209,526,378,0,0,1
6287,512,362,0,0,1
6349,506,360,0,0,1
6427,496,358,0,0,1
6490,488,358,0,0,1
6568,478,356,0,0,1
6630,468,352,0,0,1
6708,460,348,0,0,1
6771,446,342,0,0,1
6849,442,340,0,0,1
6911,438,338,0,0,1
6989,434,338,0,0,1
7051,428,334,0,0,1
7129,418,332,0,0,1
7192,410,330,0,0,1
7270,404,330,0,0,1
7332,402,330,0,0,1
7410,402,330,0,0,1
7473,402,330,0,0,1
7551,402,330,0,0,1
7613,402,330,0,0,1
7691,398,334,0,0,1
7753,398,342,0,0,1
7831,398,356,0,0,1
7894,402,360,0,0,1
7972,410,370,0,0,1
8034,406,374,0,0,1
8112,362,354,0,0,1
8175,282,316,0,0,1
8253,236,294,0,0,1
8315,230,290,0,0,1
8393,230,290,0,0,1
8455,230,288,0,0,1
8533,232,288,0,0,1
8596,232,296,1,0,1
8674,238,322,1,0,1
8736,242,350,1,0,1
8814,242,366,1,0,1
8877,242,368,1,0,1
8955,244,340,1,0,1
9017,254,302,1,0,1
9095,256,294,1,0,1
9157,256,302,1,0,1
9235,262,334,1,0,1
9298,266,344,1,0,1
9376,266,346,1,0,1
9438,270,346,1,0,1
9516,274,340,1,0,1
9579,284,320,1,0,1
9657,290,310,1,0,1
9719,290,310,1,0,1
9797,292,310,0,0,1
9859,292,310,0,0,1
9937,294,310,0,0,1
10000,296,310,0,0,1
10078,302,310,0,0,1
10140,304,312,0,0,1
10218,308,312,0,0,1
10281,312,312,0,0,1
10359,318,314,0,0,1
10421,324,314,0,0,1
10499,328,312,0,0,1
10561,332,312,0,0,1
10639,334,312,0,0,1
10702,334,312,0,0,1
10780,330,312,0,0,1
10842,326,312,0,0,1
10920,326,312,0,0,1
10983,328,312,0,0,1
11061,332,316,0,0,1
11123,340,320,0,0,1
11201,350,330,0,0,1
11263,360,334,0,0,1
11341,370,340,0,0,1
11404,372,342,0,0,1
11482,376,344,0,0,1
11544,398,342,0,0,1
11622,418,342,0,0,1
11685,422,342,0,0,1
11763,426,344,0,0,1
11825,440,346,0,0,1
11903,460,350,0,0,1
11965,482,358,0,0,1
12043,490,364,0,0,1
12106,492,366,0,0,1
12184,496,370,0,0,1
12246,504,378,0,0,1
12324,510,384,0,0,1
12387,512,390,0,0,1
12465,514,392,0,0,1
12527,514,392,0,0,1
12605,514,392,0,0,1
12667,514,392,0,0,1
12745,512,392,0,0,1
12808,506,392,0,0,1
12886,498,390,0,0,1
12948,488,388,0,0,1
13026,478,386,0,0,1
13089,470,384,0,0,1
13167,466,384,0,0,1
13229,458,384,0,0,1
13291,454,384,0,0,1
13369,450,384,0,0,1
13432,446,384,0,0,1
13510,444,384,0,0,1
13572,444,384,0,0,1
13650,444,384,0,0,1
13713,452,384,0,0,1
13791,470,386,0,0,1
13853,496,390,0,0,1
13931,516,394,0,0,1
13993,536,396,0,0,1
14071,558,398,0,0,1
14134,574,398,0,0,1
14212,570,398,0,0,1
14274,540,396,0,0,1
14352,478,384,0,0,1
14415,412,376,0,0,1
14493,362,364,0,0,1
14555,320,354,0,0,1
14633,294,350,0,0,1
14695,346,366,0,0,1
14773,542,400,0,0,1
14836,572,400,0,0,1
14914,570,400,0,0,1
14976,568,400,0,0,1
15054,560,400,0,0,1
15117,548,394,0,0,1
15195,534,388,0,0,1
15257,526,384,0,0,1
15335,520,382,0,0,1
15397,514,380,0,0,1
15475,508,378,0,0,1
15538,502,376,0,0,1
15616,496,372,0,0,1
15678,484,366,0,0,1
15756,472,362,0,0,1
15819,460,358,0,0,1
15897,452,356,0,0,1
15959,450,356,0,0,1
16037,446,354,0,0,1
16099,436,346,0,0,1
16177,422,340,0,0,1
16240,408,336,0,0,1
16318,400,334,0,0,1
16380,400,334,0,0,1
16458,404,340,0,0,1
16521,404,358,0,0,1
16599,382,368,0,0,1
16661,356,370,0,0,1
16739,348,366,0,0,1
16801,346,360,0,0,1
16879,360,358,0,0,1
16942,370,356,0,0,1
17020,366,356,0,0,1
17082,346,356,0,0,1
17160,304,362,0,0,1
17223,264,366,0,0,1
17301,226,370,0,0,1
17363,204,370,0,0,1
17441,194,372,0,0,1
17503,194,372,0,0,1
17581,192,374,0,0,1
17644,192,374,0,0,1
17722,190,374,0,0,1
17784,190,372,0,0,1
17862,188,370,0,0,1
17925,184,366,0,0,1
18003,184,364,0,0,1
18065,196,364,0,0,1
18143,236,362,0,0,1
18206,312,368,0,0,1
18284,310,368,0,0,1
18346,228,344,0,0,1
18424,188,334,0,0,1
18486,186,334,0,0,1
18564,188,334,0,0,1
18627,200,334,0,0,1
18705,212,334,0,0,1
18767,224,334,0,0,1
18845,234,334,0,0,1
18908,242,332,0,0,1
18986,246,332,0,0,1
19048,254,328,0,0,1
19126,258,328,0,0,1
19188,260,326,0,0,1
19266,262,326,0,0,1
19329,264,326,0,0,1
19407,266,326,0,0,1
19469,270,326,0,0,1
19547,272,326,0,0,1
19610,274,326,0,0,1
19688,276,326,0,0,1
19750,276,326,0,0,1
19828,278,326,0,0,1
19890,278,328,0,0,1
19968,278,330,0,0,1
20031,278,334,0,0,1
20109,280,338,0,0,1
20171,284,342,0,0,1
20249,290,350,0,0,1
20312,302,360,0,0,1
20390,324,376,0,0,1
20452,350,390,0,0,1
20530,372,398,0,0,1
20592,390,406,0,0,1
20670,412,416,0,0,1
20733,438,424,0,0,1
20811,462,430,0,0,1
20873,480,436,0,0,1
20951,496,438,0,0,1
21014,494,438,0,0,1
21092,462,436,0,0,1
21154,400,426,0,0,1
21232,342,424,0,0,1
21294,298,422,0,0,1
21372,258,422,0,0,1
21435,228,424,0,0,1
21513,208,420,0,0,1
21575,206,420,0,0,1
21653,206,418,0,0,1
21716,206,416,0,0,1
21794,206,414,0,0,1
21856,206,388,0,0,1
21934,204,352,0,0,1
21996,208,352,0,0,1
22074,228,354,0,0,1
22137,242,352,1,0,1
22215,254,338,1,0,1
22277,264,304,1,0,1
22355,272,288,1,0,1
22418,276,288,1,0,1
22496,280,310,1,0,1
22558,292,330,1,0,1
22636,304,318,1,0,1
22698,326,288,1,0,1
22776,336,260,1,0,1
22839,338,258,1,0,1
22917,336,284,1,0,1
22979,328,330,1,0,1
23057,324,336,1,0,1
23120,324,324,1,0,1
23198,334,294,1,0,1
23260,340,286,1,0,1
23338,344,294,1,0,1
23400,344,312,1,0,1
23478,348,324,1,0,1
23541,350,328,1,0,1
23619,354,312,1,0,1
23681,356,298,1,0,1
23759,358,300,1,0,1
23822,364,320,0,0,1
23900,400,388,0,0,1
23962,478,442,0,0,1
24040,514,450,0,0,1
24102,528,452,0,0,1
24180,536,454,0,0,1
24243,546,454,0,0,1
24321,558,448,0,0,1
24383,580,432,0,0,1
24461,602,406,0,0,1
24524,614,384,0,0,1
24602,622,366,0,0,1
24664,632,356,0,0,1
24742,652,338,0,0,1
24804,670,320,0,0,1
24882,674,314,0,0,1
24945,676,306,0,0,1
25007,680,302,0,0,1
25085,692,294,0,0,1
25148,706,290,0,0,1
25226,712,288,0,0,1
25288,716,284,1,0,1
25366,720,282,1,0,1
25428,722,282,1,0,1
25506,722,282,1,0,1
25569,722,288,1,0,1
25647,726,294,1,0,1
25709,726,296,1,0,1
25787,728,282,1,0,1
25850,732,264,1,0,1
25928,734,264,1,0,1
25990,738,282,1,0,1
26068,738,286,1,0,1
26130,738,286,1,0,1
26208,740,274,1,0,1
26271,742,264,1,0,1
26349,742,266,1,0,1
26411,742,272,1,0,1
26489,742,272,1,0,1
26552,742,264,1,0,1
26630,742,260,1,0,1
26692,742,260,1,0,1
26770,742,260,0,0,1
26832,740,260,0,0,1
26910,600,304,0,0,1
26973,444,362,0,0,1
27051,428,370,0,0,1
27113,430,372,0,0,1
27191,432,372,0,0,1
27254,444,366,0,0,1
27332,464,356,0,0,1
27394,470,354,0,0,1
27472,462,354,0,0,1
27534,444,350,0,0,1
27612,438,348,0,0,1
27675,436,346,0,0,1
27753,432,346,0,0,1
27815,430,344,0,0,1
27893,424,340,0,0,1
27956,420,338,0,0,1
28034,412,336,0,0,1
28096,408,334,0,0,1
28174,404,334,0,0,1
28236,392,334,0,0,1
28314,302,352,0,0,1
28377,234,358,0,0,1
28455,208,360,0,0,1
28517,188,360,0,0,1
28595,162,352,0,0,1
28658,148,338,0,0,1
28736,140,318,0,0,1
28798,132,294,0,0,1
28876,138,268,0,0,1
28938,170,242,0,0,1
29016,212,228,0,0,1
29079,262,220,0,0,1
29157,338,220,0,0,1
29219,424,220,0,0,1
29297,434,224,0,0,1
29360,444,238,0,0,1
29438,412,284,0,0,1
29500,320,388,0,0,1
29578,272,434,0,0,1
29640,268,444,0,0,1
29718,276,444,0,0,1
29781,280,440,0,0,1
29859,276,444,0,0,1
29921,274,458,0,0,1
29999,302,466,0,0,1
30062,416,434,0,0,1
30140,566,354,0,0,1
30202,610,310,0,0,1
30280,618,294,0,0,1
30342,616,292,0,0,1
30420,614,274,0,0,1
30483,616,258,0,0,1
30561,616,252,0,0,1
30623,614,248,0,0,1
30701,612,248,0,0,1
30764,604,240,0,0,1
30842,598,236,0,0,1
30904,594,232,0,0,1
30966,588,226,0,0,1
31044,582,222,0,0,1
31107,578,222,0,0,1
31185,568,224,0,0,1
31247,526,240,0,0,1
31325,366,274,0,0,1
31388,250,302,0,0,1
31466,234,314,0,0,1
31528,246,316,0,0,1
31606,278,316,0,0,1
31668,292,316,0,0,1
31746,292,320,0,0,1
31809,296,322,0,0,1
31887,308,324,0,0,1
31949,312,324,0,0,1
32027,312,322,0,0,1
32090,312,322,0,0,1
32168,312,322,0,0,1
32230,312,322,0,0,1
32308,312,322,0,0,1
32370,312,322,0,0,1
32448,312,322,0,0,1
32511,312,322,0,0,1
32589,312,322,0,0,1
32651,312,322,0,0,1
32729,312,322,0,0,1
32792,310,322,0,0,1
32870,310,322,0,0,1
32932,308,320,0,0,1
33010,306,316,0,0,1
33072,302,310,0,0,1
33150,302,304,0,0,1
33213,302,304,0,0,1
33291,300,304,0,0,1
33353,300,304,0,0,1
33431,300,304,0,0,1
33494,300,304,0,0,1
33572,300,304,0,0,1
33634,300,304,0,0,1
33712,300,304,0,0,1
33774,302,304,0,0,1
33852,306,304,0,0,1
33915,310,304,0,0,1
33993,316,304,0,0,1
34055,322,300,0,0,1
34133,324,300,0,0,1
34196,324,300,1,0,1
34274,314,312,1,0,1
34336,306,318,1,0,1
34414,304,318,1,0,1
34476,308,316,1,0,1
34554,318,306,1,0,1
34617,324,302,1,0,1
34695,342,292,1,0,1
34757,368,282,1,0,1
34835,360,284,1,0,1
34898,324,304,1,0,1
34976,310,310,1,0,1
35038,310,310,1,0,1
35116,310,310,1,0,1
35178,312,310,1,0,1
35256,324,310,0,0,1
35319,340,308,0,0,1
35397,344,306,0,0,1
35459,344,304,0,0,1
35537,344,300,0,0,1
35600,344,300,0,0,1
35678,344,300,0,0,1
35740,348,300,0,0,1
35818,356,294,0,0,1
35880,362,292,0,0,1
35958,364,288,0,0,1
36021,372,280,0,0,1
36099,380,272,0,0,1
36161,386,268,0,0,1
36239,388,266,0,0,1
36302,390,268,0,0,1
36380,412,290,0,0,1
36442,478,332,0,0,1
36520,504,368,0,0,1
36582,518,398,0,0,1
36645,530,422,0,0,1
36723,538,432,0,0,1
36785,538,436,0,0,1
36863,542,436,0,0,1
36926,548,434,0,0,1
37004,556,426,0,0,1
37066,570,418,0,0,1
37144,586,404,0,0,1
37206,604,388,0,0,1
37284,624,372,0,0,1
37347,644,354,0,0,1
37425,664,336,0,0,1
37487,676,324,0,0,1
37565,684,306,0,0,1
37628,686,288,0,0,1
37706,680,272,0,0,1
37768,662,252,0,0,1
37846,640,236,0,0,1
37908,616,228,0,0,1
37986,590,222,0,0,1
38049,562,222,0,0,1
38127,534,224,0,0,1
38189,510,234,0,0,1
38267,486,250,0,0,1
38330,470,264,0,0,1
38408,458,282,0,0,1
38470,450,306,0,0,1
38548,452,348,0,0,1
38610,470,390,0,0,1
38688,492,418,0,0,1
38751,518,430,0,0,1
38829,550,436,0,0,1
38891,572,432,0,0,1
38969,596,424,0,0,1
39032,616,412,0,0,1
39110,632,400,0,0,1
39172,642,394,0,0,1
39250,652,384,0,0,1
39312,656,378,0,0,1
39390,658,376,0,0,1
39453,658,376,0,0,1
39531,658,376,0,0,1
39593,658,376,0,0,1
39671,658,376,0,0,1
39734,658,376,0,0,1
39812,658,376,0,0,1
39874,658,378,0,0,1
39952,656,378,0,0,1
40014,632,378,0,0,1
40092,544,362,0,0,1
40155,434,336,0,0,1
40233,344,316,0,0,1
40295,292,300,0,0,1
40373,258,292,0,0,1
40436,236,286,0,0,1
40498,234,284,0,0,1
40576,240,282,0,0,1
40654,250,276,0,0,1
40716,258,270,0,0,1
40794,258,270,0,0,1
40857,258,270,0,0,1
40919,256,270,0,0,1
40997,252,270,0,0,1
41060,250,270,0,0,1
41138,250,270,0,0,1
41200,248,268,0,0,1
41278,248,268,0,0,1
41340,248,268,0,0,1
41418,248,266,0,0,1
41481,248,262,0,0,1
41559,246,262,0,0,1
41621,242,262,0,0,1
41699,232,268,0,0,1
41762,214,272,0,0,1
41840,202,272,0,0,1
41902,198,274,0,0,1
41980,198,276,0,0,1
42042,202,286,1,0,1
42120,216,310,1,0,1
42183,232,334,1,0,1
42261,242,346,1,0,1
42323,248,346,1,0,1
42401,256,332,1,0,1
42464,266,312,1,0,1
42542,270,294,1,0,1
42604,274,290,1,0,1
42682,274,290,1,0,1
42744,274,292,1,0,1
42822,274,298,1,0,1
42885,278,310,1,0,1
42963,282,322,1,0,1
43025,286,330,1,0,1
43103,286,330,1,0,1
43166,290,322,1,0,1
43244,296,308,1,0,1
43306,302,296,1,0,1
43384,304,296,1,0,1
43446,306,302,1,0,1
43524,310,308,1,0,1
43587,316,314,1,0,1
43665,320,320,1,0,1
43727,322,324,1,0,1
43805,322,324,1,0,1
43868,324,324,1,0,1
43946,358,326,0,0,1
44008,448,330,0,0,1
44086,558,354,0,0,1
44148,620,372,0,0,1
44226,632,374,0,0,1
44289,636,374,0,0,1
44367,638,374,0,0,1
44429,642,372,0,0,1
44507,656,366,0,0,1
44570,662,344,0,0,1
44648,634,296,0,0,1
44710,532,268,0,0,1
44788,470,272,0,0,1
44850,468,272,0,0,1
44928,468,264,0,0,1
44991,468,260,0,0,1
45069,452,250,0,0,1
45131,432,242,0,0,1
45209,428,240,0,0,1
45272,428,240,1,0,1
45350,428,242,1,0,1
45412,422,244,1,0,1
45490,418,246,1,0,1
45552,416,248,1,0,1
45630,414,250,1,0,1
45693,412,252,1,0,1
45771,412,258,1,0,1
45833,410,266,1,0,1
45911,410,274,1,0,1
45974,408,280,1,0,1
46052,406,296,1,0,1
46114,404,312,1,0,1
46192,402,330,1,0,1
46254,394,334,1,0,1
46332,384,338,1,0,1
46395,380,338,0,0,1
46473,358,340,0,0,1
46535,318,338,0,0,1
46613,284,332,0,0,1
46676,264,324,0,0,1
46754,254,316,0,0,1
46816,252,314,0,0,1
46894,256,316,0,0,1
46956,274,318,0,0,1
47034,282,316,0,0,1
47097,296,316,0,0,1
47175,298,316,0,0,1
47237,302,316,0,0,1
47315,304,316,0,0,1
47378,306,314,0,0,1
47456,306,314,0,0,1
47518,308,314,0,0,1
47596,310,314,0,0,1
47658,314,314,0,0,1
47736,316,314,0,0,1
47799,318,314,0,0,1
47877,320,314,0,0,1
47939,320,314,0,0,1
48017,322,314,0,0,1
48080,322,314,0,0,1
48158,322,314,0,0,1
48220,322,314,0,0,1
48298,322,314,0,0,1
48360,320,314,0,0,1
48438,314,310,0,0,1
48501,304,304,0,0,1
48579,300,302,0,0,1
48641,300,302,0,0,1
48719,300,302,0,0,1
48782,300,302,0,0,1
48860,300,302,0,0,1
48922,300,302,1,0,1
49000,298,306,1,0,1
49063,294,308,1,0,1
49141,286,314,1,0,1
49203,280,316,1,0,1
49281,278,316,1,0,1
49343,282,314,1,0,1
49421,294,306,1,0,1
49484,308,298,1,0,1
49562,312,296,1,0,1
49624,314,296,1,0,1
49702,318,296,1,0,1
49765,318,296,1,0,1
49843,318,296,1,0,1
49905,318,298,1,0,1
49983,318,300,1,0,1
50045,320,302,1,0,1
50123,320,306,1,0,1
50186,320,308,1,0,1
50264,318,308,1,0,1
50326,318,310,1,0,1
50404,318,310,0,0,1
50467,318,310,0,0,1
50545,316,308,0,0,1
50607,308,310,0,0,1
50685,290,322,0,0,1
50747,246,360,0,0,1
50825,196,408,0,0,1
50888,168,430,0,0,1
50966,152,438,0,0,1
51028,144,438,0,0,1
51106,140,420,0,0,1
51169,138,388,0,0,1
51247,158,350,0,0,1
51309,180,318,0,0,1
51387,204,288,0,0,1
51449,222,266,0,0,1
51527,234,240,0,0,1
51590,250,214,0,0,1
51668,268,198,0,0,1
51730,296,182,0,0,1
51808,336,164,0,0,1
51871,384,152,0,0,1
51949,436,144,0,0,1
52011,458,142,0,0,1
52089,476,152,0,0,1
52151,490,198,0,0,1
52229,472,286,0,0,1
52292,434,350,0,0,1
52370,412,376,0,0,1
52432,402,394,0,0,1
52510,402,402,0,0,1
52573,402,402,0,0,1
52651,402,402,0,0,1
52713,402,404,0,0,1
52791,400,408,0,0,1
52853,400,412,0,0,1
52931,400,412,0,0,1
52994,400,412,0,0,1
53072,400,410,0,0,1
53134,396,404,0,0,1
53212,354,348,0,0,1
53275,284,238,0,0,1
53353,254,202,0,0,1
53415,236,200,0,0,1
53493,232,204,0,0,1
53555,234,208,0,0,1
53618,246,216,0,0,1
53696,260,222,0,0,1
53758,276,226,0,0,1
53836,288,228,0,0,1
53899,298,230,0,0,1
53977,306,232,0,0,1
54039,314,236,0,0,1
54117,322,238,0,0,1
54179,326,242,0,0,1
54257,328,244,0,0,1
54320,328,248,0,0,1
54398,328,252,0,0,1
54460,332,262,0,0,1
54538,342,278,0,0,1
54601,346,284,0,0,1
54679,346,292,0,0,1
54741,346,302,0,0,1
54819,338,318,0,0,1
54881,322,342,0,0,1
54959,306,368,0,0,1
55022,292,390,0,0,1
55100,276,404,0,0,1
55162,262,416,0,0,1
55240,252,416,0,0,1
55303,246,410,0,0,1
55381,232,386,0,0,1
55443,214,346,0,0,1
55521,208,314,0,0,1
55583,208,292,0,0,1
55661,212,274,0,0,1
55739,218,260,0,0,1
55802,226,252,0,0,1
55880,234,248,0,0,1
55942,254,248,0,0,1
56020,292,248,0,0,1
56083,358,268,0,0,1
56161,392,292,0,0,1
56223,410,326,0,0,1
56301,428,358,0,0,1
56363,446,380,0,0,1
56441,460,394,0,0,1
56504,470,402,0,0,1
56582,480,410,0,0,1
56644,492,418,0,0,1
56722,508,422,0,0,1
56785,528,426,0,0,1
56863,548,426,0,0,1
56925,574,426,0,0,1
57003,594,422,0,0,1
57065,610,420,0,0,1
57143,618,416,0,0,1
57206,628,414,0,0,1
57284,636,408,0,0,1
57346,638,400,0,0,1
57424,634,392,0,0,1
57487,622,372,0,0,1
57549,606,346,0,0,1
57627,598,322,0,0,1
57689,594,302,0,0,1
57767,590,288,0,0,1
57830,582,274,0,0,1
57908,566,262,0,0,1
57970,542,254,0,0,1
58048,508,252,0,0,1
58111,474,258,0,0,1
58189,446,268,0,0,1
58251,422,276,0,0,1
58329,406,290,0,0,1
58391,404,320,0,0,1
58469,412,356,0,0,1
58532,430,384,0,0,1
58610,444,402,0,0,1
58672,448,404,0,0,1
58750,442,404,0,0,1
58813,418,406,0,0,1
58891,390,406,0,0,1
58953,362,406,0,0,1
59031,342,406,0,0,1
59093,328,400,0,0,1
59171,316,392,0,0,1
59234,310,388,0,0,1
59312,306,384,0,0,1
59374,298,382,0,0,1
59452,276,374,0,0,1
59515,264,366,0,0,1
59593,250,360,0,0,1
59655,242,354,0,0,1
59733,240,354,0,0,1
59795,242,354,0,0,1
59873,244,354,0,0,1
59936,244,354,0,0,1
60014,244,354,0,0,1
60076,244,354,0,0,1
60154,244,354,0,0,1
60217,244,354,0,0,1
60295,244,354,0,0,1
60357,244,354,0,0,1
60435,244,354,0,0,1
60497,244,354,0,0,1
60575,244,354,0,0,1
60638,244,354,0,0,1
60716,244,354,0,0,1
60794,244,354,0,0,1
60856,244,354,0,0,1
60934,244,354,0,0,1
60997,244,354,0,0,1
61075,242,354,0,0,1
61137,242,354,0,0,1
61199,242,354,0,0,1
61277,242,354,0,0,1
61340,242,354,0,0,1
61418,242,354,0,0,1
61480,242,354,0,0,1
61558,242,354,0,0,1
61621,242,354,0,0,1
61699,242,354,0,0,1
61761,242,354,0,0,1
61839,242,354,0,0,1
61901,242,354,0,0,1
61979,242,354,0,0,1
62042,242,354,0,0,1
62120,242,354,0,0,1
62182,242,354,0,0,1
62260,242,354,0,0,1
62323,242,354,0,0,1
62401,242,354,0,0,1
62463,242,354,0,0,1
62541,242,354,0,0,1
62603,242,354,0,0,1
62681,242,354,0,0,1
62744,242,354,0,0,1
62822,242,354,0,0,1
62884,242,354,0,0,1
62962,240,354,0,0,1
63025,240,354,0,0,1
63103,240,354,0,0,1
63165,240,354,0,0,1
63243,240,354,0,0,1
63305,238,354,0,0,1
63383,238,354,0,0,1
63446,238,356,0,0,1
63524,238,358,0,0,1
63586,236,360,0,0,1
63664,234,364,0,0,1
63727,234,370,0,0,1
63805,234,376,0,0,1
63867,238,378,0,0,1
63945,252,384,0,0,1
64007,280,392,0,0,1
64085,324,402,0,0,1
64148,352,408,0,0,1
64226,364,408,0,0,1
64288,366,408,0,0,1
64366,372,408,0,0,1
64429,386,410,0,0,1
64507,402,410,0,0,1
64569,408,410,0,0,1
64647,414,410,0,0,1
64709,414,408,0,0,1
64787,412,408,0,0,1
64850,408,406,0,0,1
64928,406,402,0,0,1
64990,406,402,0,0,1
65068,406,402,0,0,1
65131,406,402,0,0,1
65209,406,402,0,0,1
65271,406,402,0,0,1
65349,406,402,0,0,1
65411,406,402,0,0,1
65489,404,402,0,0,1
65552,394,402,0,0,1
65630,356,400,0,0,1
65692,302,400,0,0,1
65770,274,400,0,0,1
65833,260,400,0,0,1
65911,248,400,0,0,1
65973,246,400,0,0,1
66051,244,400,0,0,1
66113,242,400,0,0,1
66191,240,400,0,0,1
66254,240,400,0,0,1
66332,240,400,0,0,1
66394,240,400,0,0,1
66472,240,400,0,0,1
66535,240,400,0,0,1
66613,240,400,0,0,1
66675,240,400,0,0,1
66753,240,400,0,0,1
66815,240,400,0,0,1
66893,240,400,0,0,1
66956,240,400,0,0,1
67034,240,400,0,0,1
67096,240,400,0,0,1
67174,240,400,0,0,1
67237,240,400,0,0,1
67315,244,400,0,0,1
67377,272,402,0,0,1
67455,324,412,0,0,1
67517,378,424,0,0,1
67595,420,428,0,0,1
67658,468,430,0,0,1
67736,496,430,0,0,1
67798,510,432,0,0,1
67876,516,434,0,0,1
67939,516,434,0,0,1
68017,502,434,0,0,1
68079,470,434,0,0,1
68157,448,432,0,0,1
68219,430,430,0,0,1
68297,418,428,0,0,1
68360,408,426,0,0,1
68438,396,424,0,0,1
68500,384,420,0,0,1
68578,374,416,0,0,1
68641,366,414,0,0,1
68719,352,408,0,0,1
68781,334,400,0,0,1
68859,312,390,0,0,1
68921,304,386,0,0,1
68999,320,386,0,0,1
69062,510,386,0,0,1
69140,640,382,0,0,1
69202,640,382,0,0,1
69280,624,376,0,0,1
69343,584,366,0,0,1
69421,556,364,0,0,1
69483,542,362,0,0,1
69561,532,362,0,0,1
69623,524,360,0,0,1
69701,516,360,0,0,1
69764,510,360,0,0,1
69842,500,360,0,0,1
69904,490,360,0,0,1
69982,476,360,0,0,1
70045,456,360,0,0,1
70123,438,360,0,0,1
70185,432,360,0,0,1
70263,428,360,0,0,1
70325,418,360,0,0,1
70403,386,360,0,0,1
70466,352,364,0,0,1
70544,340,366,0,0,1
70606,340,366,0,0,1
70684,340,366,0,0,1
70747,344,366,0,0,1
70825,344,366,0,0,1
70887,326,360,0,0,1
70965,274,348,0,0,1
71027,244,334,0,0,1
71105,236,322,0,0,1
71168,232,310,0,0,1
71246,230,296,0,0,1
71308,236,290,0,0,1
71386,272,280,0,0,1
71449,354,276,0,0,1
71527,408,290,0,0,1
71589,412,292,0,0,1
71667,412,294,0,0,1
71729,422,296,0,0,1
71807,426,298,0,0,1
71870,426,300,0,0,1
71948,424,302,1,0,1
72010,424,302,1,0,1
72088,424,300,1,0,1
72151,424,294,1,0,1
72229,424,290,1,0,1
72291,422,286,1,0,1
72369,422,282,1,0,1
72431,418,282,1,0,1
72509,414,282,1,0,1
72572,410,284,1,0,1
72650,410,284,1,0,1
72712,406,280,1,0,1
72790,402,280,1,0,1
72853,394,280,1,0,1
72931,392,284,1,0,1
72993,388,288,1,0,1
73071,384,294,1,0,1
73133,380,296,1,0,1
73211,382,296,0,0,1
73274,402,292,0,0,1
73352,498,278,0,0,1
73414,546,256,0,0,1
73492,570,234,0,0,1
73555,582,220,0,0,1
73633,588,212,0,0,1
73695,590,202,0,0,1
73773,578,186,0,0,1
73835,500,164,0,0,1
73898,378,218,0,0,1
73976,298,290,0,0,1
74038,292,304,0,0,1
74116,294,310,0,0,1
74179,294,318,0,0,1
74257,276,322,0,0,1
74319,240,346,0,0,1
74397,226,348,0,0,1
74459,224,352,0,0,1
74537,224,352,0,0,1
74600,222,352,0,0,1
74678,202,348,0,0,1
74740,192,344,0,0,1
74818,194,342,0,0,1
74881,204,338,0,0,1
74959,212,334,0,0,1
75021,218,334,0,0,1
75099,218,332,0,0,1
75161,220,330,0,0,1
75239,226,330,0,0,1
75302,236,328,0,0,1
75380,242,326,0,0,1
75442,248,326,0,0,1
75520,254,326,0,0,1
75583,258,326,0,0,1
75661,262,326,0,0,1
75723,264,324,0,0,1
75801,266,324,0,0,1
75863,268,324,0,0,1
75941,270,324,0,0,1
76004,274,324,0,0,1
76082,274,324,0,0,1
76144,274,324,0,0,1
76222,274,324,0,0,1
76285,274,328,0,0,1
76363,276,330,0,0,1
76425,278,330,0,0,1
76503,280,334,0,0,1
76565,286,346,0,0,1
76643,288,352,0,0,1
76706,288,352,0,0,1
76784,286,352,0,0,1
76846,286,354,0,0,1
76924,290,356,1,0,1
76987,294,360,1,0,1
77065,296,362,1,0,1
77127,302,362,1,0,1
77205,304,358,1,0,1
77267,314,346,1,0,1
77345,324,334,1,0,1
77408,330,328,1,0,1
77486,328,326,1,0,1
77548,320,326,1,0,1
77626,318,326,1,0,1
77689,320,322,1,0,1
77767,326,318,1,0,1
77829,336,308,1,0,1
77907,356,290,1,0,1
77969,366,280,1,0,1
78047,372,278,1,0,1
78110,370,278,1,0,1
78188,366,278,1,0,1
78250,356,278,1,0,1
78328,354,278,1,0,1
78391,364,278,0,0,1
78469,472,276,0,0,1
78531,596,292,0,0,1
78609,596,292,0,0,1
78671,594,290,0,0,1
78749,596,284,0,0,1
78812,602,264,0,0,1
78890,570,230,0,0,1
78952,394,252,0,0,1
79030,330,284,0,0,1
79093,328,294,0,0,1
79171,334,294,0,0,1
79233,338,294,0,0,1
79311,338,294,0,0,1
79373,338,294,0,0,1
79451,338,294,1,0,1
79514,338,294,1,0,1
79592,334,296,1,0,1
79654,330,298,1,0,1
79732,328,298,1,0,1
79795,328,298,1,0,1
79873,336,294,1,0,1
79935,346,288,1,0,1
80013,356,286,1,0,1
80076,364,282,1,0,1
80154,370,280,1,0,1
80216,374,280,1,0,1
80294,378,276,1,0,1
80356,382,272,1,0,1
80434,388,264,1,0,1
80497,398,252,1,0,1
80575,412,240,1,0,1
80637,416,236,1,0,1
80715,416,232,1,0,1
80778,416,232,1,0,1
80856,418,230,1,0,1
80918,420,230,1,0,1
80996,420,230,1,0,1
81058,422,228,1,0,1
81136,424,228,0,0,1
81199,430,226,0,0,1
81277,436,224,0,0,1
81339,440,220,0,0,1
81417,454,216,0,0,1
81480,464,214,0,0,1
81558,476,212,0,0,1
81620,488,206,0,0,1
81698,524,192,0,0,1
81760,574,180,0,0,1
81838,578,176,0,0,1
81901,572,166,0,0,1
81979,538,156,0,0,1
82041,466,148,0,0,1
82104,408,150,0,0,1
82182,366,160,0,0,1
82244,328,172,0,0,1
82322,294,180,0,0,1
82384,266,190,0,0,1
82462,242,206,0,0,1
82525,228,234,0,0,1
82603,232,268,0,0,1
82665,266,290,0,0,1
82743,284,284,0,0,1
82806,290,282,0,0,1
82884,294,280,0,0,1
82946,294,280,0,0,1
83024,294,276,0,0,1
83086,294,268,0,0,1
83164,298,264,0,0,1
83227,302,260,0,0,1
83305,308,256,0,0,1
83367,308,254,1,0,1
83445,308,252,1,0,1
83508,310,250,1,0,1
83586,314,244,1,0,1
83648,316,242,1,0,1
83726,314,240,1,0,1
83788,314,240,1,0,1
83866,314,240,1,0,1
83929,314,240,1,0,1
84007,314,240,0,0,1
84069,316,240,0,0,1
84147,312,240,0,0,1
84210,256,266,0,0,1
84288,186,320,0,0,1
84350,168,346,0,0,1
84428,166,366,0,0,1
84490,168,374,0,0,1
84568,166,376,0,0,1
84631,166,380,0,0,1
84709,164,380,0,0,1
84771,160,380,0,0,1
84849,154,376,0,0,1
84912,148,362,0,0,1
84990,142,338,0,0,1
85052,140,312,0,0,1
85130,142,284,0,0,1
85192,148,264,0,0,1
85270,150,248,0,0,1
85333,150,234,0,0,1
85411,150,218,0,0,1
85473,150,204,0,0,1
85551,150,194,0,0,1
85614,152,186,0,0,1
85692,154,176,0,0,1
85754,160,166,0,0,1
85832,164,154,0,0,1
85894,166,144,0,0,1
85972,168,132,0,0,1
86035,170,122,0,0,1
86113,172,114,0,0,1
86191,172,108,0,0,1
86253,172,108,0,0,1
86331,172,108,0,0,1
86394,172,108,0,0,1
86472,174,108,0,0,1
86534,176,108,0,0,1
86612,178,108,0,0,1
86674,180,108,0,0,1
86752,180,110,0,0,1
86815,180,110,0,0,1
86893,182,120,0,0,1
86955,194,136,0,0,1
87033,202,148,0,0,1
87096,208,156,0,0,1
87174,210,160,0,0,1
87236,214,164,0,0,1
87314,216,168,0,0,1
87376,218,170,0,0,1
87439,222,174,0,0,1
87517,228,182,0,0,1
87579,240,190,0,0,1
87657,256,196,0,0,1
87720,270,202,0,0,1
87798,282,208,0,0,1
87860,300,216,0,0,1
87938,324,224,0,0,1
88000,346,232,0,0,1
88078,368,244,0,0,1
88156,386,252,0,0,1
88219,394,254,0,0,1
88297,404,258,0,0,1
88359,416,264,0,0,1
88437,428,272,0,0,1
88500,436,278,0,0,1
88578,440,282,0,0,1
88640,446,286,1,0,1
88718,454,290,1,0,1
88780,462,292,1,0,1
88858,464,294,1,0,1
88921,468,298,1,0,1
88999,468,300,1,0,1
89061,466,302,1,0,1
89139,462,302,1,0,1
89202,458,302,1,0,1
89280,454,302,1,0,1
89342,452,302,1,0,1
89420,448,306,1,0,1
89482,438,308,1,0,1
89560,416,308,1,0,1
89623,358,298,0,0,1
89701,306,298,0,0,1
89763,244,302,0,0,1
89841,230,308,0,0,1
89904,254,314,0,0,1
89982,278,316,0,0,1
90044,284,320,0,0,1
90122,292,322,0,0,1
90184,292,322,0,0,1
90262,292,322,0,0,1
90325,300,318,0,0,1
90403,304,316,0,0,1
90465,304,316,0,0,1
90543,304,316,0,0,1
90606,304,316,0,0,1
90684,304,316,0,0,1
90746,302,316,0,0,1
90824,302,316,0,0,1
90886,302,316,0,0,1
90964,302,316,0,0,1
91027,302,316,0,0,1
91089,304,316,0,0,1
91167,376,332,0,0,1
91245,464,322,0,0,1
91308,472,316,0,0,1
91370,466,316,0,0,1
91448,454,314,0,0,1
91510,452,314,0,0,1
91588,452,314,0,0,1
91651,452,314,0,0,1
91729,452,314,0,0,1
91791,452,314,0,0,1
91869,454,314,0,0,1
91932,454,314,0,0,1
92010,456,314,1,0,1
92072,462,316,1,0,1
92150,472,316,1,0,1
92212,482,316,1,0,1
92290,482,314,1,0,1
92353,484,314,1,0,1
92431,492,312,1,0,1
92493,502,310,1,0,1
92571,504,310,1,0,1
92634,504,310,1,0,1
92712,506,310,1,0,1
92774,510,310,1,0,1
92852,514,310,1,0,1
92914,516,310,1,0,1
92992,520,310,1,0,1
93055,524,310,1,0,1
93133,530,310,1,0,1
93195,536,308,1,0,1
93273,542,308,1,0,1
93336,548,306,0,0,1
93414,568,298,0,0,1
93476,592,282,0,0,1
93554,610,270,0,0,1
93616,626,256,0,0,1
93694,646,236,0,0,1
93757,662,220,0,0,1
93835,678,200,0,0,1
93897,690,184,0,0,1
93975,698,172,0,0,1
94038,710,158,0,0,1
94116,718,146,0,0,1
94178,724,134,0,0,1
94256,726,130,0,0,1
94318,728,128,0,0,1
94396,732,124,0,0,1
94459,738,118,0,0,1
94537,740,116,0,0,1
94599,742,114,0,0,1
94677,742,120,0,0,1
94740,742,136,0,0,1
94818,748,150,0,0,1
94880,750,158,0,0,1
94958,746,160,1,0,1
95020,738,164,1,0,1
95098,730,168,1,0,1
95161,722,174,1,0,1
95239,720,174,1,0,1
95301,718,176,1,0,1
95379,718,178,1,0,1
95442,718,178,1,0,1
95520,718,178,1,0,1
95582,718,178,0,0,1
95660,708,176,0,0,1
95722,596,194,0,0,1
95800,488,218,0,0,1
95863,428,238,0,0,1
95925,400,248,0,0,1
96003,372,262,0,0,1
96066,346,274,0,0,1
96144,322,284,0,0,1
96222,300,284,0,0,1
96284,282,284,0,0,1
96346,268,280,0,0,1
96424,256,274,0,0,1
96487,240,270,0,0,1
96565,226,266,0,0,1
96627,216,258,0,0,1
96705,206,248,0,0,1
96768,194,234,0,0,1
96846,184,220,0,0,1
96908,176,208,0,0,1
96986,170,196,0,0,1
97048,166,188,0,0,1
97126,164,180,0,0,1
97189,162,172,0,0,1
97267,162,168,0,0,1
97329,166,158,0,0,1
97407,190,148,0,0,1
97470,222,138,0,0,1
97548,272,130,0,0,1
97610,348,128,0,0,1
97688,428,128,0,0,1
97750,490,128,0,0,1
97828,520,128,0,0,1
97891,540,128,0,0,1
97969,556,132,0,0,1
98031,568,136,0,0,1
98109,576,138,0,0,1
98172,590,148,0,0,1
98250,606,172,0,0,1
98343,634,224,0,0,1
98421,656,264,0,0,1
98499,666,294,0,0,1
98562,652,316,0,0,1
98640,616,348,0,0,1
98702,586,380,0,0,1
98780,554,406,0,0,1
98842,496,426,0,0,1
98920,438,438,0,0,1
98983,398,446,0,0,1
99061,370,450,0,0,1
99123,348,452,0,0,1
99201,326,452,0,0,1
99264,304,450,0,0,1
99342,280,440,0,0,1
99404,256,428,0,0,1
99482,230,408,0,0,1
99544,214,394,0,0,1
99622,200,378,0,0,1
99685,188,358,0,0,1
99763,178,340,0,0,1
99825,168,322,0,0,1
99903,164,308,0,0,1
99966,162,294,0,0,1
100044,162,280,0,0,1
100106,170,264,0,0,1
100184,180,252,0,0,1
100246,192,242,0,0,1
100324,208,232,0,0,1
100387,226,222,0,0,1
100465,248,214,0,0,1
100527,278,200,0,0,1
100605,322,188,0,0,1
100668,384,176,0,0,1
100746,444,174,0,0,1
100808,490,170,0,0,1
100886,518,170,0,0,1
100948,538,170,0,0,1
101026,554,180,0,0,1
101089,570,198,0,0,1
101167,592,230,0,0,1
101229,606,252,0,0,1
101292,618,276,0,0,1
101370,626,304,0,0,1
101432,628,328,0,0,1
101510,626,356,0,0,1
101572,614,378,0,0,1
101650,594,400,0,0,1
101713,566,418,0,0,1
101791,538,432,0,0,1
101853,512,438,0,0,1
101931,482,446,0,0,1
101994,444,450,0,0,1
102072,404,452,0,0,1
102134,376,456,0,0,1
102212,350,456,0,0,1
102274,332,456,0,0,1
102352,312,456,0,0,1
102415,292,454,0,0,1
102493,276,446,0,0,1
102555,260,438,0,0,1
102633,246,434,0,0,1
102696,236,428,0,0,1
102774,226,422,0,0,1
102836,216,414,0,0,1
102914,200,400,0,0,1
102976,188,386,0,0,1
103054,178,374,0,0,1
103117,172,364,0,0,1
103195,166,348,0,0,1
103257,158,330,0,0,1
103335,154,316,0,0,1
103398,152,302,0,0,1
103476,152,296,0,0,1
103538,160,286,0,0,1
103616,174,272,0,0,1
103678,192,256,0,0,1
103756,222,236,0,0,1
103819,260,218,0,0,1
103897,296,202,0,0,1
103959,336,190,0,0,1
104037,380,182,0,0,1
104100,416,176,0,0,1
104178,444,174,0,0,1
104240,470,172,0,0,1
104318,492,182,0,0,1
104380,516,206,0,0,1
104458,534,232,0,0,1
104521,548,258,0,0,1
104599,558,288,0,0,1
104661,568,314,0,0,1
104739,576,338,0,0,1
104802,576,350,0,0,1
104880,568,360,0,0,1
104942,548,370,0,0,1
105020,526,376,0,0,1
105082,504,382,0,0,1
105160,478,388,0,0,1
105223,448,392,0,0,1
105301,408,396,0,0,1
105363,374,396,0,0,1
105441,348,396,0,0,1
105504,328,392,0,0,1
105582,312,386,0,0,1
105644,300,382,0,0,1
105722,292,372,0,0,1
105784,286,370,0,0,1
105862,278,370,0,0,1
105925,248,362,0,0,1
106003,232,352,0,0,1
106065,220,340,0,0,1
106143,208,328,0,0,1
106206,200,322,0,0,1
106284,192,318,0,0,1
106346,188,314,0,0,1
106424,186,314,0,0,1
106486,186,314,1,0,1
106564,182,312,1,0,1
106627,172,312,1,0,1
106705,156,312,1,0,1
106767,150,312,1,0,1
106845,150,314,1,0,1
106908,162,324,1,0,1
106986,180,340,1,0,1
107048,198,358,1,0,1
107126,210,368,1,0,1
107188,218,376,1,0,1
107266,228,386,1,0,1
107329,232,390,1,0,1
107407,230,390,1,0,1
107469,220,380,1,0,1
107547,214,370,1,0,1
107610,214,366,1,0,1
107688,234,366,0,0,1
107750,316,364,0,0,1
107828,414,364,0,0,1
107890,528,352,0,0,1
107968,596,334,0,0,1
108031,616,320,0,0,1
108109,636,296,0,0,1
108171,644,274,0,0,1
108249,642,258,0,0,1
108312,640,246,0,0,1
108390,640,234,0,0,1
108452,642,226,0,0,1
108530,646,210,0,0,1
108592,644,194,0,0,1
108670,630,172,0,0,1
108733,590,148,0,0,1
108811,528,128,0,0,1
108873,478,118,0,0,1
108951,452,114,0,0,1
109014,438,116,0,0,1
109092,434,132,0,0,1
109154,432,146,0,0,1
109232,428,148,0,0,1
109294,420,148,0,0,1
109372,418,150,0,0,1
109435,418,152,0,0,1
109513,416,152,0,0,1
109575,414,156,0,0,1
109653,408,170,0,0,1
109716,406,176,0,0,1
109794,400,186,0,0,1
109856,394,196,0,0,1
109934,392,202,0,0,1
109996,390,210,0,0,1
110074,386,220,0,0,1
110137,384,234,0,0,1
110215,378,242,0,0,1
110277,372,250,0,0,1
110355,370,256,0,0,1
110418,364,276,0,0,1
110496,364,288,0,0,1
110558,368,292,0,0,1
110636,408,308,0,0,1
110698,504,334,0,0,1
110776,572,354,0,0,1
110839,606,358,0,0,1
110917,624,354,0,0,1
110979,632,334,0,0,1
111057,644,296,0,0,1
111120,646,250,0,0,1
111198,652,218,0,0,1
111260,652,204,0,0,1
111338,652,192,0,0,1
111401,650,182,0,0,1
111479,648,170,0,0,1
111541,642,160,0,0,1
111619,634,150,0,0,1
111681,620,138,0,0,1
111759,594,124,0,0,1
111822,546,110,0,0,1
111900,486,102,0,0,1
111962,422,100,0,0,1
112040,372,102,0,0,1
112103,336,104,0,0,1
112181,306,108,0,0,1
112243,274,118,0,0,1
112321,252,124,0,0,1
112383,230,140,0,0,1
112461,202,168,0,0,1
112524,184,202,0,0,1
112602,176,224,0,0,1
112664,170,254,0,0,1
112742,170,292,0,0,1
112805,172,328,0,0,1
112883,188,370,0,0,1
112945,206,402,0,0,1
113023,226,432,0,0,1
113085,248,460,0,0,1
113163,292,480,0,0,1
113226,358,500,0,0,1
113288,428,506,0,0,1
113366,478,508,0,0,1
113429,514,510,0,0,1
113507,548,516,0,0,1
113569,578,520,0,0,1
113647,602,520,0,0,1
113709,618,516,0,0,1
113787,630,510,0,0,1
113850,640,496,0,0,1
113928,644,478,0,0,1
113990,650,468,0,0,1
114068,652,458,0,0,1
114131,654,452,0,0,1
114209,656,446,0,0,1
114271,656,442,0,0,1
114349,654,434,0,0,1
114411,650,420,0,0,1
114489,648,408,0,0,1
114552,648,398,0,0,1
114630,648,392,0,0,1
114692,648,390,0,0,1
114770,646,384,0,0,1
114833,642,378,0,0,1
114911,640,370,0,0,1
114973,632,358,0,0,1
115051,624,346,0,0,1
115113,618,334,0,0,1
115191,612,326,0,0,1
115254,608,320,0,0,1
115332,602,316,0,0,1
115394,596,312,0,0,1
115472,586,308,0,0,1
115535,570,304,0,0,1
115613,552,300,0,0,1
115675,534,298,0,0,1
115753,516,298,0,0,1
115815,500,298,0,0,1
115893,488,300,0,0,1
115956,476,302,0,0,1
116034,470,304,0,0,1
116096,464,304,0,0,1
116174,460,306,0,0,1
116237,460,306,0,0,1
116315,458,306,0,0,1
116377,456,308,0,0,1
116439,456,308,0,0,1
116517,454,308,0,0,1
116595,454,308,0,0,1
116658,452,310,0,0,1
116736,452,310,0,0,1
116798,452,310,0,0,1
116876,452,310,0,0,1
116939,452,310,0,0,1
117017,452,310,0,0,1
117079,450,310,0,0,1
117141,450,310,0,0,1
117219,450,310,0,0,1
117282,450,310,0,0,1
117360,450,310,0,0,1
117422,450,310,0,0,1
117500,450,310,0,0,1
117578,450,310,0,0,1
117641,450,312,0,0,1
117719,450,314,0,0,1
117781,450,318,0,0,1
117859,452,322,0,0,1
117921,454,328,0,0,1
117999,456,336,0,0,1
118062,458,342,0,0,1
118140,458,344,0,0,1
118202,454,344,0,0,1
118280,450,344,0,0,1
118343,448,344,0,0,1
118421,452,348,0,0,1
118483,472,352,0,0,1
118561,520,364,0,0,1
118623,578,374,0,0,1
118701,604,376,0,0,1
118764,616,376,0,0,1
118842,616,380,0,0,1
118904,586,382,0,0,1
118982,588,384,0,0,1
119045,614,376,0,0,1
119123,630,370,0,0,1
119185,628,370,0,0,1
119263,610,368,0,0,1
119325,594,364,0,0,1
119403,586,360,0,0,1
119466,574,356,0,0,1
119544,562,350,0,0,1
119606,552,348,0,0,1
119684,542,344,0,0,1
119747,532,344,0,0,1
119825,522,340,0,0,1
119887,514,336,0,0,1
119965,510,336,0,0,1
120027,508,334,0,0,1
120105,504,334,0,0,1
120168,496,336,0,0,1
120246,482,340,0,0,1
120308,468,340,0,0,1
120386,462,342,0,0,1
120449,454,346,0,0,1
120527,444,348,0,0,1
120589,436,350,0,0,1
120667,426,348,0,0,1
120729,424,348,0,0,1
120807,420,348,0,0,1
120870,416,344,0,0,1
120948,406,342,0,0,1
121010,396,342,0,0,1
121088,386,338,0,0,1
121151,382,338,0,0,1
121229,378,334,0,0,1
121291,376,332,0,0,1
121369,376,332,0,0,1
121431,376,332,0,0,1
121509,376,330,0,0,1
121572,370,326,0,0,1
121650,366,324,0,0,1
121712,366,324,0,0,1
121790,366,324,0,0,1
121853,366,324,0,0,1
121931,366,324,0,0,1
121993,366,324,0,0,1
122071,362,324,0,0,1
122133,362,324,0,0,1
122211,360,324,0,0,1
122274,360,324,0,0,1
122352,358,324,0,0,1
122414,358,326,0,0,1
122492,358,326,0,0,1
122555,358,326,0,0,1
122633,358,326,0,0,1
122695,358,326,0,0,1
122773,358,326,0,0,1
122835,358,326,0,0,1
122913,360,326,0,0,1
122976,364,328,0,0,1
123054,364,328,0,0,1
123116,360,330,0,0,1
123194,356,332,0,0,1
123257,350,336,0,0,1
123319,348,338,0,0,1
123397,348,338,0,0,1
123459,338,338,0,0,1
123537,304,338,0,0,1
123600,268,344,0,0,1
123678,256,346,0,0,1
123756,254,346,0,0,1
123818,250,346,0,0,1
123896,242,346,0,0,1
123959,222,352,0,0,1
124037,200,360,0,0,1
124099,188,364,0,0,1
124177,180,364,0,0,1
124239,174,366,0,0,1
124317,168,370,0,0,1
124380,164,372,0,0,1
124458,160,376,0,0,1
124520,158,376,0,0,1
124598,158,376,0,0,1
124661,158,376,0,0,1
124723,158,376,0,0,1
124801,158,376,0,0,1
124863,156,376,0,0,1
124941,156,376,0,0,1
125004,156,376,0,0,1
125082,156,376,0,0,1
125144,156,376,0,0,1
125222,156,376,0,0,1
125285,154,376,0,0,1
125363,154,376,0,0,1
125425,154,376,0,0,1
125503,154,376,0,0,1
125565,154,376,0,0,1
125643,154,376,0,0,1
125706,154,376,0,0,1
125784,154,376,0,0,1
125846,166,374,0,0,1
125924,242,354,0,0,1
125987,280,344,0,0,1
126065,292,342,0,0,1
126127,304,338,0,0,1
126205,310,336,0,0,1
126267,334,330,0,0,1
126345,388,310,0,0,1
126408,434,286,0,0,1
126486,446,274,0,0,1
126548,448,268,0,0,1
126626,450,260,0,0,1
126689,454,250,0,0,1
126767,456,238,0,0,1
126829,458,230,0,0,1
126907,458,226,0,0,1
126969,458,224,0,0,1
127047,456,224,0,0,1
127110,456,224,0,0,1
127188,456,224,0,0,1
127250,456,224,0,0,1
127328,456,226,0,0,1
127391,456,226,0,0,1
127469,456,226,0,0,1
127531,456,230,0,0,1
127609,446,248,0,0,1
127671,426,304,0,0,1
127749,424,354,0,0,1
127812,424,390,0,0,1
127890,424,396,0,0,1
127952,424,398,0,0,1
128030,424,398,0,0,1
128093,424,400,0,0,1
128171,424,400,0,0,1
128233,424,400,0,0,1
128311,430,400,0,0,1
128373,456,400,0,0,1
128451,490,406,0,0,1
128514,536,420,0,0,1
128592,560,420,0,0,1
128654,558,420,0,0,1
128732,554,418,0,0,1
128795,574,402,0,0,1
128873,600,378,0,0,1
128935,602,370,0,0,1
129013,596,366,0,0,1
129075,574,360,0,0,1
129153,558,356,0,0,1
129216,552,356,0,0,1
129294,548,354,0,0,1
129356,546,352,0,0,1
129434,544,352,0,0,1
129497,540,350,0,0,1
129575,534,348,0,0,1
129637,528,348,0,0,1
129715,524,346,0,0,1
129793,520,346,0,0,1
129855,514,344,0,0,1
129933,506,342,0,0,1
129996,502,340,0,0,1
130058,498,342,0,0,1
130136,470,364,0,0,1
130199,456,370,0,0,1
130277,456,370,0,0,1
130339,456,370,0,0,1
130417,448,370,0,0,1
130479,432,362,0,0,1
130557,422,360,0,0,1
130620,404,354,0,0,1
130698,394,352,0,0,1
130760,392,350,0,0,1
130838,392,346,0,0,1
130901,392,346,0,0,1
130979,388,340,0,0,1
131057,384,338,0,0,1
131119,384,336,0,0,1
131181,384,336,0,0,1
131259,384,334,0,0,1
131322,390,332,0,0,1
131400,394,326,0,0,1
131462,396,326,0,0,1
131540,396,324,1,0,1
131603,398,324,1,0,1
131681,410,326,1,0,1
131743,418,326,1,0,1
131821,418,326,1,0,1
131899,414,330,1,0,1
131961,408,332,1,0,1
132039,404,334,1,0,1
132102,404,336,1,0,1
132164,406,338,0,0,1
132242,452,354,0,0,1
132305,524,374,0,0,1
132383,550,382,0,0,1
132445,566,392,0,0,1
132523,586,396,0,0,1
132585,598,396,0,0,1
132663,610,398,0,0,1
132726,618,396,0,0,1
132804,626,394,0,0,1
132866,634,388,0,0,1
132944,644,382,0,0,1
133007,650,378,0,0,1
133085,654,376,0,0,1
133147,656,374,0,0,1
133225,656,374,0,0,1
133287,658,372,0,0,1
133365,662,368,0,0,1
133428,670,354,0,0,1
133506,680,324,0,0,1
133568,692,290,0,0,1
133646,694,260,0,0,1
133709,692,238,0,0,1
133787,686,214,0,0,1
133849,682,190,0,0,1
133927,678,164,0,0,1
133989,672,150,0,0,1
134067,668,142,0,0,1
134130,666,140,0,0,1
134208,662,136,0,0,1
134270,656,130,0,0,1
134348,628,126,0,0,1
134411,556,122,0,0,1
134489,488,124,0,0,1
134567,424,136,0,0,1
134629,366,150,0,0,1
134691,328,164,0,0,1
134769,300,184,0,0,1
134847,272,220,0,0,1
134910,258,256,0,0,1
134988,264,288,0,0,1
135050,270,298,0,0,1
135113,274,308,0,0,1
135191,276,312,0,0,1
135253,274,314,0,0,1
135331,270,316,0,0,1
135393,270,316,0,0,1
135471,276,318,0,0,1
135534,280,320,0,0,1
135612,288,322,0,0,1
135674,288,324,0,0,1
135752,288,326,0,0,1
135815,288,326,0,0,1
135893,288,328,0,0,1
135955,288,330,0,0,1
136033,296,344,0,0,1
136095,318,374,0,0,1
136173,394,426,0,0,1
136236,510,452,0,0,1
136314,570,462,0,0,1
136376,612,462,0,0,1
136454,642,462,0,0,1
136517,672,454,0,0,1
136595,692,442,0,0,1
136657,688,410,0,0,1
136735,652,360,0,0,1
136797,588,318,0,0,1
136875,542,292,0,0,1
136938,514,282,0,0,1
137016,492,268,0,0,1
137078,466,264,0,0,1
137156,450,264,0,0,1
137219,448,270,0,0,1
137297,450,272,0,0,1
137359,456,274,0,0,1
137437,460,276,0,0,1
137499,462,276,0,0,1
137577,462,276,0,0,1
137640,462,276,1,0,1
137718,464,276,0,0,1
137780,466,276,1,0,1
137858,466,274,0,0,1
137921,466,274,1,0,1
137999,466,274,0,0,1
138061,466,274,1,0,1
138139,464,272,0,0,1
138201,464,272,1,0,1
138279,464,272,0,0,1
138342,462,272,1,0,1
138420,460,272,0,0,1
138482,452,274,0,0,1
138560,438,276,0,0,1
138623,366,282,0,0,1
138701,256,306,0,0,1
138763,208,318,0,0,1
138841,184,326,0,0,1
138903,172,332,0,0,1
138981,154,332,0,0,1
139044,140,330,0,0,1
139122,120,328,0,0,1
139184,102,312,0,0,1
139262,86,286,0,0,1
139325,76,260,0,0,1
139403,70,228,0,0,1
139465,68,208,0,0,1
139543,78,192,0,0,1
139605,92,172,0,0,1
139668,102,158,0,0,1
139746,104,148,0,0,1
139808,106,142,0,0,1
139886,114,136,0,0,1
139949,130,128,0,0,1
140027,164,116,0,0,1
140089,232,102,0,0,1
140167,320,98,0,0,1
140245,388,98,0,0,1
140307,416,98,0,0,1
140385,442,108,0,0,1
140448,482,128,0,0,1
140526,520,146,0,0,1
140588,542,164,0,0,1
140651,560,190,0,0,1
140729,566,222,0,0,1
140807,566,266,0,0,1
140869,560,296,0,0,1
140947,552,322,0,0,1
141009,536,352,0,0,1
141087,480,372,0,0,1
141150,404,352,0,0,1
141228,374,320,0,0,1
141290,372,304,0,0,1
141353,370,294,0,0,1
141431,368,286,0,0,1
141493,364,284,0,0,1
141571,362,282,0,0,1
141633,360,280,0,0,1
141711,360,280,0,0,1
141774,360,278,0,0,1
141852,358,272,0,0,1
141930,354,266,0,0,1
141992,344,260,0,0,1
142070,340,258,0,0,1
142133,340,258,0,0,1
142211,340,258,0,0,1
142273,340,258,0,0,1
142351,336,258,0,0,1
142413,334,258,0,0,1
142492,334,258,0,0,1
142554,338,258,0,0,1
142632,338,258,0,0,1
142694,342,258,0,0,1
142772,344,258,0,0,1
142835,346,258,0,0,1
142913,350,258,0,0,1
142991,356,258,0,0,1
143053,362,260,0,0,1
143131,364,260,0,0,1
143194,366,264,0,0,1
143272,370,268,0,0,1
143334,372,270,0,0,1
143412,374,272,0,0,1
143474,376,272,0,0,1
143552,382,274,0,0,1
143615,384,278,0,0,1
143693,388,278,0,0,1
143755,388,280,1,0,1
143833,392,284,0,0,1
143896,402,298,1,0,1
143974,408,302,0,0,1
144036,412,304,1,0,1
144114,414,308,0,0,1
144176,414,310,1,0,1
144254,410,310,0,0,1
144317,410,310,1,0,1
144395,408,310,0,0,1
144457,404,308,1,0,1
144535,402,306,0,0,1
144598,402,306,1,0,1
144676,402,306,0,0,1
144738,402,306,1,0,1
144816,402,306,0,0,1
144878,364,318,0,0,1
144956,222,338,0,0,1
145019,194,328,0,0,1
145097,182,310,0,0,1
145159,174,290,0,0,1
145237,166,268,0,0,1
145300,166,248,0,0,1
145378,178,224,0,0,1
145440,180,198,0,0,1
145518,176,176,0,0,1
145580,172,160,0,0,1
145658,172,146,0,0,1
145721,174,136,0,0,1
145799,184,128,0,0,1
145861,204,124,0,0,1
145939,238,114,0,0,1
146002,330,106,0,0,1
146080,430,102,0,0,1
146142,492,104,0,0,1
146220,528,106,0,0,1
146282,556,106,0,0,1
146360,586,110,0,0,1
146423,598,114,0,0,1
146501,606,124,0,0,1
146563,618,144,0,0,1
146641,632,168,0,0,1
146704,636,196,0,0,1
146782,638,220,0,0,1
146844,636,248,0,0,1
146922,620,270,0,0,1
146984,602,278,0,0,1
147062,586,286,0,0,1
147125,574,294,0,0,1
147203,542,294,0,0,1
147265,500,292,0,0,1
147343,478,292,0,0,1
147406,466,290,0,0,1
147484,462,290,0,0,1
147546,458,288,0,0,1
147624,454,288,0,0,1
147686,448,286,1,0,1
147764,442,286,1,0,1
147827,426,290,1,0,1
147905,418,294,1,0,1
147967,416,296,1,0,1
148076,442,292,1,0,1
148154,452,288,1,0,1
148217,454,288,1,0,1
148295,442,288,1,0,1
148357,438,290,1,0,1
148435,438,292,1,0,1
148498,440,292,1,0,1
148576,440,292,1,0,1
148638,440,292,0,0,1
148700,442,292,0,0,1
148778,442,292,0,0,1
148841,442,294,0,0,1
148919,442,296,0,0,1
148981,442,296,0,0,1
149059,442,298,0,0,1
149137,442,300,0,0,1
149200,440,300,0,0,1
149278,432,306,0,0,1
149340,410,326,0,0,1
149418,324,376,0,0,1
149480,244,402,0,0,1
149558,196,416,0,0,1
149621,174,418,0,0,1
149699,164,416,0,0,1
149761,156,414,0,0,1
149839,148,410,0,0,1
149902,140,400,0,0,1
149980,124,378,0,0,1
150042,104,340,0,0,1
150120,96,304,0,0,1
150182,94,264,0,0,1
150260,94,232,0,0,1
150323,100,218,0,0,1
150401,110,206,0,0,1
150463,128,200,0,0,1
150541,148,194,0,0,1
150604,162,190,0,0,1
150682,170,186,0,0,1
150744,180,184,0,0,1
150822,202,182,0,0,1
150884,256,186,0,0,1
150962,326,196,0,0,1
151025,370,210,0,0,1
151103,388,218,0,0,1
151165,396,222,0,0,1
151243,402,228,0,0,1
151306,414,242,0,0,1
151384,426,254,0,0,1
151446,432,258,0,0,1
151524,438,262,1,0,1
151586,442,268,1,0,1
151664,444,276,1,0,1
151727,450,284,1,0,1
151805,452,290,1,0,1
151867,454,294,1,0,1
151945,454,296,1,0,1
152008,452,296,1,0,1
152086,446,296,1,0,1
152148,440,296,1,0,1
152226,438,296,1,0,1
152288,438,296,1,0,1
152366,438,296,1,0,1
152429,438,296,1,0,1
152507,460,328,0,0,1
152569,502,378,0,0,1
152647,534,406,0,0,1
152710,562,418,0,0,1
152788,588,420,0,0,1
152850,604,414,0,0,1
152928,628,404,0,0,1
152990,646,390,0,0,1
153068,662,368,0,0,1
153131,676,330,0,0,1
153209,690,304,0,0,1
153287,702,278,0,0,1
153349,706,250,0,0,1
153427,708,230,0,0,1
153490,706,210,0,0,1
153568,700,192,0,0,1
153630,694,182,0,0,1
153708,688,174,0,0,1
153770,678,164,0,0,1
153848,656,154,0,0,1
153911,602,144,0,0,1
153989,534,152,0,0,1
154051,458,188,0,0,1
154129,402,222,0,0,1
154192,366,252,0,0,1
154270,348,276,0,0,1
154332,344,292,0,0,1
154410,346,304,0,0,1
154472,352,308,0,0,1
154535,366,306,0,0,1
154613,372,302,0,0,1
154675,368,302,0,0,1
154753,362,302,0,0,1
154816,360,302,0,0,1
154894,360,302,0,0,1
154956,360,302,0,0,1
155034,358,300,0,0,1
155096,356,298,0,0,1
155174,356,298,0,0,1
155237,356,298,0,0,1
155315,356,298,0,0,1
155377,356,298,0,0,1
155455,356,298,0,0,1
155518,356,298,0,0,1
155596,364,300,0,0,1
155658,400,306,0,0,1
155736,404,306,0,0,1
155798,404,306,0,0,1
155876,404,308,0,0,1
155939,400,322,1,0,1
156017,398,352,1,0,1
156079,394,362,1,0,1
156157,392,352,1,0,1
156220,386,310,1,0,1
156298,378,288,1,0,1
156360,376,288,1,0,1
156438,374,304,0,0,1
156500,374,308,0,0,1
156578,370,308,0,0,1
156641,370,304,0,0,1
156719,368,302,0,0,1
156781,368,302,0,0,1
156859,368,302,0,0,1
156922,368,302,0,0,1
157000,366,300,0,0,1
157062,366,298,0,0,1
157140,366,298,0,0,1
157202,366,298,0,0,1
157280,366,298,0,0,1
157343,366,298,0,0,1
157421,366,298,0,0,1
157483,368,298,0,0,1
157561,368,298,0,0,1
157624,368,300,0,0,1
157702,368,302,0,0,1
157764,368,306,0,0,1
157842,370,310,0,0,1
157904,376,312,0,0,1
157982,408,312,0,0,1
158045,424,314,0,0,1
158123,424,316,0,0,1
158185,424,324,0,0,1
158263,424,330,0,0,1
158326,428,330,0,0,1
158404,430,330,0,0,1
158466,430,332,0,0,1
158544,428,340,0,0,1
158606,428,352,0,0,1
158684,428,352,0,0,1
158747,428,352,0,0,1
158825,424,352,0,0,1
158887,422,350,0,0,1
158965,420,350,0,0,1
159028,420,350,0,0,1
159106,418,350,0,0,1
159168,416,350,0,0,1
159246,414,350,0,0,1
159308,412,350,0,0,1
159386,410,350,0,0,1
159449,406,350,0,0,1
159527,404,350,0,0,1
159589,404,350,0,0,1
159667,404,350,0,0,1
159730,404,350,0,0,1
159808,408,350,0,0,1
159870,408,350,0,0,1
159948,412,346,0,0,1
160010,416,334,0,0,1
160088,418,326,0,0,1
160151,422,326,0,0,1
160229,424,326,0,0,1
160291,430,324,0,0,1
160369,434,324,0,0,1
160432,434,324,0,0,1
160510,434,324,0,0,1
160572,440,322,0,0,1
160650,448,320,0,0,1
160712,458,320,0,0,1
160790,464,320,0,0,1
160853,476,320,0,0,1
160931,488,324,0,0,1
160993,490,334,0,0,1
161071,472,346,0,0,1
161134,432,360,0,0,1
161212,406,362,0,0,1
161274,396,366,1,0,1
161352,380,366,1,0,1
161414,360,366,1,0,1
161492,346,366,1,0,1
161555,348,366,1,0,1
161633,366,360,1,0,1
161695,378,356,1,0,1
161773,382,354,1,0,1
161836,374,354,1,0,1
161914,356,352,1,0,1
161976,346,350,1,0,1
162054,346,350,1,0,1
162116,364,346,1,0,1
162194,372,340,1,0,1
162257,372,338,1,0,1
162335,364,338,1,0,1
162397,360,338,1,0,1
162475,356,338,1,0,1
162538,356,338,1,0,1
162616,356,338,1,0,1
162678,354,338,1,0,1
162756,346,336,1,0,1
162818,316,330,1,0,1
162896,298,328,1,0,1
162959,286,326,1,0,1
163037,286,326,1,0,1
163099,290,324,1,0,1
163177,290,324,1,0,1
163240,292,324,1,0,1
163318,296,324,1,0,1
163380,300,322,1,0,1
163458,302,322,1,0,1
163520,302,322,1,0,1
163598,302,322,1,0,1
163661,306,322,1,0,1
163739,308,322,1,0,1
163801,310,324,1,0,1
163879,310,324,1,0,1
163942,312,324,1,0,1
164020,312,324,1,0,1
164082,312,326,1,0,1
164160,312,326,0,0,1
164222,312,326,0,0,1
164300,312,326,0,0,1
164363,306,326,0,0,1
164441,298,324,0,0,1
164503,286,318,0,0,1
164581,264,310,0,0,1
164644,252,312,0,0,1
164706,252,314,0,0,1
164784,258,316,0,0,1
164846,260,316,0,0,1
164924,264,316,0,0,1
164987,264,316,0,0,1
165065,268,316,0,0,1
165127,274,316,0,0,1
165205,276,316,0,0,1
165268,276,316,0,0,1
165346,278,316,0,0,1
165408,278,316,0,0,1
165486,280,314,0,0,1
165548,286,314,0,0,1
165626,290,314,0,0,1
165689,292,320,0,0,1
165767,292,322,0,0,1
165829,292,322,0,0,1
165907,292,322,0,0,1
165970,292,322,0,0,1
166048,292,322,0,0,1
166110,292,324,0,0,1
166188,288,324,0,0,1
166250,282,322,0,0,1
166328,272,318,0,0,1
166391,270,318,0,0,1
166469,272,316,0,0,1
166531,274,314,0,0,1
166609,274,314,0,0,1
166672,276,314,0,0,1
166750,276,314,0,0,1
166812,280,312,0,0,1
166890,284,310,0,0,1
166952,288,310,0,0,1
167030,290,308,0,0,1
167093,292,308,0,0,1
167171,294,306,0,0,1
167233,294,306,0,0,1
167311,296,304,0,0,1
167374,296,304,0,0,1
167452,294,304,0,0,1
167514,292,304,0,0,1
167592,290,302,0,0,1
167654,288,302,1,0,1
167732,288,308,1,0,1
167795,286,324,1,0,1
167873,286,342,1,0,1
167935,288,344,1,0,1
168013,290,344,1,0,1
168076,292,332,1,0,1
168154,300,316,1,0,1
168216,306,308,1,0,1
168294,306,308,1,0,1
168356,308,310,1,0,1
168434,308,314,1,0,1
168497,312,322,1,0,1
168575,312,326,1,0,1
168637,312,328,1,0,1
168715,312,322,1,0,1
168778,316,316,1,0,1
168856,316,314,1,0,1
168918,320,310,1,0,1
168996,322,310,1,0,1
169058,322,310,1,0,1
169136,324,310,1,0,1
169199,324,310,1,0,1
169277,328,310,1,0,1
169339,336,306,1,0,1
169417,340,304,1,0,1
169480,340,304,0,0,1
169558,340,304,0,0,1
169620,342,304,0,0,1
169698,342,304,0,0,1
169760,342,304,0,0,1
169838,344,304,0,0,1
169901,342,304,0,0,1
169979,334,306,0,0,1
170041,318,308,0,0,1
170119,298,314,0,0,1
170182,270,322,0,0,1
170260,246,324,0,0,1
170338,232,324,0,0,1
170400,224,324,0,0,1
170478,222,326,0,0,1
170540,230,326,0,0,1
170618,242,328,0,0,1
170681,250,328,0,0,1
170759,258,332,0,0,1
170821,262,332,0,0,1
170899,266,332,0,0,1
170962,270,332,0,0,1
171040,274,332,0,0,1
171102,276,332,0,0,1
171180,278,330,0,0,1
171242,280,330,0,0,1
171320,282,330,0,0,1
171383,282,330,0,0,1
171461,284,328,0,0,1
171523,286,328,0,0,1
171601,290,326,0,0,1
171664,292,326,0,0,1
171742,294,326,0,0,1
171804,296,326,0,0,1
171882,296,326,0,0,1
171944,292,326,0,0,1
172022,286,328,0,0,1
172085,280,328,0,0,1
172163,276,312,0,0,1
172225,254,246,0,0,1
172303,248,222,0,0,1
172366,246,214,0,0,1
172444,246,210,0,0,1
172506,248,208,0,0,1
172584,256,208,0,0,1
172646,272,210,0,0,1
172724,284,212,1,0,1
172787,294,218,1,0,1
172865,296,222,1,0,1
172927,302,234,1,0,1
173005,308,238,1,0,1
173068,318,246,1,0,1
173146,328,252,1,0,1
173208,332,256,1,0,1
173286,332,256,1,0,1
173348,332,256,0,0,1
173426,332,258,0,0,1
173489,334,258,0,0,1
173567,342,262,0,0,1
173629,346,262,0,0,1
173707,354,266,0,0,1
173770,362,268,0,0,1
173848,370,274,0,0,1
173910,376,282,0,0,1
173988,378,288,0,0,1
174051,382,290,0,0,1
174113,390,290,0,0,1
174191,422,284,0,0,1
174253,498,268,0,0,1
174331,554,250,0,0,1
174394,594,234,0,0,1
174472,616,222,0,0,1
174534,628,216,0,0,1
174612,638,210,0,0,1
174675,644,206,0,0,1
174753,646,204,0,0,1
174815,648,200,0,0,1
174893,652,198,0,0,1
174955,654,196,0,0,1
175033,656,196,0,0,1
175096,658,194,0,0,1
175174,662,190,0,0,1
175236,668,186,0,0,1
175314,664,178,0,0,1
175377,640,162,0,0,1
175455,588,146,0,0,1
175517,530,138,0,0,1
175595,466,136,0,0,1
175657,400,136,0,0,1
175735,350,142,0,0,1
175798,312,144,0,0,1
175876,274,146,0,0,1
175938,244,148,0,0,1
176016,220,148,0,0,1
176079,200,148,0,0,1
176157,190,148,0,0,1
176219,180,148,0,0,1
176297,166,148,0,0,1
176391,146,146,0,0,1
176453,136,146,0,0,1
176531,130,146,0,0,1
176593,128,144,0,0,1
176671,126,144,0,0,1
176734,128,142,0,0,1
176812,156,142,0,0,1
176874,244,140,0,0,1
176952,344,140,0,0,1
177015,422,140,0,0,1
177093,486,140,0,0,1
177155,530,144,0,0,1
177233,554,152,0,0,1
177295,576,160,0,0,1
177358,592,172,0,0,1
177436,608,192,0,0,1
177514,630,226,0,0,1
177576,638,248,0,0,1
177654,622,278,0,0,1
177717,574,318,0,0,1
177795,554,332,0,0,1
177857,552,334,0,0,1
177935,552,338,0,0,1
177997,546,354,1,0,1
178075,532,388,1,0,1
178138,518,414,1,0,1
178216,512,414,1,0,1
178278,500,390,1,0,1
178356,482,340,1,0,1
178419,470,318,1,0,1
178497,470,316,1,0,1
178559,470,336,1,0,1
178637,466,358,1,0,1
178699,462,358,1,0,1
178777,454,344,1,0,1
178840,434,312,1,0,1
178918,430,306,1,0,1
178980,426,314,1,0,1
179058,422,354,1,0,1
179121,416,362,1,0,1
179199,412,348,1,0,1
179261,396,316,1,0,1
179339,386,302,1,0,1
179401,386,310,1,0,1
179479,386,336,1,0,1
179542,386,340,1,0,1
179604,386,332,1,0,1
179682,382,308,1,0,1
179745,380,304,1,0,1
179823,376,300,1,0,1
179885,374,300,0,0,1
179963,374,300,0,0,1
180025,378,312,0,0,1
180103,408,344,0,0,1
180166,476,372,0,0,1
180244,520,370,0,0,1
180306,522,364,0,0,1
180384,512,356,0,0,1
180447,506,356,0,0,1
180525,502,348,0,0,1
180587,500,342,0,0,1
180665,494,336,0,0,1
180727,484,332,0,0,1
180805,472,326,0,0,1
180868,464,322,0,0,1
180946,460,320,0,0,1
181008,456,318,0,0,1
181086,452,318,0,0,1
181149,448,318,0,0,1
181227,444,318,0,0,1
181289,438,322,1,0,1
181367,430,330,1,0,1
181429,420,342,1,0,1
181507,418,346,1,0,1
181570,418,336,1,0,1
181648,416,316,1,0,1
181710,406,306,1,0,1
181788,392,320,1,0,1
181851,376,336,1,0,1
181929,376,334,1,0,1
181991,378,316,1,0,1
182069,388,298,1,0,1
182131,388,300,1,0,1
182209,380,312,1,0,1
182272,376,314,1,0,1
182350,376,308,1,0,1
182412,376,290,1,0,1
182490,376,292,1,0,1
182553,364,308,1,0,1
182631,360,314,1,0,1
182693,360,310,1,0,1
182755,360,304,1,0,1
182833,360,298,1,0,1
182896,358,300,0,0,1
182974,352,310,0,0,1
183036,352,314,0,0,1
183114,350,316,0,0,1
183177,350,316,0,0,1
183255,350,316,0,0,1
183317,352,316,0,0,1
183395,364,320,0,0,1
183473,432,360,0,0,1
183535,492,412,0,0,1
183613,508,440,0,0,1
183676,522,462,0,0,1
183754,536,480,0,0,1
183816,544,496,0,0,1
183894,550,508,0,0,1
183957,544,510,0,0,1
184035,530,510,0,0,1
184097,488,504,0,0,1
184175,396,498,0,0,1
184237,324,496,0,0,1
184315,280,496,0,0,1
184378,238,494,0,0,1
184456,202,494,0,0,1
184518,166,490,0,0,1
184596,146,486,0,0,1
184659,136,480,0,0,1
184737,130,476,0,0,1
184799,130,476,0,0,1
184877,126,474,0,0,1
184939,124,470,0,0,1
185017,122,466,0,0,1
185080,134,460,0,0,1
185158,266,448,0,0,1
185220,446,448,0,0,1
185298,470,452,0,0,1
185361,472,452,0,0,1
185439,470,452,0,0,1
185501,470,452,0,0,1
185579,470,452,0,0,1
185641,466,452,0,0,1
185719,464,452,0,0,1
185782,460,446,0,0,1
185860,454,444,0,0,1
185922,448,440,0,0,1
186000,446,436,1,0,1
186063,446,424,1,0,1
186141,448,406,1,0,1
186203,452,390,1,0,1
186281,454,384,1,0,1
186343,434,390,1,0,1
186421,366,402,1,0,1
186484,346,396,1,0,1
186562,360,386,1,0,1
186624,398,370,1,0,1
186702,414,364,1,0,1
186765,410,364,1,0,1
186843,386,364,1,0,1
186905,360,358,1,0,1
186967,364,356,1,0,1
187045,382,350,1,0,1
187108,382,350,1,0,1
187186,358,350,1,0,1
187248,350,350,1,0,1
187326,374,350,1,0,1
187389,386,346,1,0,1
187467,360,346,1,0,1
187545,344,346,1,0,1
187607,346,346,0,0,1
187685,372,346,0,0,1
187747,434,344,0,0,1
187825,526,364,0,0,1
187888,564,388,0,0,1
187966,576,410,0,0,1
188028,592,430,0,0,1
188106,612,454,0,0,1
188169,620,466,0,0,1
188247,616,468,0,0,1
188309,556,452,0,0,1
188371,392,408,0,0,1
188449,292,366,0,0,1
188512,244,346,0,0,1
188590,230,334,0,0,1
188652,228,328,0,0,1
188730,232,328,0,0,1
188808,242,328,0,0,1
188871,250,324,0,0,1
188949,258,320,0,0,1
189011,268,318,0,0,1
189089,274,318,0,0,1
189151,278,318,0,0,1
189229,282,318,0,0,1
189292,286,318,0,0,1
189370,286,318,0,0,1
189432,286,318,0,0,1
189510,288,320,0,0,1
189573,292,320,0,0,1
189651,298,320,0,0,1
189713,300,320,0,0,1
189791,302,320,0,0,1
189853,302,320,0,0,1
189931,302,322,0,0,1
189994,300,324,0,0,1
190072,290,328,0,0,1
190134,276,326,0,0,1
190212,266,326,0,0,1
190275,260,326,0,0,1
190353,258,326,0,0,1
190415,258,326,0,0,1
190493,256,322,0,0,1
190555,264,316,0,0,1
190633,276,312,0,0,1
190696,278,310,0,0,1
190774,276,310,1,0,1
190836,270,310,1,0,1
190914,262,316,1,0,1
190977,258,316,1,0,1
191055,262,316,1,0,1
191117,290,310,1,0,1
191195,306,306,1,0,1
191257,286,310,1,0,1
191335,260,318,1,0,1
191398,262,318,1,0,1
191476,306,312,1,0,1
191538,306,312,1,0,1
191616,264,322,1,0,1
191679,254,326,1,0,1
191757,300,314,1,0,1
191819,360,308,0,0,1
191897,456,306,0,0,1
191959,536,308,0,0,1
192037,584,312,0,0,1
192100,614,316,0,0,1
192178,630,308,0,0,1
192240,652,300,0,0,1
192318,668,292,0,0,1
192381,672,284,0,0,1
192459,678,266,0,0,1
192521,688,242,0,0,1
192599,692,214,0,0,1
192661,678,184,0,0,1
192739,652,166,0,0,1
192802,630,150,0,0,1
192880,600,138,0,0,1
192942,564,126,0,0,1
193020,520,114,0,0,1
193083,490,108,0,0,1
193161,442,106,0,0,1
193223,388,108,0,0,1
193301,350,110,0,0,1
193363,316,112,0,0,1
193441,290,112,0,0,1
193504,258,112,0,0,1
193582,220,120,0,0,1
193644,192,128,0,0,1
193722,174,136,0,0,1
193785,158,150,0,0,1
193863,144,170,0,0,1
193925,136,196,0,0,1
194003,126,216,0,0,1
194065,126,218,0,0,1
194143,126,218,0,0,1
194206,132,216,1,0,1
194284,138,212,1,0,1
194346,140,212,1,0,1
194424,142,204,1,0,1
194487,146,196,1,0,1
194565,164,180,1,0,1
194627,180,168,1,0,1
194705,194,160,1,0,1
194767,204,158,1,0,1
194845,206,154,1,0,1
194908,214,146,1,0,1
194986,222,136,1,0,1
195048,236,128,1,0,1
195126,246,126,1,0,1
195189,256,126,1,0,1
195267,266,128,1,0,1
195329,282,128,1,0,1
195407,312,130,1,0,1
195469,324,130,1,0,1
195547,328,132,1,0,1
195610,336,158,0,0,1
195688,394,254,0,0,1
195766,456,350,0,0,1
195828,500,402,0,0,1
195906,528,434,0,0,1
195969,550,462,0,0,1
196047,568,484,0,0,1
196109,598,490,0,0,1
196187,612,494,0,0,1
196249,618,494,0,0,1
196327,620,492,0,0,1
196390,614,470,0,0,1
196468,570,432,0,0,1
196530,534,430,0,0,1
196608,510,430,0,0,1
196671,472,430,0,0,1
196749,426,440,0,0,1
196811,366,450,0,0,1
196889,322,448,0,0,1
196951,292,444,0,0,1
197029,256,434,0,0,1
197092,222,424,0,0,1
197170,188,410,0,0,1
197232,162,396,0,0,1
197310,144,380,0,0,1
197373,130,364,0,0,1
197451,116,340,0,0,1
197513,104,318,0,0,1
197591,100,300,0,0,1
197653,100,284,0,0,1
197731,108,256,0,0,1
197794,116,236,0,0,1
197872,126,212,0,0,1
197934,142,192,0,0,1
198012,168,178,0,0,1
198075,210,164,0,0,1
198153,270,162,0,0,1
198215,320,162,0,0,1
198293,346,174,0,0,1
198355,360,206,0,0,1
198433,372,250,0,0,1
198496,362,264,0,0,1
198574,358,274,0,0,1
198636,352,278,0,0,1
198714,350,282,1,0,1
198777,348,302,1,0,1
198855,350,330,1,0,1
198917,352,340,1,0,1
198995,352,324,1,0,1
199057,350,286,1,0,1
199135,350,282,1,0,1
199198,350,304,1,0,1
199276,350,318,1,0,1
199338,350,308,1,0,1
199416,352,282,1,0,1
199479,356,280,1,0,1
199557,354,292,1,0,1
199619,354,296,1,0,1
199697,360,276,1,0,1
199759,372,268,1,0,1
199837,370,280,1,0,1
199900,366,284,1,0,1
199978,370,272,1,0,1
200040,374,270,1,0,1
200118,374,274,0,0,1
200181,372,264,0,0,1
200259,402,194,0,0,1
200337,454,170,0,0,1
200415,490,154,0,0,1
200477,512,140,0,0,1
200555,532,132,0,0,1
200617,548,128,0,0,1
200695,560,122,0,0,1
200773,572,120,0,0,1
200836,588,122,0,0,1
200914,606,136,0,0,1
200976,630,174,0,0,1
201054,644,220,0,0,1
201117,650,268,0,0,1
201195,640,308,0,0,1
201257,626,350,0,0,1
201335,610,394,0,0,1
201397,582,432,0,0,1
201475,534,452,0,0,1
201538,484,462,0,0,1
201616,456,456,0,0,1
201678,428,438,0,0,1
201756,398,406,0,0,1
201819,372,372,0,0,1
201897,350,342,0,0,1
201959,342,330,0,0,1
202037,342,328,0,0,1
202099,342,328,0,0,1
202177,342,328,0,0,1
202240,342,328,0,0,1
202318,346,328,0,0,1
202380,350,328,0,0,1
202458,358,328,0,0,1
202521,364,328,0,0,1
202599,370,328,0,0,1
202661,370,328,0,0,1
202739,372,328,0,0,1
202801,374,328,0,0,1
202879,372,326,0,0,1
202942,372,326,0,0,1
203020,372,326,0,0,1
203082,372,326,0,0,1
203160,372,326,0,0,1
203223,372,326,0,0,1
203301,374,326,0,0,1
203363,374,326,0,0,1
203441,372,326,0,0,1
203503,370,326,0,0,1
203581,370,326,0,0,1
203644,374,326,0,0,1
203722,380,334,0,0,1
203784,416,342,0,0,1
203862,524,346,0,0,1
203925,592,348,0,0,1
204003,610,346,0,0,1
204065,620,336,0,0,1
204143,638,320,0,0,1
204205,658,280,0,0,1
204283,672,232,0,0,1
204346,674,204,0,0,1
204424,660,190,0,0,1
204486,636,180,0,0,1
204564,586,168,0,0,1
204627,530,156,0,0,1
204705,486,152,0,0,1
204767,440,150,0,0,1
204845,400,156,0,0,1
204908,352,190,0,0,1
204986,322,264,0,0,1
205048,312,332,0,0,1
205126,308,364,0,0,1
205188,308,372,0,0,1
205266,310,370,0,0,1
205329,312,356,0,0,1
205407,310,348,0,0,1
205469,310,348,0,0,1
205547,312,348,0,0,1
205610,318,346,0,0,1
205688,320,342,0,0,1
205750,324,340,0,0,1
205828,324,340,0,0,1
205906,326,338,0,0,1
205968,326,336,0,0,1
206046,326,334,0,0,1
206109,326,332,0,0,1
206187,328,332,0,0,1
206249,328,332,0,0,1
206327,330,332,0,0,1
206390,330,332,0,0,1
206468,330,332,0,0,1
206530,330,332,0,0,1
206608,330,330,0,0,1
206670,330,330,0,0,1
206748,332,330,0,0,1
206811,334,328,0,0,1
206889,336,328,0,0,1
206951,338,326,0,0,1
207029,340,326,0,0,1
207092,344,322,0,0,1
207170,352,318,0,0,1
207232,356,316,0,0,1
207310,362,314,0,0,1
207372,364,314,0,0,1
207450,370,310,0,0,1
207513,376,306,0,0,1
207591,384,300,0,0,1
207653,394,294,0,0,1
207731,402,286,0,0,1
207794,412,278,0,0,1
207872,416,274,0,0,1
207934,424,272,0,0,1
208012,428,266,0,0,1
208074,436,262,0,0,1
208152,438,260,0,0,1
208215,440,260,0,0,1
208293,440,260,0,0,1
208355,440,262,0,0,1
208433,440,264,0,0,1
208496,442,266,0,0,1
208574,442,268,0,0,1
208636,440,270,0,0,1
208714,438,274,0,0,1
208776,438,274,0,0,1
208854,442,276,0,0,1
208932,444,280,0,0,1
208995,446,286,0,0,1
209073,450,290,0,0,1
209135,460,300,0,0,1
209213,482,318,0,0,1
209276,548,316,0,0,1
209354,610,296,0,0,1
209416,624,278,0,0,1
209494,640,244,0,0,1
209556,652,220,0,0,1
209634,656,200,0,0,1
209697,662,188,0,0,1
209775,664,176,0,0,1
209837,660,166,0,0,1
209915,642,154,0,0,1
209978,586,144,0,0,1
210056,478,150,0,0,1
210118,400,188,0,0,1
210196,346,244,0,0,1
210258,304,276,0,0,1
210336,266,296,0,0,1
210399,242,304,0,0,1
210477,230,300,0,0,1
210539,218,292,0,0,1
210617,206,286,0,0,1
210680,202,274,0,0,1
210758,200,256,0,0,1
210820,200,254,0,0,1
210898,218,300,0,0,1
210960,262,356,0,0,1
211038,270,388,0,0,1
211101,270,396,0,0,1
211179,262,394,0,0,1
211241,262,394,1,0,1
211319,260,410,1,0,1
211382,258,420,1,0,1
211460,258,414,1,0,1
211522,268,390,1,0,1
211600,282,346,1,0,1
211662,322,260,1,0,1
211740,348,222,1,0,1
211803,376,190,1,0,1
211881,408,152,1,0,1
211959,422,140,1,0,1
212021,434,130,1,0,1
212099,444,128,1,0,1
212162,454,124,1,0,1
212240,470,118,1,0,1
212302,488,112,1,0,1
212380,516,102,1,0,1
212442,542,96,1,0,1
212505,560,92,1,0,1
212583,578,88,1,0,1
212645,596,84,1,0,1
212723,608,84,1,0,1
212801,620,100,1,0,1
212864,648,154,1,0,1
212926,660,270,1,0,1
213004,644,352,1,0,1
213082,610,406,1,0,1
213144,582,454,1,0,1
213222,568,478,1,0,1
213285,548,502,1,0,1
213363,516,514,0,0,1
213425,456,516,0,0,1
213503,384,516,0,0,1
213566,334,516,0,0,1
213644,316,510,0,0,1
213706,300,498,0,0,1
213784,282,474,0,0,1
213846,258,426,0,0,1
213924,238,388,0,0,1
213987,226,362,0,0,1
214065,220,344,0,0,1
214127,224,332,0,0,1
214205,240,324,0,0,1
214268,256,314,0,0,1
214346,268,306,0,0,1
214408,272,294,0,0,1
214486,272,288,0,0,1
214548,266,286,0,0,1
214626,258,286,0,0,1
214689,252,288,0,0,1
214767,248,288,0,0,1
214829,246,288,0,0,1
214907,242,288,0,0,1
214970,236,286,0,0,1
215048,228,282,0,0,1
215110,226,280,0,0,1
215188,230,276,0,0,1
215250,244,274,0,0,1
215328,258,268,0,0,1
215391,258,268,0,0,1
215469,250,268,0,0,1
215531,242,274,0,0,1
215609,232,280,0,0,1
215672,218,288,0,0,1
215750,198,304,0,0,1
215812,186,312,0,0,1
215890,176,320,0,0,1
215952,174,324,0,0,1
216030,184,324,0,0,1
216093,216,326,0,0,1
216171,260,316,0,0,1
216233,298,306,0,0,1
216311,304,302,0,0,1
216374,308,298,0,0,1
216436,310,294,0,0,1
216514,310,292,0,0,1
216592,290,264,0,0,1
216654,244,238,0,0,1
216732,234,234,0,0,1
216795,234,232,0,0,1
216857,232,234,0,0,1
216935,230,250,0,0,1
216998,222,260,0,0,1
217076,218,270,0,0,1
217138,216,274,0,0,1
217216,216,280,0,0,1
217278,220,286,0,0,1
217356,222,298,0,0,1
217419,222,302,0,0,1
217497,224,302,1,0,1
217559,228,300,1,0,1
217637,232,298,1,0,1
217700,238,296,1,0,1
217778,244,296,1,0,1
217840,260,294,1,0,1
217918,270,292,1,0,1
217980,282,292,1,0,1
218058,290,292,1,0,1
218121,304,290,1,0,1
218199,318,288,1,0,1
218261,332,288,1,0,1
218355,344,288,1,0,1
218433,350,292,1,0,1
218511,362,306,1,0,1
218573,362,310,1,0,1
218651,372,312,1,0,1
218714,406,320,0,0,1
218792,426,330,0,0,1
218854,442,344,0,0,1
218932,470,364,0,0,1
218994,518,390,0,0,1
219072,556,392,0,0,1
219135,588,382,0,0,1
219213,610,376,0,0,1
219275,628,366,0,0,1
219353,646,354,0,0,1
219416,662,340,0,0,1
219494,670,322,0,0,1
219556,674,306,0,0,1
219634,670,288,0,0,1
219696,652,248,0,0,1
219774,618,212,0,0,1
219837,552,228,0,0,1
219915,484,306,0,0,1
219977,446,366,0,0,1
220055,430,382,0,0,1
220118,426,390,0,0,1
220196,420,396,0,0,1
220258,420,396,0,0,1
220336,418,404,0,0,1
220398,420,416,0,0,1
220476,420,420,0,0,1
220539,432,410,0,0,1
220617,472,374,0,0,1
220679,472,360,0,0,1
220757,460,356,0,0,1
220835,458,356,0,0,1
220898,460,362,0,0,1
220976,470,382,0,0,1
221038,480,404,0,0,1
221116,500,434,0,0,1
221178,504,442,0,0,1
221256,512,462,0,0,1
221319,518,476,0,0,1
221397,522,486,0,0,1
221459,532,500,0,0,1
221537,540,508,0,0,1
221600,548,510,0,0,1
221678,564,510,0,0,1
221740,574,498,0,0,1
221802,566,450,0,0,1
221880,494,322,0,0,1
221958,380,212,0,0,1
222021,308,196,0,0,1
222099,258,212,0,0,1
222161,250,274,0,0,1
222239,258,340,0,0,1
222302,266,362,0,0,1
222380,250,350,0,0,1
222442,200,306,0,0,1
222520,158,250,0,0,1
222582,144,226,0,0,1
222660,134,206,0,0,1
222723,132,192,0,0,1
222801,134,178,0,0,1
222863,158,156,0,0,1
222941,208,134,0,0,1
223004,274,116,0,0,1
223082,362,104,0,0,1
223144,440,102,0,0,1
223222,496,110,0,0,1
223284,552,126,0,0,1
223362,588,138,0,0,1
223425,614,166,0,0,1
223503,642,224,0,0,1
223565,652,296,0,0,1
223643,654,360,0,0,1
223706,654,430,0,0,1
223784,640,482,0,0,1
223846,632,512,0,0,1
223924,630,532,0,0,1
223986,628,538,0,0,1
224064,628,540,0,0,1
224142,628,546,0,0,1
224205,628,548,0,0,1
224283,628,550,0,0,1
224345,628,550,0,0,1
224423,630,550,0,0,1
224486,634,550,0,0,1
224564,642,548,0,0,1
224626,650,546,0,0,1
224704,656,546,0,0,1
224766,660,544,0,0,1
224829,664,544,0,0,1
224907,666,544,0,0,1
224985,668,544,0,0,1
225047,668,546,0,0,1
225125,668,546,0,0,1
225188,668,546,0,0,1
225266,668,546,0,0,1
225328,668,548,0,0,1
225406,668,548,0,0,1
225468,668,548,0,0,1
225546,662,538,0,0,1
225609,636,510,0,0,1
225687,578,484,0,0,1
225749,492,462,0,0,1
225827,414,446,0,0,1
225890,326,420,0,0,1
225968,274,406,0,0,1
226030,252,404,0,0,1
226108,246,404,0,0,1
226170,246,404,0,0,1
226248,238,390,0,0,1
226311,218,344,0,0,1
226389,206,272,0,0,1
226451,216,230,0,0,1
226529,250,208,0,0,1
226592,292,190,0,0,1
226670,324,172,0,0,1
226732,350,160,0,0,1
226810,378,142,0,0,1
226872,420,128,0,0,1
226950,462,122,0,0,1
227013,504,122,0,0,1
227091,538,126,0,0,1
227153,556,130,0,0,1
227231,554,130,0,0,1
227294,500,130,0,0,1
227372,374,122,0,0,1
227434,304,136,0,0,1
227512,268,166,0,0,1
227574,264,182,0,0,1
227652,264,188,0,0,1
227715,264,194,0,0,1
227793,270,208,0,0,1
227855,278,212,1,0,1
227933,292,220,1,0,1
227996,306,228,1,0,1
228074,316,234,1,0,1
228136,324,236,1,0,1
228214,340,240,0,0,1
228276,396,240,0,0,1
228354,490,232,0,0,1
228417,546,222,0,0,1
228495,572,210,0,0,1
228557,592,208,0,0,1
228635,616,218,0,0,1
228698,632,224,0,0,1
228776,642,238,0,0,1
228854,652,252,0,0,1
228916,662,278,0,0,1
228994,648,290,0,0,1
229056,576,294,0,0,1
229134,468,280,0,0,1
229197,394,282,0,0,1
229275,382,282,0,0,1
229337,374,280,0,0,1
229415,372,280,1,0,1
229478,378,280,1,0,1
229556,392,288,1,0,1
229618,400,290,1,0,1
229696,406,292,1,0,1
229758,408,298,0,0,1
229821,418,322,0,0,1
229899,422,338,0,0,1
229961,418,336,0,0,1
230039,412,322,0,0,1
230117,418,306,0,0,1
230180,418,300,0,0,1
230258,416,292,0,0,1
230320,414,284,0,0,1
230398,414,282,0,0,1
230460,418,274,0,0,1
230538,418,270,0,0,1
230601,424,278,0,0,1
230679,468,338,0,0,1
230741,524,406,0,0,1
230819,556,456,0,0,1
230882,578,480,0,0,1
230960,594,492,0,0,1
231022,608,504,0,0,1
231100,632,520,0,0,1
231162,652,530,0,0,1
231240,656,534,0,0,1
231303,660,536,0,0,1
231381,660,538,0,0,1
