15,566,73,0,0,1
93,566,73,0,0,1
171,566,73,0,0,1
265,566,73,0,0,1
343,566,73,0,0,1
421,566,73,0,0,1
499,566,73,0,0,1
577,566,73,0,0,1
655,566,73,0,0,1
733,566,73,0,0,1
826,566,73,0,0,1
904,521,81,0,0,1
982,468,102,0,0,1
1060,455,108,0,0,1
1138,453,110,0,0,1
1216,425,132,0,0,1
1294,423,133,0,0,1
1372,397,146,0,0,1
1466,369,159,0,0,1
1544,360,164,0,0,1
1622,338,172,0,0,1
1700,317,180,0,0,1
1778,302,187,0,0,1
1856,302,187,0,0,1
1934,302,187,0,0,1
2028,302,187,0,0,1
2106,302,187,0,0,1
2184,301,187,0,0,1
2262,301,186,0,0,1
2340,273,197,0,0,1
2418,228,229,0,0,1
2496,226,233,0,0,1
2574,226,233,0,0,1
2667,226,233,0,0,1
2745,237,235,0,0,1
2823,290,238,0,0,1
2901,295,239,0,0,1
2979,296,238,0,0,1
3057,335,233,0,0,1
3135,359,229,0,0,1
3229,367,227,0,0,1
3307,371,224,0,0,1
3385,390,205,0,0,1
3463,399,190,0,0,1
3541,410,175,0,0,1
3619,423,163,0,0,1
3697,424,162,0,0,1
3790,424,162,0,0,1
3868,424,162,0,0,1
3946,436,160,0,0,1
4024,443,161,0,0,1
4102,450,166,0,0,1
4180,460,178,0,0,1
4258,465,188,0,0,1
4336,470,203,0,0,1
4430,471,219,0,0,1
4508,468,231,0,0,1
4586,460,243,0,0,1
4664,459,244,0,0,1
4742,445,247,0,0,1
4820,408,251,0,0,1
4914,395,248,0,0,1
4992,382,242,0,0,1
5070,373,230,0,0,1
5148,365,203,0,0,1
5226,364,181,0,0,1
5304,376,149,0,0,1
5382,394,119,0,0,1
5460,412,103,0,0,1
5553,434,97,0,0,1
5631,455,99,0,0,1
5709,476,110,0,0,1
5787,484,117,0,0,1
5865,492,131,0,0,1
5943,493,160,0,0,1
6021,488,182,0,0,1
6099,477,203,0,0,1
6193,453,224,0,0,1
6271,424,237,0,0,1
6349,394,241,0,0,1
6427,374,239,0,0,1
6505,346,228,0,0,1
6583,333,221,0,0,1
6661,321,205,0,0,1
6739,316,181,0,0,1
6832,320,156,0,0,1
6910,328,142,0,0,1
6988,343,130,0,0,1
7066,363,126,0,0,1
7144,386,130,0,0,1
7222,392,133,0,0,1
7300,410,145,0,0,1
7394,417,154,0,0,1
7472,420,168,0,0,1
7550,420,191,0,0,1
7628,412,212,0,0,1
7706,397,239,0,0,1
7784,374,265,0,0,1
7862,340,280,0,0,1
7956,306,285,0,0,1
8034,294,280,0,0,1
8112,280,263,0,0,1
8190,279,246,0,0,1
8268,287,222,0,0,1
8346,294,201,0,0,1
8424,297,195,0,0,1
8502,318,175,0,0,1
8595,329,166,0,0,1
8673,332,167,0,0,1
8751,346,170,0,0,1
8829,365,176,0,0,1
8907,399,190,0,0,1
8985,412,197,0,0,1
9063,412,197,0,0,1
9141,412,197,0,0,1
9235,412,197,0,0,1
9313,412,231,0,0,1
9391,411,257,0,0,1
9469,401,292,0,0,1
9547,377,322,0,0,1
9625,329,335,0,0,1
9703,248,314,0,0,1
9796,233,304,0,0,1
9874,239,265,0,0,1
9952,261,231,0,0,1
10030,292,205,0,0,1
10108,324,186,0,0,1
10186,345,180,0,0,1
10264,361,188,0,0,1
10358,375,196,0,0,1
10436,387,205,0,0,1
10514,402,218,0,0,1
10592,416,237,0,0,1
10670,419,260,0,0,1
10748,418,274,0,0,1
10826,416,275,0,0,1
10904,395,281,0,0,1
10998,392,281,0,0,1
11076,388,282,0,0,1
11154,388,282,0,0,1
11232,388,282,0,0,1
11310,390,283,0,0,1
11388,395,286,0,0,1
11466,395,286,0,0,1
11559,395,286,0,0,1
11637,395,288,0,0,1
11715,395,288,0,0,1
11793,395,288,0,0,1
11871,397,289,0,0,1
11949,396,289,0,0,1
12027,395,288,0,0,1
12105,395,288,0,0,1
12199,396,289,0,0,1
12277,398,291,0,0,1
12355,398,291,0,0,1
12433,397,290,0,0,1
12511,396,290,0,0,1
12589,394,291,0,0,1
12667,392,294,0,0,1
12745,394,295,0,0,1
12838,395,295,0,0,1
12916,394,295,0,0,1
12994,391,293,0,0,1
13072,391,293,0,0,1
13150,394,296,0,0,1
13228,397,298,0,0,1
13306,397,298,0,0,1
13400,394,296,0,0,1
13478,394,296,0,0,1
13556,394,296,0,0,1
13634,399,299,0,0,1
13712,399,299,0,0,1
13790,398,298,0,0,1
13868,396,296,0,0,1
13946,396,296,0,0,1
14040,396,297,0,0,1
14118,401,300,0,0,1
14196,403,301,0,0,1
14274,403,297,0,0,1
14352,402,296,0,0,1
14430,401,296,0,0,1
14508,401,296,0,0,1
14586,399,300,0,0,1
14679,402,302,0,0,1
14757,403,302,0,0,1
14835,403,302,0,0,1
14913,402,301,0,0,1
14991,400,298,0,0,1
15069,399,298,0,0,1
15147,399,298,0,0,1
15241,403,301,0,0,1
15319,405,302,0,0,1
15397,410,298,0,0,1
15475,407,296,0,0,1
15553,404,295,0,0,1
15631,395,300,0,0,1
15709,396,306,0,0,1
15787,404,312,0,0,1
15880,405,313,0,0,1
15959,404,313,0,0,1
16037,399,310,0,0,1
16115,387,317,0,0,1
16193,381,326,0,0,1
16271,386,330,0,0,1
16349,388,330,0,0,1
16442,389,328,0,0,1
16520,387,326,0,0,1
16598,386,326,0,0,1
16676,392,335,0,0,1
16754,409,341,0,0,1
16832,419,338,0,0,1
16910,414,335,0,0,1
17004,403,335,0,0,1
17082,400,335,0,0,1
17160,401,338,0,0,1
17238,408,342,0,0,1
17316,407,342,0,0,1
17394,398,337,0,0,1
17472,398,337,0,0,1
17550,402,343,0,0,1
17643,407,342,0,0,1
17721,411,323,0,0,1
17799,407,319,0,0,1
17877,405,322,0,0,1
17955,408,327,0,0,1
18033,412,325,0,0,1
18111,414,317,0,0,1
18189,404,312,0,0,1
18283,401,314,0,0,1
18361,407,322,0,0,1
18439,417,317,0,0,1
18517,415,315,0,0,1
18595,412,314,0,0,1
18673,409,320,0,0,1
18751,415,327,0,0,1
18845,419,320,0,0,1
18923,412,313,0,0,1
19001,404,309,0,0,1
19079,402,319,0,0,1
19157,415,316,0,0,1
19235,418,306,0,0,1
19313,413,303,0,0,1
19391,398,309,0,0,1
19484,397,316,0,0,1
19562,401,315,0,0,1
19640,406,309,0,0,1
19718,400,305,0,0,1
19796,392,299,0,0,1
19874,392,302,0,0,1
19952,402,309,0,0,1
20030,419,307,0,0,1
20124,418,305,0,0,1
20202,412,300,0,0,1
20280,410,300,0,0,1
20358,415,311,0,0,1
20436,425,308,0,0,1
20514,424,305,0,0,1
20592,413,296,0,0,1
20670,393,296,0,0,1
20763,393,297,0,0,1
20841,399,305,0,0,1
20919,407,300,0,0,1
20997,405,295,0,0,1
21075,402,291,0,0,1
21153,399,298,0,0,1
21231,404,305,0,0,1
21325,422,302,0,0,1
21403,426,300,0,0,1
21481,421,297,0,0,1
21559,415,303,0,0,1
21637,419,311,0,0,1
21715,427,309,0,0,1
21793,422,300,0,0,1
21871,414,295,0,0,1
21965,412,299,0,0,1
22043,418,307,0,0,1
22121,428,300,0,0,1
22199,402,281,0,0,1
22277,366,278,0,0,1
22355,356,290,0,0,1
22433,395,301,0,0,1
22511,423,299,0,0,1
22604,419,291,0,0,1
22682,414,287,0,0,1
22760,413,302,0,0,1
22838,437,309,0,0,1
22916,440,298,0,0,1
22994,425,292,0,0,1
23072,405,306,0,0,1
23150,414,322,0,0,1
23244,452,317,0,0,1
23322,447,308,0,0,1
23400,437,306,0,0,1
23478,435,326,0,0,1
23556,451,327,0,0,1
23634,453,313,0,0,1
23712,434,301,0,0,1
23790,417,305,0,0,1
23883,428,322,0,0,1
23961,450,319,0,0,1
24039,444,305,0,0,1
24117,402,296,0,0,1
24195,392,313,0,0,1
24273,411,320,0,0,1
24351,418,305,0,0,1
24445,405,286,0,0,1
24523,403,289,0,0,1
24601,419,305,0,0,1
24679,446,294,0,0,1
24757,440,281,0,0,1
24835,430,277,0,0,1
24913,426,293,0,0,1
25007,451,295,0,0,1
25085,459,285,0,0,1
25163,449,283,0,0,1
25241,430,295,0,0,1
25319,439,320,0,0,1
25397,476,330,0,0,1
25475,481,328,0,0,1
25568,462,319,0,0,1
25646,453,327,0,0,1
25724,455,324,0,0,1
25802,429,282,0,0,1
25880,417,284,0,0,1
25958,428,299,0,0,1
26036,427,291,0,0,1
26114,421,284,0,0,1
26208,416,297,0,0,1
26286,431,303,0,0,1
26364,422,286,0,0,1
26442,400,284,0,0,1
26520,390,296,0,0,1
26598,393,301,0,0,1
26676,394,296,0,0,1
26754,392,294,0,0,1
26847,394,298,0,0,1
26925,402,303,0,0,1
27003,401,298,0,0,1
27081,397,291,0,0,1
27159,397,292,0,0,1
27237,404,295,0,0,1
27315,404,288,0,0,1
27409,400,287,0,0,1
27487,380,316,0,0,1
27565,388,319,0,0,1
27643,409,319,0,0,1
27721,409,316,0,0,1
27799,421,323,0,0,1
27877,436,330,0,0,1
27955,426,313,0,0,1
28049,425,313,0,0,1
28127,427,319,0,0,1
28205,420,315,0,0,1
28283,416,311,0,0,1
28361,426,322,0,0,1
28439,428,323,0,0,1
28517,422,322,0,0,1
28610,415,334,0,0,1
28688,423,352,0,0,1
28766,423,351,0,0,1
28844,421,351,0,0,1
28922,423,356,0,0,1
29000,420,354,0,0,1
29078,421,361,0,0,1
29156,423,368,0,0,1
29250,419,366,0,0,1
29328,424,394,0,0,1
29406,423,395,0,0,1
29484,421,392,0,0,1
29562,424,395,0,0,1
29640,406,382,0,0,1
29718,418,389,0,0,1
29796,412,381,0,0,1
29889,415,412,0,0,1
29967,417,426,0,0,1
30045,410,419,0,0,1
30123,435,415,0,0,1
30201,456,397,0,0,1
30279,521,402,0,0,1
30357,533,386,0,0,1
30451,500,339,0,0,1
30529,483,325,0,0,1
30607,479,351,0,0,1
30685,490,353,0,0,1
30763,487,331,0,0,1
30841,482,330,0,0,1
30919,466,353,0,0,1
30997,477,367,0,0,1
31091,484,350,0,0,1
31169,476,339,0,0,1
31247,476,358,0,0,1
31325,487,370,0,0,1
31403,485,341,0,0,1
31481,473,330,0,0,1
31559,465,353,0,0,1
31652,479,361,0,0,1
31730,480,343,0,0,1
31808,469,337,0,0,1
31886,473,345,0,0,1
31964,470,334,0,0,1
32042,436,298,0,0,1
32120,429,306,0,0,1
32198,435,320,0,0,1
32292,432,312,0,0,1
32370,427,315,0,0,1
32448,431,325,0,0,1
32526,426,315,0,0,1
32604,416,334,0,0,1
32682,424,335,0,0,1
32760,419,315,0,0,1
32853,413,327,0,0,1
32931,453,325,0,0,1
33009,455,302,0,0,1
33087,446,305,0,0,1
33165,459,325,0,0,1
33243,465,310,0,0,1
33321,448,307,0,0,1
33399,472,344,0,0,1
33493,519,322,0,0,1
33571,496,304,0,0,1
33649,464,321,0,0,1
33727,478,341,0,0,1
33805,483,339,0,0,1
33883,465,311,0,0,1
33961,451,307,0,0,1
34055,442,327,0,0,1
34133,452,329,0,0,1
34211,446,299,0,0,1
34289,413,275,0,0,1
34367,399,281,0,0,1
34445,425,310,0,0,1
34523,459,299,0,0,1
34601,453,274,0,0,1
34694,448,269,0,0,1
34772,439,271,0,0,1
34850,437,278,0,0,1
34928,440,285,0,0,1
35006,440,285,0,0,1
35084,440,285,0,0,1
35162,437,282,0,0,1
35256,436,282,0,0,1
35334,434,285,0,0,1
35412,440,313,0,0,1
35490,441,311,0,0,1
35568,418,282,0,0,1
35646,396,269,0,0,1
35724,392,274,0,0,1
35802,394,294,0,0,1
35895,410,293,0,0,1
35973,451,266,0,0,1
36051,435,240,0,0,1
36129,397,234,0,0,1
36207,383,255,0,0,1
36285,409,274,0,0,1
36363,427,265,0,0,1
36457,419,251,0,0,1
36535,412,248,0,0,1
36613,375,270,0,0,1
36691,379,294,0,0,1
36769,415,299,0,0,1
36847,433,285,0,0,1
36925,435,261,0,0,1
37019,423,235,0,0,1
37097,397,208,0,0,1
37175,369,212,0,0,1
37253,381,231,0,0,1
37331,388,184,0,0,1
37409,366,155,0,0,1
37487,363,170,0,0,1
37565,360,119,0,0,1
37658,352,101,0,0,1
37736,352,102,0,0,1
37814,351,100,0,0,1
37892,306,98,0,0,1
37970,307,114,0,0,1
38048,331,117,0,0,1
38126,337,97,0,0,1
38204,336,96,0,0,1
38298,341,120,0,0,1
38376,339,116,0,0,1
38454,331,110,0,0,1
38532,332,118,0,0,1
38610,337,112,0,0,1
38688,335,103,0,0,1
38766,339,120,0,0,1
38844,351,112,0,0,1
38937,343,104,0,0,1
39015,343,126,0,0,1
39093,346,126,0,0,1
39171,332,112,0,0,1
39249,329,131,0,0,1
39327,348,131,0,0,1
39405,338,111,0,0,1
39483,333,118,0,0,1
39577,341,125,0,0,1
39655,329,105,0,0,1
39733,322,104,0,0,1
39811,328,117,0,0,1
39889,332,102,0,0,1
39967,325,97,0,0,1
40045,325,117,0,0,1
40139,329,117,0,0,1
40217,328,106,0,0,1
40295,326,116,0,0,1
40373,333,126,0,0,1
40451,337,122,0,0,1
40529,332,118,0,0,1
40607,340,124,0,0,1
40685,339,122,0,0,1
40778,331,118,0,0,1
40856,339,134,0,0,1
40934,340,132,0,0,1
41012,327,123,0,0,1
41090,340,136,0,0,1
41168,342,137,0,0,1
41246,331,133,0,0,1
41324,310,169,0,0,1
41418,327,174,0,0,1
41496,336,161,0,0,1
41574,355,167,0,0,1
41652,342,156,0,0,1
41730,331,158,0,0,1
41808,338,166,0,0,1
41886,327,155,0,0,1
41964,321,168,0,0,1
42057,341,181,0,0,1
42135,336,173,0,0,1
42213,331,171,0,0,1
42291,347,184,0,0,1
42369,342,180,0,0,1
42447,336,178,0,0,1
42525,349,189,0,0,1
42619,341,179,0,0,1
42697,328,172,0,0,1
42775,336,188,0,0,1
42853,339,182,0,0,1
42931,324,167,0,0,1
43009,332,183,0,0,1
43087,335,184,0,0,1
43165,316,167,0,0,1
43259,319,172,0,0,1
43337,331,179,0,0,1
43415,325,166,0,0,1
43493,324,170,0,0,1
43571,333,180,0,0,1
43649,339,161,0,0,1
43727,326,151,0,0,1
43805,326,164,0,0,1
43898,334,171,0,0,1
43976,326,157,0,0,1
44054,319,152,0,0,1
44132,321,167,0,0,1
44210,337,158,0,0,1
44288,331,143,0,0,1
44366,327,142,0,0,1
44460,330,146,0,0,1
44538,333,139,0,0,1
44616,322,121,0,0,1
44694,315,122,0,0,1
44772,322,137,0,0,1
44850,318,127,0,0,1
44928,311,123,0,0,1
45006,317,135,0,0,1
45099,315,126,0,0,1
45177,301,119,0,0,1
45255,311,135,0,0,1
45333,313,129,0,0,1
45411,304,120,0,0,1
45489,310,134,0,0,1
45567,312,130,0,0,1
45661,302,116,0,0,1
45739,302,120,0,0,1
45817,307,121,0,0,1
45895,298,107,0,0,1
45973,297,117,0,0,1
46051,305,124,0,0,1
46129,300,112,0,0,1
46207,295,111,0,0,1
46301,303,125,0,0,1
46379,296,114,0,0,1
46457,284,114,0,0,1
46535,286,125,0,0,1
46613,284,121,0,0,1
46691,288,125,0,0,1
46769,293,127,0,0,1
46862,283,119,0,0,1
46940,283,125,0,0,1
47018,288,126,0,0,1
47096,280,104,0,0,1
47174,278,108,0,0,1
47252,282,113,0,0,1
47330,277,105,0,0,1
47408,281,108,0,0,1
47502,285,110,0,0,1
47580,276,101,0,0,1
47658,277,101,0,0,1
47736,276,101,0,0,1
47814,274,98,0,0,1
47892,274,98,0,0,1
47970,273,97,0,0,1
48048,269,94,0,0,1
48142,266,93,0,0,1
48220,265,92,0,0,1
48298,264,90,0,0,1
48376,264,89,0,0,1
48454,265,85,0,0,1
48532,267,78,0,0,1
48610,267,78,0,0,1
48688,268,72,0,0,1
48781,268,72,0,0,1
48859,268,72,0,0,1
48937,277,77,0,0,1
49015,280,79,0,0,1
49093,288,86,0,0,1
49171,289,87,0,0,1
49249,293,91,0,0,1
49327,301,101,0,0,1
49421,312,109,0,0,1
49499,314,110,0,0,1
49577,325,117,0,0,1
49655,327,119,0,0,1
49733,337,133,0,0,1
49811,343,140,0,0,1
49889,344,144,0,0,1
49982,355,157,0,0,1
50060,359,161,0,0,1
50138,362,162,0,0,1
50216,364,163,0,0,1
50294,371,165,0,0,1
50372,363,149,0,0,1
50450,354,136,0,0,1
50528,353,135,0,0,1
50622,350,130,0,0,1
50700,347,121,0,0,1
50778,347,118,0,0,1
50856,355,124,0,0,1
50934,359,129,0,0,1
51012,362,135,0,0,1
51090,365,140,0,0,1
51168,369,147,0,0,1
51262,372,150,0,0,1
51340,377,154,0,0,1
51418,383,160,0,0,1
51496,393,170,0,0,1
51574,396,174,0,0,1
51652,399,181,0,0,1
51730,391,170,0,0,1
51808,379,157,0,0,1
51901,373,142,0,0,1
51979,373,140,0,0,1
52057,373,133,0,0,1
52135,373,126,0,0,1
52213,372,122,0,0,1
52291,371,121,0,0,1
52369,366,113,0,0,1
52463,366,113,0,0,1
52541,372,127,0,0,1
52619,378,137,0,0,1
52697,380,145,0,0,1
52775,385,161,0,0,1
52853,388,172,0,0,1
52931,393,180,0,0,1
53009,404,198,0,0,1
53102,410,214,0,0,1
53180,413,221,0,0,1
53258,423,235,0,0,1
53336,432,248,0,0,1
53414,440,269,0,0,1
53492,444,290,0,0,1
53570,443,305,0,0,1
53648,443,318,0,0,1
53742,441,321,0,0,1
53820,433,320,0,0,1
53898,429,321,0,0,1
53976,427,320,0,0,1
54054,426,320,0,0,1
54132,424,319,0,0,1
54210,419,320,0,0,1
54304,390,333,0,0,1
54382,383,330,0,0,1
54460,372,323,0,0,1
54538,364,314,0,0,1
54616,355,307,0,0,1
54694,355,307,0,0,1
54772,305,306,0,0,1
54850,284,305,0,0,1
54943,284,305,0,0,1
55021,283,305,0,0,1
55099,279,303,0,0,1
55177,268,289,0,0,1
55255,263,285,0,0,1
55333,263,285,0,0,1
55411,266,274,0,0,1
55505,278,253,0,0,1
55583,289,237,0,0,1
55661,294,210,0,0,1
55739,290,189,0,0,1
55817,279,166,0,0,1
55895,266,145,0,0,1
55973,260,135,0,0,1
56051,252,123,0,0,1
56144,248,117,0,0,1
56222,245,112,0,0,1
56300,240,103,0,0,1
56378,240,102,0,0,1
56456,233,97,0,0,1
56534,232,97,0,0,1
56612,220,91,0,0,1
56706,215,89,0,0,1
56784,215,89,0,0,1
56862,215,89,0,0,1
56940,215,89,0,0,1
57018,218,91,0,0,1
57096,237,108,0,0,1
57174,263,133,0,0,1
57252,291,159,0,0,1
57346,314,180,0,0,1
57424,350,211,0,0,1
57502,399,244,0,0,1
57580,461,285,0,0,1
57658,519,320,0,0,1
57736,554,343,0,0,1
57814,559,348,0,0,1
57892,551,357,0,0,1
57985,541,359,0,0,1
58063,522,344,0,0,1
58141,513,337,0,0,1
58219,492,325,0,0,1
58297,491,325,0,0,1
58375,466,317,0,0,1
58453,436,298,0,0,1
58531,435,297,0,0,1
58625,438,310,0,0,1
58703,458,319,0,0,1
58781,489,300,0,0,1
58859,480,286,0,0,1
58937,450,268,0,0,1
59015,427,262,0,0,1
59093,391,245,0,0,1
59171,352,234,0,0,1
59264,327,254,0,0,1
59342,313,282,0,0,1
59420,307,306,0,0,1
59498,305,341,0,0,1
59576,307,382,0,0,1
59654,318,410,0,0,1
59732,326,425,0,0,1
59826,366,441,0,0,1
59904,444,445,0,0,1
59982,487,440,0,0,1
60060,495,392,0,0,1
60138,460,336,0,0,1
60216,392,278,0,0,1
60294,329,239,0,0,1
60372,299,223,0,0,1
60466,280,219,0,0,1
60544,276,218,0,0,1
60622,273,217,0,0,1
60700,269,217,0,0,1
60778,269,217,0,0,1
60856,270,224,0,0,1
60934,273,228,0,0,1
61012,278,235,0,0,1
61105,283,245,0,0,1
61183,291,260,0,0,1
61261,294,264,0,0,1
61339,310,273,0,0,1
61417,340,282,0,0,1
61495,354,280,0,0,1
61573,362,272,0,0,1
61667,358,263,0,0,1
61745,353,261,0,0,1
61823,331,260,0,0,1
61901,319,256,0,0,1
61979,307,246,0,0,1
62057,307,246,0,0,1
62135,307,246,0,0,1
62213,307,242,0,0,1
62306,302,224,0,0,1
62384,293,195,0,0,1
62462,303,171,0,0,1
62540,350,134,0,0,1
62618,373,112,0,0,1
62696,389,103,0,0,1
62774,394,101,0,0,1
62868,416,103,0,0,1
62946,420,105,0,0,1
63024,430,108,0,0,1
63102,434,109,0,0,1
63180,447,118,0,0,1
63258,465,133,0,0,1
63336,491,165,0,0,1
63414,521,209,0,0,1
63508,532,241,0,0,1
63586,526,275,0,0,1
63664,514,333,0,0,1
63742,513,347,0,0,1
63820,508,359,0,0,1
63898,478,389,0,0,1
63976,438,409,0,0,1
64054,394,413,0,0,1
64147,375,402,0,0,1
64225,357,363,0,0,1
64303,343,321,0,0,1
64381,343,283,0,0,1
64459,359,245,0,0,1
64537,374,227,0,0,1
64615,395,211,0,0,1
64693,410,200,0,0,1
64787,422,197,0,0,1
64865,425,198,0,0,1
64943,429,204,0,0,1
65021,429,214,0,0,1
65099,434,229,0,0,1
65177,446,236,0,0,1
65255,467,246,0,0,1
65348,475,253,0,0,1
65426,488,278,0,0,1
65504,498,291,0,0,1
65582,515,291,0,0,1
65660,532,286,0,0,1
65738,530,284,0,0,1
65816,517,269,0,0,1
65894,504,255,0,0,1
65988,492,238,0,0,1
66066,481,222,0,0,1
66144,474,212,0,0,1
66222,452,215,0,0,1
66300,412,238,0,0,1
66378,412,260,0,0,1
66456,421,280,0,0,1
66534,437,300,0,0,1
66628,468,336,0,0,1
66706,481,353,0,0,1
66784,506,363,0,0,1
66862,528,367,0,0,1
66940,566,361,0,0,1
67018,586,349,0,0,1
67096,563,309,0,0,1
67174,522,274,0,0,1
67267,475,249,0,0,1
67345,440,239,0,0,1
67423,429,235,0,0,1
67501,413,227,0,0,1
67579,409,222,0,0,1
67657,408,222,0,0,1
67735,408,222,0,0,1
67829,409,223,0,0,1
67907,409,223,0,0,1
67985,392,228,0,0,1
68063,391,228,0,0,1
68141,391,228,0,0,1
68219,391,229,0,0,1
68297,396,231,0,0,1
68375,397,231,0,0,1
68468,397,231,0,0,1
68546,397,232,0,0,1
68624,401,252,0,0,1
68702,405,259,0,0,1
68780,406,259,0,0,1
68858,408,260,0,0,1
68936,408,260,0,0,1
69030,408,260,0,0,1
69108,406,269,0,0,1
69186,403,279,0,0,1
69264,407,281,0,0,1
69342,415,285,0,0,1
69420,415,285,0,0,1
69498,415,288,0,0,1
69576,417,304,0,0,1
69670,417,306,0,0,1
69748,417,306,0,0,1
69826,416,305,0,0,1
69904,387,275,0,0,1
69982,312,232,0,0,1
70060,261,206,0,0,1
70138,247,181,0,0,1
70231,233,144,0,0,1
70309,218,115,0,0,1
70387,197,86,0,0,1
70465,188,77,0,0,1
70543,188,77,0,0,1
70621,181,76,0,0,1
70699,181,78,0,0,1
70777,179,81,0,0,1
70871,179,83,0,0,1
70949,178,92,0,0,1
71027,181,100,0,0,1
71105,184,107,0,0,1
71183,188,113,0,0,1
71261,195,121,0,0,1
71339,231,140,0,0,1
71432,277,145,0,0,1
71510,330,151,0,0,1
71588,351,159,0,0,1
71666,392,175,0,0,1
71744,404,179,0,0,1
71822,404,179,0,0,1
71900,401,181,0,0,1
71978,391,203,0,0,1
72072,390,216,0,0,1
72150,394,218,0,0,1
72228,395,219,0,0,1
72306,397,220,0,0,1
72384,402,225,0,0,1
72462,405,229,0,0,1
72540,405,229,0,0,1
72618,415,233,0,0,1
72712,441,241,0,0,1
72790,446,242,0,0,1
72868,471,238,0,0,1
72946,544,238,0,0,1
73024,563,245,0,0,1
73102,576,256,0,0,1
73180,577,262,0,0,1
73273,577,262,0,0,1
73351,571,267,0,0,1
73429,572,283,0,0,1
73507,574,311,0,0,1
73585,571,317,0,0,1
73663,552,337,0,0,1
73741,538,348,0,0,1
73819,530,351,0,0,1
73913,499,361,0,0,1
73991,482,364,0,0,1
74069,449,356,0,0,1
74147,425,346,0,0,1
74225,418,342,0,0,1
74303,400,325,0,0,1
74381,384,302,0,0,1
74459,372,263,0,0,1
74552,368,218,0,0,1
74630,368,185,0,0,1
74708,363,160,0,0,1
74786,367,159,0,0,1
74864,387,156,0,0,1
74942,388,156,0,0,1
75020,389,160,0,0,1
75098,397,180,0,0,1
75192,404,191,0,0,1
75270,407,199,0,0,1
75348,407,199,0,0,1
75426,405,207,0,0,1
75504,404,209,0,0,1
75582,398,226,0,0,1
75660,399,229,0,0,1
75754,399,234,0,0,1
75832,399,234,0,0,1
75910,396,244,0,0,1
75988,393,250,0,0,1
76066,392,253,0,0,1
76144,384,273,0,0,1
76222,378,292,0,0,1
76300,378,292,0,0,1
76393,365,287,0,0,1
76471,354,271,0,0,1
76549,336,240,0,0,1
76627,325,227,0,0,1
76705,315,210,0,0,1
76783,310,192,0,0,1
76861,312,188,0,0,1
76939,314,186,0,0,1
77033,321,185,0,0,1
77111,321,185,0,0,1
77189,325,187,0,0,1
77267,329,192,0,0,1
77345,333,196,0,0,1
77423,334,197,0,0,1
77501,338,201,0,0,1
77579,343,206,0,0,1
77672,345,208,0,0,1
77750,347,210,0,0,1
77828,348,211,0,0,1
77906,349,212,0,0,1
77984,350,214,0,0,1
78062,352,218,0,0,1
78140,352,222,0,0,1
78234,354,223,0,0,1
78312,354,223,0,0,1
78390,354,224,0,0,1
78468,354,224,0,0,1
78546,356,226,0,0,1
78624,362,229,0,0,1
78702,365,230,0,0,1
78780,368,231,0,0,1
78874,369,231,0,0,1
78952,373,230,0,0,1
79030,381,227,0,0,1
79108,381,227,0,0,1
79186,389,222,0,0,1
79264,389,222,0,0,1
79342,392,228,0,0,1
79420,393,230,0,0,1
79513,394,230,0,0,1
79591,398,235,0,0,1
79669,405,244,0,0,1
79747,422,267,0,0,1
79825,423,270,0,0,1
79903,423,270,0,0,1
79981,423,273,0,0,1
80075,423,273,0,0,1
80153,423,273,0,0,1
80231,423,273,0,0,1
80309,423,273,0,0,1
80387,414,270,0,0,1
80465,414,270,0,0,1
80543,414,270,0,0,1
80621,418,272,0,0,1
80715,419,273,0,0,1
80793,419,273,0,0,1
80871,420,274,0,0,1
80949,424,285,0,0,1
81027,425,286,0,0,1
81105,426,286,0,0,1
81183,426,286,0,0,1
81261,426,286,0,0,1
81354,424,283,0,0,1
81432,423,279,0,0,1
81510,425,274,0,0,1
81588,428,271,0,0,1
81666,436,273,0,0,1
81744,437,274,0,0,1
81822,437,279,0,0,1
81900,437,283,0,0,1
81994,437,283,0,0,1
82072,432,281,0,0,1
82150,421,272,0,0,1
82228,415,266,0,0,1
82306,408,260,0,0,1
82384,405,259,0,0,1
82462,401,254,0,0,1
82555,399,252,0,0,1
82633,399,252,0,0,1
82711,410,257,0,0,1
82789,416,258,0,0,1
82867,427,258,0,0,1
82945,439,256,0,0,1
83023,445,241,0,0,1
83101,442,227,0,0,1
83195,442,226,0,0,1
83273,440,222,0,0,1
83351,436,220,0,0,1
83429,430,218,0,0,1
83507,418,220,0,0,1
83585,418,225,0,0,1
83663,424,230,0,0,1
83741,429,236,0,0,1
83835,432,246,0,0,1
83913,431,254,0,0,1
83991,433,263,0,0,1
84069,430,270,0,0,1
84147,422,273,0,0,1
84225,412,267,0,0,1
84303,410,263,0,0,1
84381,404,259,0,0,1
84474,395,251,0,0,1
84552,379,236,0,0,1
84630,371,231,0,0,1
84708,372,231,0,0,1
84786,373,238,0,0,1
84864,382,247,0,0,1
84942,397,257,0,0,1
85036,414,274,0,0,1
85114,423,285,0,0,1
85192,406,293,0,0,1
85270,366,302,0,0,1
85348,316,310,0,0,1
85426,314,310,0,0,1
85504,309,308,0,0,1
85582,307,308,0,0,1
85675,288,316,0,0,1
85753,287,317,0,0,1
85831,298,319,0,0,1
85909,304,319,0,0,1
85987,304,319,0,0,1
86065,297,315,0,0,1
86143,281,306,0,0,1
86221,271,301,0,0,1
86315,268,299,0,0,1
86393,267,299,0,0,1
86471,267,299,0,0,1
86549,267,299,0,0,1
86627,267,299,0,0,1
86705,267,301,0,0,1
86783,258,314,0,0,1
86877,258,314,0,0,1
86955,257,315,0,0,1
87033,248,328,0,0,1
87111,252,330,0,0,1
87189,262,331,0,0,1
87267,286,322,0,0,1
87345,303,316,0,0,1
87423,321,309,0,0,1
87516,325,318,0,0,1
87594,318,331,0,0,1
87672,310,334,0,0,1
87750,302,335,0,0,1
87828,290,335,0,0,1
87906,281,339,0,0,1
87984,286,341,0,0,1
88062,293,335,0,0,1
88156,284,318,0,0,1
88234,278,314,0,0,1
88312,270,316,0,0,1
88390,265,317,0,0,1
88468,275,325,0,0,1
88546,283,326,0,0,1
88624,289,313,0,0,1
88702,282,309,0,0,1
88795,276,305,0,0,1
88873,269,305,0,0,1
88951,257,307,0,0,1
89029,256,311,0,0,1
89107,260,315,0,0,1
89185,267,317,0,0,1
89263,266,296,0,0,1
89341,259,291,0,0,1
89435,253,289,0,0,1
89513,222,287,0,0,1
89591,216,288,0,0,1
89669,220,292,0,0,1
89747,221,282,0,0,1
89825,220,266,0,0,1
89903,213,252,0,0,1
89997,205,238,0,0,1
90075,203,235,0,0,1
90153,201,234,0,0,1
90231,200,233,0,0,1
90309,197,232,0,0,1
90387,171,212,0,0,1
90465,166,207,0,0,1
90543,164,205,0,0,1
90636,161,198,0,0,1
90714,161,198,0,0,1
90792,166,198,0,0,1
90870,180,193,0,0,1
90948,196,190,0,0,1
91026,201,192,0,0,1
91104,209,195,0,0,1
91182,226,202,0,0,1
91276,244,212,0,0,1
91354,267,225,0,0,1
91432,286,235,0,0,1
91510,333,257,0,0,1
91588,367,280,0,0,1
91666,437,302,0,0,1
91744,462,300,0,0,1
91822,484,308,0,0,1
91915,497,323,0,0,1
91993,505,343,0,0,1
92071,504,360,0,0,1
92149,469,378,0,0,1
92227,422,392,0,0,1
92305,377,391,0,0,1
92383,328,382,0,0,1
92477,300,366,0,0,1
92555,270,321,0,0,1
92633,267,276,0,0,1
92711,279,235,0,0,1
92789,302,206,0,0,1
92867,323,189,0,0,1
92945,357,180,0,0,1
93023,380,175,0,0,1
93117,399,184,0,0,1
93195,428,197,0,0,1
93273,446,206,0,0,1
93351,483,227,0,0,1
93429,509,256,0,0,1
93507,531,291,0,0,1
93585,538,318,0,0,1
93663,530,342,0,0,1
93756,511,371,0,0,1
93834,486,391,0,0,1
93912,447,405,0,0,1
93990,371,417,0,0,1
94068,356,412,0,0,1
94146,314,386,0,0,1
94224,274,356,0,0,1
94302,241,317,0,0,1
94396,221,275,0,0,1
94474,217,237,0,0,1
94552,234,203,0,0,1
94630,262,175,0,0,1
94708,296,158,0,0,1
94786,305,160,0,0,1
94864,357,176,0,0,1
94957,366,188,0,0,1
95035,366,219,0,0,1
95113,348,243,0,0,1
95191,326,248,0,0,1
95269,307,227,0,0,1
95347,297,188,0,0,1
95425,321,161,0,0,1
95519,377,150,0,0,1
95597,387,152,0,0,1
95675,408,158,0,0,1
95753,398,154,0,0,1
95831,333,143,0,0,1
95909,322,141,0,0,1
95987,322,141,0,0,1
96065,326,149,0,0,1
96159,361,169,0,0,1
96237,356,163,0,0,1
96315,348,158,0,0,1
96393,332,179,0,0,1
96471,345,205,0,0,1
96549,360,218,0,0,1
96627,365,226,0,0,1
96720,350,239,0,0,1
96798,355,278,0,0,1
96876,368,284,0,0,1
96954,367,278,0,0,1
97032,361,275,0,0,1
97110,362,286,0,0,1
97188,372,293,0,0,1
97266,389,287,0,0,1
97360,383,284,0,0,1
97438,384,293,0,0,1
97516,425,306,0,0,1
97594,427,299,0,0,1
97672,416,293,0,0,1
97750,401,299,0,0,1
97828,401,316,0,0,1
97906,413,320,0,0,1
97999,405,304,0,0,1
98077,398,300,1,0,1
98155,403,304,1,0,1
98233,413,309,1,0,1
98311,405,304,1,0,1
98389,392,296,1,0,1
98467,392,296,1,0,1
98561,405,306,1,0,1
98639,409,301,1,0,1
98717,394,284,1,0,1
98795,390,282,1,0,1
98873,392,298,1,0,1
98951,406,306,1,0,1
99029,405,297,1,0,1
99107,392,288,1,0,1
99201,387,296,1,0,1
99279,401,312,1,0,1
99357,420,308,1,0,1
99435,412,295,1,0,1
99513,401,289,1,0,1
99591,399,302,1,0,1
99669,412,310,1,0,1
99747,413,299,1,0,1
99840,393,284,1,0,1
99918,368,292,1,0,1
99996,377,313,1,0,1
100074,400,314,1,0,1
100152,414,297,1,0,1
100230,400,286,1,0,1
100308,400,285,1,0,1
100386,404,305,1,0,1
100480,419,312,1,0,1
100558,425,306,1,0,1
100636,402,281,1,0,1
100714,393,275,1,0,1
100792,392,280,1,0,1
100870,411,297,1,0,1
100948,424,282,1,0,1
101041,409,269,1,0,1
101119,402,268,1,0,1
101197,398,290,1,0,1
101275,416,304,1,0,1
101353,421,301,1,0,1
101431,404,286,1,0,1
101509,399,284,1,0,1
101587,408,296,1,0,1
101681,424,300,0,0,1
101759,420,279,0,0,1
101837,403,269,0,0,1
101915,400,296,0,0,1
101993,419,306,0,0,1
102071,429,278,0,0,1
102149,408,268,0,0,1
102227,398,284,0,0,1
102321,416,299,0,0,1
102399,432,287,0,0,1
102477,412,267,0,0,1
102555,389,266,0,0,1
102633,376,275,0,0,1
102711,396,291,0,0,1
102789,422,292,0,0,1
102882,426,280,1,0,1
102960,405,267,1,0,1
103038,392,277,1,0,1
103116,406,300,1,0,1
103194,427,311,1,0,1
103272,429,311,1,0,1
103350,414,303,1,0,1
103444,411,312,1,0,1
103522,431,328,1,0,1
103600,453,328,1,0,1
103678,439,312,1,0,1
103756,421,304,1,0,1
103834,420,314,1,0,1
103912,439,329,1,0,1
103990,447,317,1,0,1
104083,428,298,1,0,1
104161,413,297,1,0,1
104239,411,321,1,0,1
104317,427,330,1,0,1
104395,449,310,1,0,1
104473,425,287,1,0,1
104551,415,279,1,0,1
104629,406,290,1,0,1
104723,422,312,1,0,1
104801,437,321,1,0,1
104879,446,300,1,0,1
104957,428,289,1,0,1
105035,416,286,1,0,1
105113,410,299,1,0,1
105191,423,311,1,0,1
105285,440,319,1,0,1
105363,442,315,1,0,1
105441,426,304,1,0,1
105519,421,301,1,0,1
105597,419,304,1,0,1
105675,435,318,1,0,1
105753,448,310,1,0,1
105831,431,291,0,0,1
105924,413,291,0,0,1
106002,421,313,0,0,1
106080,447,312,0,0,1
106158,437,289,0,0,1
106236,399,280,0,0,1
106314,373,294,0,0,1
106392,394,315,0,0,1
106486,457,322,0,0,1
106564,454,291,0,0,1
106642,423,266,0,0,1
106720,406,274,0,0,1
106798,422,304,0,0,1
106876,445,307,0,0,1
106954,443,276,0,0,1
107047,407,255,0,0,1
107125,384,271,0,0,1
107203,407,297,0,0,1
107281,447,292,0,0,1
107359,428,264,0,0,1
107437,378,247,0,0,1
107515,359,248,0,0,1
107609,369,273,0,0,1
107687,404,283,0,0,1
107765,409,265,0,0,1
107843,392,251,0,0,1
107921,383,246,0,0,1
107999,380,266,0,0,1
108077,402,289,0,0,1
108155,407,272,0,0,1
108249,375,248,0,0,1
108327,336,258,0,0,1
108405,336,273,0,0,1
108483,368,281,0,0,1
108561,375,268,0,0,1
108639,360,255,0,0,1
108717,357,257,0,0,1
108795,376,282,0,0,1
108888,384,281,0,0,1
108966,374,267,0,0,1
109044,367,263,0,0,1
109122,373,279,0,0,1
109200,389,286,0,0,1
109278,395,270,0,0,1
109356,375,255,0,0,1
109450,365,255,0,0,1
109528,375,275,0,0,1
109606,393,280,0,0,1
109684,403,266,0,0,1
109762,392,258,0,0,1
109840,384,277,0,0,1
109918,401,300,0,0,1
109996,424,306,0,0,1
110090,427,292,0,0,1
110168,406,288,0,0,1
110246,407,309,0,0,1
110324,423,319,0,0,1
110402,433,314,0,0,1
110480,408,296,0,0,1
110558,402,310,0,0,1
110636,418,327,0,0,1
110729,437,307,0,0,1
110807,414,282,0,0,1
110885,407,279,0,0,1
110963,416,303,0,0,1
111041,437,308,0,0,1
111119,439,281,0,0,1
111197,401,258,0,0,1
111291,387,262,0,0,1
111369,403,288,0,0,1
111447,418,287,0,0,1
111525,406,265,0,0,1
111603,364,256,0,0,1
111681,354,271,0,0,1
111759,377,290,0,0,1
111837,385,284,0,0,1
111930,363,264,0,0,1
112008,332,274,0,0,1
112086,341,298,0,0,1
112164,355,308,0,0,1
112242,340,289,0,0,1
112320,333,287,0,0,1
112398,350,309,0,0,1
112492,361,309,0,0,1
112570,341,289,0,0,1
112648,295,312,0,0,1
112726,291,331,0,0,1
112804,285,328,0,0,1
112882,280,326,0,0,1
112960,307,339,0,0,1
113038,309,317,0,0,1
113132,295,310,0,0,1
113210,293,316,0,0,1
113288,301,316,0,0,1
113366,283,287,0,0,1
113444,278,287,0,0,1
113522,291,305,0,0,1
113600,297,308,0,0,1
113693,284,290,0,0,1
113771,280,288,0,0,1
113849,292,306,0,0,1
113927,313,305,0,0,1
114005,299,291,0,0,1
114083,284,290,0,0,1
114161,273,319,0,0,1
114239,284,326,0,0,1
114333,273,301,0,0,1
114411,264,307,0,0,1
114489,280,335,0,0,1
114567,308,319,0,0,1
114645,301,315,0,0,1
114723,328,342,0,0,1
114801,384,330,0,0,1
114894,380,291,0,0,1
114972,362,291,0,0,1
115050,388,323,0,0,1
115128,401,306,0,0,1
115206,385,285,0,0,1
115284,391,289,0,0,1
115362,413,296,0,0,1
115440,425,271,0,0,1
115534,442,279,0,0,1
115612,528,233,0,0,1
115690,559,173,0,0,1
115768,557,123,0,0,1
115846,555,117,0,0,1
115924,561,162,0,0,1
116002,561,165,0,0,1
116080,526,204,0,0,1
116174,528,214,0,0,1
116252,520,213,0,0,1
116330,510,220,0,0,1
116408,498,237,0,0,1
116486,472,270,0,0,1
116564,450,288,0,0,1
116642,446,289,0,0,1
116735,432,286,0,0,1
116813,424,267,0,0,1
116891,424,263,0,0,1
116969,428,266,0,0,1
117047,440,265,0,0,1
117125,442,264,0,0,1
117203,447,258,0,0,1
117281,448,256,0,0,1
117375,453,250,0,0,1
117453,474,226,0,0,1
117531,491,208,0,0,1
117609,492,203,0,0,1
117687,489,201,0,0,1
117765,469,208,0,0,1
117843,455,218,0,0,1
117936,450,227,0,0,1
118014,446,235,0,0,1
118092,437,250,0,0,1
118170,435,260,0,0,1
118248,448,251,0,0,1
118326,463,237,0,0,1
118404,465,234,0,0,1
118482,473,221,0,0,1
118576,478,206,0,0,1
118654,479,193,0,0,1
118732,480,183,0,0,1
118810,481,177,0,0,1
118888,478,184,0,0,1
118966,464,209,0,0,1
119044,464,210,0,0,1
119138,449,222,0,0,1
119216,435,234,0,0,1
119294,424,246,0,0,1
119372,411,263,0,0,1
119450,401,279,0,0,1
119528,399,287,0,0,1
119606,408,283,0,0,1
119684,437,258,0,0,1
119777,450,244,0,0,1
119855,465,229,0,0,1
119933,486,200,0,0,1
120011,498,174,0,0,1
120089,512,153,0,0,1
120167,524,122,0,0,1
120245,530,106,0,0,1
120323,528,106,0,0,1
120417,500,141,0,0,1
120495,483,163,0,0,1
120573,468,186,0,0,1
120651,456,203,0,0,1
120729,434,238,0,0,1
120807,418,266,0,0,1
120885,409,287,0,0,1
120963,418,286,0,0,1
121056,453,249,0,0,1
121134,468,225,0,0,1
121212,487,189,0,0,1
121290,492,156,0,0,1
121368,492,135,0,0,1
121446,493,124,0,0,1
121524,494,121,0,0,1
121602,493,115,0,0,1
121696,487,104,0,0,1
121774,476,93,0,0,1
121852,473,91,0,0,1
121930,469,99,0,0,1
122008,470,126,0,0,1
122086,471,130,0,0,1
122164,473,142,0,0,1
122258,475,152,0,0,1
122336,475,168,0,0,1
122414,471,180,0,0,1
122492,463,197,0,0,1
122570,455,226,0,0,1
122648,453,245,0,0,1
122726,452,254,0,0,1
122804,453,274,0,0,1
122897,456,282,0,0,1
122975,457,283,0,0,1
123053,467,278,0,0,1
123131,465,271,0,0,1
123209,462,269,0,0,1
123287,461,267,0,0,1
123365,461,250,0,0,1
123459,461,231,0,0,1
123537,459,210,0,0,1
123615,456,200,0,0,1
123693,455,200,0,0,1
123771,446,221,0,0,1
123849,448,234,0,0,1
123927,448,252,0,0,1
124005,449,261,1,0,1
124098,446,275,0,0,1
124176,441,291,0,0,1
124254,436,311,0,0,1
124332,433,324,0,0,1
124410,432,331,0,0,1
124488,430,339,0,0,1
124566,430,338,0,0,1
124644,437,313,0,0,1
124738,439,301,0,0,1
124816,440,289,0,0,1
124894,444,269,0,0,1
124972,446,252,1,0,1
125050,447,240,0,0,1
125128,450,225,0,0,1
125206,450,219,0,0,1
125300,450,198,0,0,1
125378,449,186,0,0,1
125456,449,186,0,0,1
125534,450,186,0,0,1
125612,454,188,0,0,1
125690,455,193,0,0,1
125768,455,204,0,0,1
125846,454,207,0,0,1
125939,453,210,1,0,1
126017,452,217,1,0,1
126095,454,223,1,0,1
126173,457,226,1,0,1
126251,462,234,1,0,1
126329,464,257,1,0,1
126407,465,277,1,0,1
126485,462,299,1,0,1
126579,459,323,1,0,1
126657,458,338,1,0,1
126735,458,341,1,0,1
126813,458,343,1,0,1
126891,456,354,1,0,1
126969,453,361,1,0,1
127047,453,366,1,0,1
127125,456,368,1,0,1
127218,456,371,1,0,1
127296,457,381,1,0,1
127374,457,381,1,0,1
127452,461,363,1,0,1
127530,468,313,1,0,1
127608,471,273,1,0,1
127702,479,241,1,0,1
127780,487,218,1,0,1
127858,499,199,1,0,1
127936,514,180,1,0,1
128014,516,138,1,0,1
128092,499,87,1,0,1
128170,464,55,1,0,1
128248,451,58,1,0,1
128342,441,75,1,0,1
128420,446,79,1,0,1
128498,449,81,1,0,1
128576,455,82,1,0,1
128654,464,84,0,0,1
128732,468,81,0,0,1
128810,474,70,0,0,1
128888,479,68,0,0,1
128981,490,69,0,0,1
129059,500,74,0,0,1
129137,507,79,0,0,1
129215,517,87,0,0,1
129293,526,99,0,0,1
129371,522,122,1,0,1
129449,501,150,1,0,1
129543,453,189,1,0,1
129621,406,219,1,0,1
129699,381,229,1,0,1
129777,336,248,1,0,1
129855,297,259,1,0,1
129933,275,273,1,0,1
130011,273,278,1,0,1
130089,286,285,1,0,1
130182,346,297,1,0,1
130260,408,317,1,0,1
130338,418,319,1,0,1
130416,449,306,1,0,1
130494,455,302,1,0,1
130572,467,297,1,0,1
130650,470,297,1,0,1
130728,470,297,1,0,1
130822,471,297,0,0,1
130900,471,297,0,0,1
130978,472,297,0,0,1
131056,505,296,0,0,1
131134,508,296,0,0,1
131212,510,297,0,0,1
131290,510,297,0,0,1
131368,514,299,0,0,1
131462,514,299,0,0,1
131540,515,299,0,0,1
131618,534,305,0,0,1
131696,558,306,0,0,1
131774,558,306,0,0,1
131852,560,306,0,0,1
131930,563,308,0,0,1
132023,574,311,0,0,1
132101,589,317,0,0,1
132179,590,318,0,0,1
132257,609,322,0,0,1
132335,621,327,0,0,1
132413,627,330,0,0,1
132491,627,329,0,0,1
132569,636,336,0,0,1
132663,633,335,0,0,1
132741,558,327,0,0,1
132819,519,320,0,0,1
132897,471,307,0,0,1
132975,442,292,0,0,1
133053,413,280,0,0,1
133131,392,276,0,0,1
133209,392,283,0,0,1
133302,405,294,0,0,1
133380,394,286,0,0,1
133458,387,282,0,0,1
133536,392,287,0,0,1
133614,394,288,0,0,1
133692,380,283,0,0,1
133770,379,291,0,0,1
133848,392,306,0,0,1
133942,390,306,0,0,1
134020,347,307,0,0,1
134098,351,319,0,0,1
134176,396,327,0,0,1
134254,407,320,0,0,1
134332,421,343,0,0,1
134410,459,365,0,0,1
134488,501,359,0,0,1
134582,487,331,0,0,1
134660,473,325,0,0,1
134738,483,343,0,0,1
134816,490,349,0,0,1
134894,449,337,0,0,1
134972,441,353,0,0,1
135050,459,373,0,0,1
135143,467,369,0,0,1
135221,467,363,0,0,1
135299,527,374,0,0,1
135377,500,344,0,0,1
135455,452,344,0,0,1
135533,467,355,0,0,1
135611,454,340,0,0,1
135705,437,337,0,0,1
135783,454,372,0,0,1
135861,457,372,0,0,1
135939,425,357,0,0,1
136017,443,382,0,0,1
136095,449,387,0,0,1
136173,433,378,0,0,1
136266,449,395,0,0,1
136344,432,378,0,0,1
136422,400,376,0,0,1
136500,432,403,0,0,1
136578,410,380,0,0,1
136656,386,371,0,0,1
136734,403,384,0,0,1
136812,397,368,0,0,1
136906,385,362,0,0,1
136984,401,374,0,0,1
137062,376,357,0,0,1
137140,366,361,0,0,1
137218,377,368,0,0,1
137296,350,336,0,0,1
137374,348,339,0,0,1
137452,366,342,0,0,1
137546,349,323,0,0,1
137624,359,331,0,0,1
137702,368,333,0,0,1
137780,350,319,0,0,1
137858,363,336,0,0,1
137936,377,342,0,0,1
138014,358,324,0,0,1
138107,362,343,0,0,1
138185,373,353,0,0,1
138263,359,343,0,0,1
138341,362,353,0,0,1
138419,380,369,0,0,1
138497,358,357,0,0,1
138575,350,371,0,0,1
138653,371,394,0,0,1
138747,352,379,0,0,1
138825,352,396,0,0,1
138903,386,421,0,0,1
138981,352,400,0,0,1
139059,366,438,0,0,1
139137,369,445,1,0,1
139215,364,438,1,0,1
139293,356,430,1,0,1
139386,384,442,1,0,1
139464,382,426,1,0,1
139542,384,436,1,0,1
139620,386,441,0,0,1
139698,388,450,0,0,1
139776,395,457,0,0,1
139854,386,436,0,0,1
139932,358,402,0,0,1
140026,353,395,0,0,1
140104,343,371,0,0,1
140182,325,353,0,0,1
140260,326,351,0,0,1
140338,315,310,0,0,1
140416,298,291,0,0,1
140494,302,272,0,0,1
140588,300,208,0,0,1
140666,303,166,0,0,1
140744,310,147,0,0,1
140822,308,126,0,0,1
140900,306,118,0,0,1
140978,346,146,0,0,1
141056,364,163,0,0,1
141134,361,161,0,0,1
141227,351,155,0,0,1
141305,342,137,0,0,1
141383,344,125,0,0,1
141461,346,126,0,0,1
141539,365,127,0,0,1
141617,367,126,0,0,1
141695,367,126,0,0,1
141773,370,128,0,0,1
141867,386,147,0,0,1
141945,385,147,1,0,1
142023,382,145,1,0,1
142101,385,147,1,0,1
142179,391,151,1,0,1
142257,391,151,1,0,1
142335,395,159,1,0,1
142413,395,159,1,0,1
142507,395,159,1,0,1
142585,395,159,1,0,1
142663,394,158,0,0,1
142741,398,161,0,0,1
142819,404,165,0,0,1
142897,421,198,0,0,1
142975,418,226,0,0,1
143053,414,263,0,0,1
143146,415,270,0,0,1
143224,429,281,1,0,1
143302,444,271,1,0,1
143380,424,257,1,0,1
143458,424,289,1,0,1
143536,432,295,1,0,1
143630,420,282,1,0,1
143708,407,288,1,0,1
143786,426,307,0,0,1
143864,428,297,0,0,1
143942,406,279,0,0,1
144020,416,302,0,0,1
144098,435,304,0,0,1
144176,415,278,0,0,1
144269,416,284,0,0,1
144347,425,286,1,0,1
144425,417,260,1,0,1
144503,416,259,1,0,1
144581,437,281,1,0,1
144659,427,268,1,0,1
144737,420,273,1,0,1
144815,431,283,1,0,1
144909,422,278,1,0,1
144987,429,295,0,0,1
145065,442,304,0,0,1
145143,424,285,0,0,1
145221,434,300,0,0,1
145299,446,304,0,0,1
145377,421,272,1,0,1
145455,415,269,1,0,1
145549,417,270,1,0,1
145627,416,270,1,0,1
145705,417,270,1,0,1
145783,411,262,1,0,1
145861,394,207,1,0,1
145939,380,155,1,0,1
146017,365,129,1,0,1
146095,375,135,0,0,1
146188,374,123,0,0,1
146266,371,114,0,0,1
146344,375,112,0,0,1
146422,383,100,0,0,1
146500,378,95,0,0,1
146578,386,102,1,0,1
146656,392,105,1,0,1
146750,382,90,1,0,1
146828,374,85,1,0,1
146906,389,111,1,0,1
146984,394,116,1,0,1
147062,388,106,1,0,1
147140,385,105,0,0,1
147218,392,132,0,0,1
147296,404,142,0,0,1
147389,400,130,0,0,1
147467,388,121,0,0,1
147545,388,121,0,0,1
147623,397,135,0,0,1
147701,401,137,0,0,1
147779,392,130,0,0,1
147873,387,152,0,0,1
147951,399,166,1,0,1
148029,404,168,1,0,1
148107,393,162,1,0,1
148185,390,161,1,0,1
148263,408,185,1,0,1
148341,417,190,1,0,1
148419,404,183,0,0,1
148513,400,210,0,0,1
148591,410,239,0,0,1
148669,423,228,0,0,1
148747,414,220,0,0,1
148825,419,229,0,0,1
148903,426,235,0,0,1
148981,410,226,0,0,1
149074,415,233,0,0,1
149152,437,245,1,0,1
149230,429,241,0,0,1
149308,422,249,0,0,1
149386,442,265,0,0,1
149464,437,259,0,0,1
149542,421,248,0,0,1
149620,430,280,0,0,1
149714,442,283,0,0,1
149792,416,249,0,0,1
149870,409,263,1,0,1
149948,436,292,1,0,1
150026,437,270,1,0,1
150104,404,255,1,0,1
150182,412,286,1,0,1
150260,466,312,1,0,1
150353,450,283,1,0,1
150431,425,279,1,0,1
150509,444,305,0,0,1
150587,456,307,0,0,1
150665,419,265,0,0,1
150743,423,281,0,0,1
150821,449,301,0,0,1
150899,433,277,0,0,1
150993,410,262,0,0,1
151071,428,286,1,0,1
151149,443,290,0,0,1
151227,414,253,0,0,1
151305,406,257,0,0,1
151383,433,285,0,0,1
151461,433,272,0,0,1
151539,408,256,0,0,1
151633,421,270,0,0,1
151711,424,270,0,0,1
151789,403,257,1,0,1
151867,399,279,1,0,1
151945,408,285,1,0,1
152023,380,271,1,0,1
152101,388,284,1,0,1
152194,420,293,1,0,1
152272,414,276,1,0,1
152350,398,270,1,0,1
152428,400,274,0,0,1
152506,423,289,0,0,1
152584,423,277,0,0,1
152662,396,262,0,0,1
152756,381,272,0,0,1
152834,398,287,0,0,1
152912,416,283,0,0,1
152990,396,261,1,0,1
153068,380,256,1,0,1
153146,380,277,1,0,1
153224,400,285,1,0,1
153317,387,262,1,0,1
153395,362,249,1,0,1
153473,365,268,1,0,1
153551,387,277,0,0,1
153629,386,252,0,0,1
153707,359,239,0,0,1
153785,324,248,0,0,1
153863,351,270,0,0,1
153957,363,273,0,0,1
154035,345,263,0,0,1
154113,351,286,0,0,1
154191,388,298,0,0,1
154269,401,286,0,0,1
154347,382,276,0,0,1
154425,401,301,1,0,1
154519,447,307,1,0,1
154597,417,273,1,0,1
154675,388,268,1,0,1
154753,399,291,1,0,1
154831,417,300,1,0,1
154909,395,280,1,0,1
154987,393,295,0,0,1
155065,412,312,0,0,1
155158,409,299,0,0,1
155236,379,283,0,0,1
155314,366,317,0,0,1
155392,389,328,0,0,1
155470,385,303,0,0,1
155548,376,301,0,0,1
155626,396,321,0,0,1
155704,384,303,0,0,1
155798,353,280,0,0,1
155876,373,289,0,0,1
155954,376,289,0,0,1
156032,365,281,0,0,1
156110,387,312,0,0,1
156188,397,319,0,0,1
156266,373,303,0,0,1
156344,383,318,0,0,1
156437,360,295,1,0,1
156515,320,288,1,0,1
156593,312,284,1,0,1
156671,260,262,1,0,1
156749,252,258,0,0,1
156827,251,255,0,0,1
156905,250,254,0,0,1
156983,235,248,0,0,1
157077,226,243,0,0,1
157155,221,239,0,0,1
157233,221,239,0,0,1
157311,221,239,0,0,1
157389,221,239,0,0,1
157467,221,239,0,0,1
157545,221,239,0,0,1
157639,220,239,0,0,1
157717,219,239,0,0,1
157795,216,240,0,0,1
157873,214,244,0,0,1
157951,210,246,0,0,1
158029,210,248,0,0,1
158107,196,256,0,0,1
158185,196,256,0,0,1
158278,194,256,0,0,1
158356,186,256,0,0,1
158434,188,256,0,0,1
158512,223,235,0,0,1
158590,229,232,0,0,1
158684,229,232,0,0,1
158762,243,218,0,0,1
158840,257,207,0,0,1
158918,268,202,0,0,1
158996,269,202,0,0,1
159074,266,203,0,0,1
159152,254,210,0,0,1
159245,245,217,0,0,1
159323,235,224,0,0,1
159401,233,226,0,0,1
159479,222,237,0,0,1
159557,218,239,0,0,1
159635,198,252,0,0,1
159713,181,264,0,0,1
159791,179,265,0,0,1
159885,183,266,0,0,1
159963,208,248,0,0,1
160041,224,235,0,0,1
160119,232,231,0,0,1
160197,250,210,0,0,1
160275,258,201,0,0,1
160353,258,201,0,0,1
160431,261,199,0,0,1
160525,266,195,0,0,1
160603,267,194,0,0,1
160681,267,194,0,0,1
160759,265,193,0,0,1
160837,240,199,0,0,1
160915,224,207,0,0,1
160993,212,214,0,0,1
161071,205,219,0,0,1
161164,192,226,0,0,1
161242,181,228,0,0,1
161320,154,235,0,0,1
161398,142,237,0,0,1
161476,141,238,0,0,1
161554,141,239,0,0,1
161632,151,237,0,0,1
161726,180,225,0,0,1
161804,206,213,0,0,1
161882,230,201,0,0,1
161960,245,190,0,0,1
162038,265,180,0,0,1
162116,285,165,0,0,1
162194,293,156,0,0,1
162272,296,152,0,0,1
162365,289,156,0,0,1
162443,272,174,0,0,1
162521,268,179,0,0,1
162599,264,187,0,0,1
162677,246,205,0,0,1
162755,226,217,0,0,1
162833,202,227,0,0,1
162927,191,236,0,0,1
163005,163,251,0,0,1
163083,153,255,0,0,1
163161,139,255,0,0,1
163239,128,258,0,0,1
163317,144,248,0,0,1
163395,177,223,0,0,1
163473,190,212,0,0,1
163567,216,199,0,0,1
163645,251,182,0,0,1
163723,284,166,0,0,1
163801,306,152,0,0,1
163879,313,146,0,0,1
163957,313,145,0,0,1
164035,309,149,0,0,1
164113,309,194,0,0,1
164206,330,217,0,0,1
164284,364,248,0,0,1
164362,367,249,0,0,1
164440,369,256,0,0,1
164518,372,262,0,0,1
164596,372,262,0,0,1
164674,374,266,0,0,1
164768,375,269,0,0,1
164846,376,272,0,0,1
164924,382,285,0,0,1
165002,389,295,0,0,1
165080,393,299,0,0,1
165158,395,300,0,0,1
165236,404,291,0,0,1
165314,408,286,0,0,1
165407,408,286,0,0,1
165485,411,260,0,0,1
165563,393,210,0,0,1
165641,382,182,0,0,1
165719,372,155,0,0,1
165797,372,138,0,0,1
165875,372,125,0,0,1
165953,371,107,0,0,1
166047,372,91,0,0,1
166125,373,84,0,0,1
166203,381,89,0,0,1
166281,387,96,0,0,1
166359,397,104,0,0,1
166437,415,116,0,0,1
166515,433,132,0,0,1
166593,452,145,0,0,1
166687,461,152,0,0,1
166765,478,165,0,0,1
166843,488,174,0,0,1
166921,488,174,0,0,1
166999,485,159,0,0,1
167077,477,145,0,0,1
167155,471,139,0,0,1
167248,463,128,0,0,1
167326,454,119,0,0,1
167404,448,115,0,0,1
167482,444,110,0,0,1
167560,440,101,0,0,1
167638,446,105,0,0,1
167716,462,123,0,0,1
167794,481,139,0,0,1
167888,498,159,0,0,1
167966,502,166,0,0,1
168044,506,199,0,0,1
168122,508,244,0,0,1
168200,516,270,0,0,1
168278,521,292,0,0,1
168356,498,314,0,0,1
168434,467,331,0,0,1
168527,451,335,0,0,1
168605,428,333,0,0,1
168683,427,333,0,0,1
168761,424,331,0,0,1
168839,420,329,0,0,1
168917,425,309,0,0,1
168995,432,278,0,0,1
169089,447,246,0,0,1
169167,465,225,0,0,1
169245,477,215,0,0,1
169323,498,207,0,0,1
169401,537,216,0,0,1
169479,571,237,0,0,1
169557,585,251,0,0,1
169635,590,261,0,0,1
169729,590,273,0,0,1
169807,588,295,0,0,1
169885,576,314,0,0,1
169963,551,333,0,0,1
170041,509,347,0,0,1
170119,469,355,0,0,1
170197,408,348,0,0,1
170290,364,323,0,0,1
170368,319,287,0,0,1
170446,299,267,0,0,1
170524,280,251,0,0,1
170602,258,230,0,0,1
170680,239,206,0,0,1
170758,224,191,0,0,1
170836,206,177,0,0,1
170930,188,166,0,0,1
171008,173,158,0,0,1
171086,165,153,0,0,1
171164,158,148,0,0,1
171242,158,148,0,0,1
171320,151,144,0,0,1
171398,150,143,0,0,1
171491,161,133,0,0,1
171569,182,114,0,0,1
171647,210,102,0,0,1
171725,235,99,0,0,1
171803,295,116,0,0,1
171881,346,129,0,0,1
171960,400,145,0,0,1
172038,428,154,0,0,1
172131,455,158,0,0,1
172209,491,177,0,0,1
172287,526,196,0,0,1
172365,525,196,0,0,1
172443,488,190,0,0,1
172521,452,176,0,0,1
172599,420,169,0,0,1
172677,412,165,0,0,1
172771,410,165,0,0,1
172849,405,190,0,0,1
172927,441,228,0,0,1
173005,465,248,0,0,1
173083,421,229,0,0,1
173161,374,221,0,0,1
173239,390,232,0,0,1
173317,419,219,0,0,1
173410,401,200,0,0,1
173488,364,182,0,0,1
173566,337,177,0,0,1
173644,326,201,0,0,1
173722,345,211,0,0,1
173800,361,197,0,0,1
173878,350,191,0,0,1
173956,350,207,0,0,1
174050,370,218,0,0,1
174128,384,211,0,0,1
174206,366,204,0,0,1
174284,353,221,0,0,1
174362,362,233,0,0,1
174440,360,230,0,0,1
174518,338,216,0,0,1
174612,337,227,0,0,1
174690,347,232,0,0,1
174768,342,211,0,0,1
174846,334,211,0,0,1
174924,349,226,1,0,1
175002,347,221,1,0,1
175080,344,225,1,0,1
175173,377,267,1,0,1
175251,413,272,1,0,1
175329,393,258,1,0,1
175407,397,282,1,0,1
175485,423,301,1,0,1
175563,424,295,1,0,1
175641,423,302,1,0,1
175719,462,337,1,0,1
175813,451,321,0,0,1
175891,412,319,0,0,1
175969,420,338,0,0,1
176047,427,335,0,0,1
176125,401,318,0,0,1
176203,404,328,0,0,1
176281,449,338,0,0,1
176359,432,309,0,0,1
176452,404,301,0,0,1
176530,422,322,0,0,1
176608,421,319,0,0,1
176686,396,306,0,0,1
176764,376,338,0,0,1
176842,395,353,0,0,1
176920,372,343,0,0,1
176998,349,372,0,0,1
177092,347,394,0,0,1
177170,335,389,0,0,1
177248,293,403,1,0,1
177326,271,427,1,0,1
177404,272,431,1,0,1
177482,268,429,1,0,1
177560,250,420,1,0,1
177654,255,423,1,0,1
177732,248,416,1,0,1
177810,247,416,1,0,1
177888,249,417,0,0,1
177966,250,418,0,0,1
178044,276,409,0,0,1
178122,334,387,0,0,1
178200,376,370,0,0,1
178293,431,339,0,0,1
178371,468,326,0,0,1
178449,470,319,0,0,1
178527,437,321,0,0,1
178605,446,343,0,0,1
178683,448,336,0,0,1
178761,434,323,0,0,1
178855,443,332,0,0,1
178933,447,325,0,0,1
179011,439,318,0,0,1
179089,450,331,0,0,1
179167,444,318,0,0,1
179245,433,319,0,0,1
179323,444,325,0,0,1
179401,430,304,0,0,1
179494,410,304,0,0,1
179572,421,312,0,0,1
179650,398,295,0,0,1
179728,376,301,0,0,1
179806,392,313,0,0,1
179884,399,288,0,0,1
179962,398,292,0,0,1
180056,439,311,0,0,1
180134,444,288,0,0,1
180212,433,281,0,0,1
180290,444,302,0,0,1
180368,451,295,0,0,1
180446,436,284,0,0,1
180524,455,305,0,0,1
180602,491,266,0,0,1
180696,489,252,0,0,1
180774,484,242,0,0,1
180852,468,251,0,0,1
180930,470,252,0,0,1
181008,443,265,0,0,1
181086,471,310,0,0,1
181164,479,306,0,0,1
181242,459,319,0,0,1
181335,500,317,0,0,1
181413,479,296,0,0,1
181491,467,328,0,0,1
181569,486,333,0,0,1
181647,461,313,0,0,1
181725,440,347,0,0,1
181803,459,356,0,0,1
181881,432,335,0,0,1
181975,411,363,0,0,1
182053,426,375,0,0,1
182131,406,358,0,0,1
182209,380,358,0,0,1
182287,379,384,0,0,1
182365,384,385,0,0,1
182443,369,371,0,0,1
182521,415,353,0,0,1
182614,505,303,0,0,1
182692,526,268,0,0,1
182770,579,223,0,0,1
182848,575,191,0,0,1
182926,566,186,0,0,1
183004,525,195,0,0,1
183082,524,195,0,0,1
183176,518,188,0,0,1
183254,531,209,0,0,1
183332,541,216,0,0,1
183410,545,217,0,0,1
183488,544,217,0,0,1
183566,510,211,0,0,1
183644,437,225,0,0,1
183722,437,225,0,0,1
183816,436,225,0,0,1
183894,434,221,0,0,1
183972,442,219,0,0,1
184050,528,249,0,0,1
184128,580,244,0,0,1
184206,632,235,0,0,1
184284,633,235,0,0,1
184377,677,237,0,0,1
184455,701,236,0,0,1
184533,704,235,0,0,1
184611,700,229,1,0,1
184689,675,214,1,0,1
184767,674,213,1,0,1
184845,674,214,1,0,1
184923,674,214,1,0,1
185017,674,214,1,0,1
185095,668,200,1,0,1
185173,663,190,1,0,1
185251,662,189,0,0,1
185329,635,190,0,0,1
185407,608,203,0,0,1
185485,588,208,0,0,1
185563,560,196,0,0,1
185656,548,181,0,0,1
185734,537,159,0,0,1
185812,529,151,0,0,1
185890,514,148,0,0,1
185968,511,152,0,0,1
186046,509,167,1,0,1
186124,509,175,1,0,1
186218,509,175,1,0,1
186296,507,176,1,0,1
186374,492,185,1,0,1
186452,469,199,1,0,1
186530,467,202,0,0,1
186608,453,220,0,0,1
186686,450,232,0,0,1
186764,453,238,0,0,1
186858,467,242,0,0,1
186936,479,233,0,0,1
187014,489,219,0,0,1
187092,490,213,0,0,1
187170,467,231,0,0,1
187248,476,254,0,0,1
187326,478,254,0,0,1
187404,468,259,0,0,1
187497,476,281,0,0,1
187575,473,275,0,0,1
187653,466,274,0,0,1
187731,465,283,0,0,1
187809,465,283,0,0,1
187887,443,310,0,0,1
187965,483,294,0,0,1
188043,454,278,0,0,1
188137,445,313,0,0,1
188215,458,323,0,0,1
188293,446,317,0,0,1
188371,443,342,0,0,1
188449,457,345,0,0,1
188527,442,327,0,0,1
188605,454,336,0,0,1
188698,452,334,0,0,1
188776,434,328,0,0,1
188854,432,328,0,0,1
188932,428,323,0,0,1
189010,429,332,0,0,1
189088,441,343,0,0,1
189166,412,328,0,0,1
189244,412,337,0,0,1
189338,415,338,0,0,1
189416,403,328,0,0,1
189494,410,331,0,0,1
189572,407,331,0,0,1
189650,386,337,0,0,1
189728,397,350,0,0,1
189806,392,342,0,0,1
189884,388,347,0,0,1
189978,407,339,0,0,1
190056,392,322,0,0,1
190134,388,335,0,0,1
190212,398,339,0,0,1
190290,379,318,0,0,1
190368,376,317,0,0,1
190446,377,326,0,0,1
190524,389,336,0,0,1
190617,388,336,0,0,1
190695,378,330,0,0,1
190773,371,340,1,0,1
190851,383,355,1,0,1
190929,395,339,1,0,1
191007,384,327,1,0,1
191085,377,338,1,0,1
191163,391,348,1,0,1
191257,392,341,1,0,1
191335,380,332,1,0,1
191413,377,349,1,0,1
191491,391,360,1,0,1
191569,396,345,1,0,1
191647,388,340,1,0,1
191725,387,340,0,0,1
191818,392,348,0,0,1
191896,401,344,0,0,1
191974,393,334,0,0,1
192052,375,342,0,0,1
192130,382,362,0,0,1
192208,397,354,0,0,1
192286,384,339,0,0,1
192364,379,336,0,0,1
192458,383,346,0,0,1
192536,389,349,0,0,1
192614,382,335,1,0,1
192692,370,331,1,0,1
192770,369,356,1,0,1
192848,373,360,1,0,1
192926,385,335,1,0,1
193004,372,328,1,0,1
193098,359,331,1,0,1
193176,368,346,1,0,1
193254,376,350,1,0,1
193332,383,334,1,0,1
193410,379,331,1,0,1
193488,379,346,1,0,1
193566,389,350,1,0,1
193644,402,342,0,0,1
193737,395,330,0,0,1
193815,392,329,0,0,1
193893,386,341,0,0,1
193971,400,357,0,0,1
194049,407,348,0,0,1
194127,400,333,0,0,1
194205,393,332,0,0,1
194299,396,343,0,0,1
194377,412,337,0,0,1
194455,402,319,0,0,1
194533,393,315,0,0,1
194611,401,338,0,0,1
194689,418,333,0,0,1
194767,410,308,0,0,1
194845,381,307,0,0,1
194938,370,327,0,0,1
195016,389,345,0,0,1
195094,422,328,0,0,1
195172,416,299,0,0,1
195250,407,294,0,0,1
195328,403,318,0,0,1
195406,426,332,0,0,1
195484,461,302,0,0,1
195578,440,281,0,0,1
195656,411,282,0,0,1
195734,419,307,0,0,1
195812,438,311,0,0,1
195890,464,282,1,0,1
195968,445,270,1,0,1
196046,420,281,1,0,1
196140,436,312,1,0,1
196218,466,303,1,0,1
196296,456,273,1,0,1
196374,418,260,1,0,1
196452,398,286,1,0,1
196530,427,303,1,0,1
196608,444,275,1,0,1
196686,413,254,1,0,1
196779,367,263,1,0,1
196857,385,295,1,0,1
196935,413,288,0,0,1
197013,401,262,0,0,1
197091,362,248,0,0,1
197169,332,252,0,0,1
197247,359,288,0,0,1
197325,402,274,0,0,1
197419,384,260,0,0,1
197497,366,266,0,0,1
197575,388,299,0,0,1
197653,407,287,1,0,1
197731,381,266,1,0,1
197809,340,279,1,0,1
197887,363,311,1,0,1
197965,433,304,1,0,1
198058,440,271,1,0,1
198136,421,259,1,0,1
198214,384,294,1,0,1
198292,410,315,1,0,1
198370,454,272,1,0,1
198448,432,248,1,0,1
198526,396,263,1,0,1
198620,419,289,1,0,1
198698,458,249,1,0,1
198776,441,227,1,0,1
198854,416,226,1,0,1
198932,413,260,1,0,1
199010,463,269,1,0,1
199088,482,237,1,0,1
199166,458,218,1,0,1
199260,437,215,1,0,1
199338,444,238,1,0,1
199416,461,231,1,0,1
199494,449,214,1,0,1
199572,443,210,1,0,1
199650,439,228,1,0,1
199728,447,231,1,0,1
199806,425,215,1,0,1
199899,412,233,1,0,1
199977,420,241,1,0,1
200055,420,227,1,0,1
200133,397,218,1,0,1
200211,412,245,1,0,1
200289,445,232,1,0,1
200367,434,216,1,0,1
200445,426,226,1,0,1
200539,438,237,1,0,1
200617,451,228,1,0,1
200695,441,214,1,0,1
200773,429,226,1,0,1
200851,445,243,1,0,1
200929,463,231,1,0,1
201007,455,218,1,0,1
201085,446,221,1,0,1
201178,459,239,1,0,1
201256,487,227,1,0,1
201334,483,211,1,0,1
201412,476,224,1,0,1
201490,497,235,1,0,1
201568,509,211,1,0,1
201646,499,198,1,0,1
201740,507,221,1,0,1
201818,523,211,1,0,1
201896,516,198,1,0,1
201974,506,211,1,0,1
202052,519,223,1,0,1
202130,537,206,1,0,1
202208,522,193,1,0,1
202286,511,223,1,0,1
202380,526,229,1,0,1
202458,530,207,1,0,1
202536,486,212,1,0,1
202614,497,244,1,0,1
202692,508,231,1,0,1
202770,482,220,1,0,1
202848,459,256,1,0,1
202926,496,245,1,0,1
203019,531,202,1,0,1
203097,547,175,1,0,1
203175,532,155,1,0,1
203253,533,186,1,0,1
203331,546,174,1,0,1
203409,534,161,1,0,1
203487,534,178,1,0,1
203581,546,159,1,0,1
203659,537,145,1,0,1
203737,538,142,1,0,1
203815,539,130,1,0,1
203893,534,127,1,0,1
203971,527,137,1,0,1
204049,538,164,0,0,1
204127,537,162,0,0,1
204221,529,166,0,0,1
204299,547,179,0,0,1
204377,543,167,0,0,1
204455,527,173,0,0,1
204533,535,184,0,0,1
204611,528,177,0,0,1
204689,514,203,0,0,1
204782,529,212,0,0,1
204860,525,194,0,0,1
204938,507,216,0,0,1
205016,521,231,0,0,1
205094,507,221,0,0,1
205172,506,253,0,0,1
205250,510,253,0,0,1
205328,492,252,0,0,1
205422,504,267,0,0,1
205500,500,265,0,0,1
205578,486,270,0,0,1
205656,492,286,0,0,1
205734,476,280,0,0,1
205812,459,294,0,0,1
205890,473,302,0,0,1
205983,421,285,0,0,1
206061,417,306,0,0,1
206139,423,309,0,0,1
206217,387,292,0,0,1
206295,378,315,0,0,1
206373,384,316,0,0,1
206451,347,291,0,0,1
206529,342,305,0,0,1
206623,353,311,0,0,1
206701,332,295,0,0,1
206779,322,297,0,0,1
206857,329,312,0,0,1
206935,328,310,0,0,1
207013,316,296,0,0,1
207091,302,310,0,0,1
207185,312,320,0,0,1
207263,294,303,0,0,1
207341,258,310,0,0,1
207419,277,333,0,0,1
207497,286,314,0,0,1
207575,246,293,0,0,1
207653,243,319,0,0,1
207731,258,327,0,0,1
207824,225,290,0,0,1
207902,203,310,0,0,1
207980,229,340,0,0,1
208058,240,320,0,0,1
208136,203,309,0,0,1
208214,205,343,0,0,1
208292,245,371,0,0,1
208370,296,364,0,0,1
208464,320,345,0,0,1
208542,341,324,0,0,1
208620,367,298,0,0,1
208698,376,282,0,0,1
208776,397,273,0,0,1
208854,427,271,0,0,1
208932,443,278,0,0,1
209010,467,282,0,0,1
209103,540,282,0,0,1
209181,544,287,0,0,1
209259,548,311,0,0,1
209337,485,328,0,0,1
209415,400,337,0,0,1
209493,359,339,0,0,1
209571,295,326,0,0,1
209649,225,310,0,0,1
209743,208,304,0,0,1
209821,181,323,0,0,1
209899,183,352,0,0,1
209977,186,361,0,0,1
210055,216,366,0,0,1
210133,297,336,0,0,1
210211,336,313,0,0,1
210305,424,290,0,0,1
210383,475,286,0,0,1
210461,513,289,0,0,1
210539,548,303,0,0,1
210617,563,321,0,0,1
210695,482,340,0,0,1
210773,402,333,0,0,1
210851,300,327,0,0,1
210944,243,322,0,0,1
211022,215,326,0,0,1
211100,146,331,0,0,1
211178,96,336,0,0,1
211256,73,359,0,0,1
211334,87,388,0,0,1
211412,125,402,0,0,1
211490,196,406,0,0,1
211584,239,380,0,0,1
211662,301,341,0,0,1
211740,373,306,0,0,1
211818,435,301,0,0,1
211896,501,305,0,0,1
211974,529,318,0,0,1
212052,540,349,0,0,1
212130,506,373,0,0,1
212223,416,383,0,0,1
212301,342,371,0,0,1
212379,262,356,0,0,1
212457,204,342,0,0,1
212535,155,336,0,0,1
212613,107,357,0,0,1
212691,97,373,0,0,1
212785,111,394,0,0,1
212863,200,400,0,0,1
212941,280,387,0,0,1
213019,291,371,0,0,1
213097,338,346,0,0,1
213175,400,319,0,0,1
213253,466,299,0,0,1
213331,522,295,0,0,1
213425,567,307,0,0,1
213503,558,346,0,0,1
213581,502,371,0,0,1
213659,418,374,0,0,1
213737,400,325,0,0,1
213815,403,248,0,0,1
213893,417,178,0,0,1
213971,430,147,0,0,1
214064,459,137,0,0,1
214142,484,132,0,0,1
214220,494,128,0,0,1
214298,508,109,0,0,1
214376,514,105,0,0,1
214454,518,102,0,0,1
214532,517,100,0,0,1
214626,514,97,0,0,1
214704,484,112,0,0,1
214782,486,131,0,0,1
214860,499,149,0,0,1
214938,515,147,0,0,1
215016,509,134,0,0,1
215094,487,126,0,0,1
215172,475,130,0,0,1
215265,461,145,0,0,1
215343,468,156,0,0,1
215421,489,161,0,0,1
215499,491,142,0,0,1
215577,474,126,0,0,1
215655,457,124,0,0,1
215733,420,153,0,0,1
215811,417,166,0,0,1
215905,425,184,0,0,1
215983,434,194,0,0,1
216061,487,198,0,0,1
216139,500,186,0,0,1
216217,455,155,0,0,1
216295,426,154,0,0,1
216373,398,160,0,0,1
216451,380,179,0,0,1
216545,373,200,0,0,1
216623,386,233,0,0,1
216701,425,265,0,0,1
216779,498,277,0,0,1
216857,573,273,0,0,1
216935,612,248,0,0,1
217013,623,246,0,0,1
217106,599,290,0,0,1
217184,541,332,0,0,1
217262,506,357,0,0,1
217340,449,375,0,0,1
217418,389,392,0,0,1
217496,316,391,0,0,1
217574,259,357,0,0,1
217652,232,298,0,0,1
217746,272,242,0,0,1
217824,343,198,0,0,1
217902,431,162,0,0,1
217980,462,133,0,0,1
218058,488,107,0,0,1
218136,490,91,0,0,1
218214,481,85,0,0,1
218292,444,101,0,0,1
218385,433,143,0,0,1
218463,438,173,0,0,1
218541,466,198,0,0,1
218619,501,188,0,0,1
218697,546,154,0,0,1
218775,557,133,0,0,1
218853,544,106,0,0,1
218931,535,102,0,0,1
219025,538,124,0,0,1
219103,548,129,0,0,1
219181,543,114,0,0,1
219259,527,122,0,0,1
219337,527,149,0,0,1
219415,539,154,0,0,1
219493,534,150,0,0,1
219571,534,163,0,0,1
219665,547,170,0,0,1
219743,541,163,0,0,1
219821,540,178,0,0,1
219899,547,182,0,0,1
219977,531,172,0,0,1
220055,500,186,0,0,1
220133,509,199,0,0,1
220226,505,187,0,0,1
220304,496,186,0,0,1
220382,512,205,0,0,1
220460,508,193,0,0,1
220538,496,200,0,0,1
220616,512,216,0,0,1
220694,509,207,0,0,1
220772,507,211,0,0,1
220866,512,213,0,0,1
220944,492,197,0,0,1
221022,485,202,0,0,1
221100,491,206,0,0,1
221178,477,207,0,0,1
221256,487,226,0,0,1
221334,486,220,0,0,1
221412,477,216,0,0,1
221505,486,230,0,0,1
221583,478,219,0,0,1
221661,462,227,0,0,1
221739,473,240,0,0,1
221817,464,228,0,0,1
221895,438,237,0,0,1
221973,460,252,0,0,1
222051,453,247,0,0,1
222145,450,246,0,0,1
222223,468,254,0,0,1
222301,456,246,0,0,1
222379,448,247,0,0,1
222457,457,254,0,0,1
222535,447,246,0,0,1
222613,431,249,0,0,1
222707,441,258,0,0,1
222785,444,251,0,0,1
222863,434,245,0,0,1
222941,438,249,0,0,1
223019,454,243,0,0,1
223097,442,231,0,0,1
223190,441,244,0,0,1
223268,442,246,0,0,1
223346,435,252,0,0,1
223424,441,260,0,0,1
223502,433,257,0,0,1
223580,426,267,0,0,1
223658,430,268,0,0,1
223736,413,263,0,0,1
223830,420,276,0,0,1
223908,422,277,0,0,1
223986,413,284,0,0,1
224064,421,293,0,0,1
224142,414,288,0,0,1
224220,412,301,0,0,1
224298,409,290,0,0,1
224391,400,293,0,0,1
224469,415,303,0,0,1
224547,404,295,0,0,1
224625,414,310,0,0,1
224703,419,312,0,0,1
224781,397,301,0,0,1
224859,397,305,0,0,1
224937,395,304,0,0,1
225031,384,308,0,0,1
225109,390,317,0,0,1
225187,386,302,0,0,1
225265,371,308,0,0,1
225343,388,315,0,0,1
225421,386,304,0,0,1
225499,404,313,0,0,1
225577,409,295,0,0,1
225671,378,308,0,0,1
225749,387,317,0,0,1
225827,382,312,0,0,1
225905,360,318,0,0,1
225983,385,337,0,0,1
226061,382,319,0,0,1
226139,382,324,0,0,1
226217,394,324,0,0,1
226310,378,312,0,0,1
226388,383,323,0,0,1
226466,464,293,0,0,1
226544,463,262,0,0,1
226622,474,253,0,0,1
226700,488,249,0,0,1
226778,506,242,0,0,1
226872,523,234,0,0,1
226950,530,233,0,0,1
227028,537,232,0,0,1
227106,534,236,0,0,1
227184,495,258,0,0,1
227262,480,265,0,0,1
227340,458,274,0,0,1
227433,439,279,0,0,1
227511,420,280,0,0,1
227589,408,283,0,0,1
227667,378,297,0,0,1
227745,333,318,0,0,1
227823,319,327,0,0,1
227901,319,327,0,0,1
227979,365,312,0,0,1
228073,378,299,0,0,1
228151,378,299,0,0,1
228229,374,297,0,0,1
228307,339,285,0,0,1
228385,348,295,0,0,1
228463,353,288,0,0,1
228541,339,279,0,0,1
228635,345,295,0,0,1
228713,340,288,0,0,1
228791,319,302,0,0,1
228869,335,300,0,0,1
228947,331,285,0,0,1
229025,333,301,0,0,1
229103,341,299,0,0,1
229181,326,287,0,0,1
229274,336,308,0,0,1
229352,336,301,0,0,1
229430,315,296,0,0,1
229508,327,305,0,0,1
229586,321,293,0,0,1
229664,312,308,0,0,1
229742,329,328,0,0,1
229820,304,312,0,0,1
229914,277,321,0,0,1
229992,333,325,0,0,1
230070,315,304,0,0,1
230148,301,313,0,0,1
230226,307,316,0,0,1
230304,286,307,0,0,1
230382,313,323,0,0,1
230460,351,304,0,0,1
230553,388,321,0,0,1
230631,415,315,0,0,1
230709,400,310,0,0,1
230787,407,314,0,0,1
230865,383,307,0,0,1
230943,338,313,0,0,1
231021,349,319,0,0,1
231099,343,316,0,0,1
231193,341,320,0,0,1
231271,338,318,1,0,1
231349,338,318,0,0,1
231427,336,318,0,0,1
231505,326,314,0,0,1
231583,336,322,0,0,1
231661,338,323,1,0,1
231755,327,319,1,0,1
231833,322,317,1,0,1
231911,322,317,1,0,1
231989,327,321,1,0,1
232067,327,321,0,0,1
232145,325,324,0,0,1
232223,324,325,0,0,1
232301,324,325,0,0,1
232394,324,325,1,0,1
232472,324,325,1,0,1
232550,324,325,1,0,1
232628,324,325,1,0,1
232706,317,331,1,0,1
232784,321,335,0,0,1
232862,323,336,0,0,1
232940,322,336,0,0,1
233034,321,336,1,0,1
233112,334,338,1,0,1
233190,480,329,1,0,1
233268,489,329,1,0,1
233346,489,329,1,0,1
233424,489,329,1,0,1
233502,490,328,1,0,1
233580,509,320,1,0,1
233673,511,303,1,0,1
233751,512,296,1,0,1
233829,510,295,1,0,1
233907,509,296,1,0,1
233985,517,299,1,0,1
234063,521,291,1,0,1
234141,520,292,1,0,1
234235,525,293,1,0,1
234313,523,292,1,0,1
234391,516,297,1,0,1
234469,527,294,1,0,1
234547,520,304,1,0,1
234625,526,305,1,0,1
234703,524,305,1,0,1
234781,517,307,1,0,1
234875,530,288,1,0,1
234953,522,286,1,0,1
235031,521,288,1,0,1
235109,518,285,1,0,1
235187,504,290,1,0,1
235265,503,279,1,0,1
235343,501,281,1,0,1
235421,502,281,1,0,1
235514,499,284,1,0,1
235592,504,280,1,0,1
235670,508,266,1,0,1
235748,503,266,1,0,1
235826,508,257,1,0,1
235904,504,262,1,0,1
235982,507,272,1,0,1
236060,504,274,1,0,1
236154,490,288,1,0,1
236232,480,298,1,0,1
236310,428,339,1,0,1
236388,382,374,1,0,1
236466,371,386,1,0,1
236544,363,394,1,0,1
236622,366,393,0,0,1
236700,375,382,0,0,1
236794,372,386,0,0,1
236872,367,391,1,0,1
236950,367,392,1,0,1
237028,354,401,1,0,1
237106,349,406,0,0,1
237184,349,406,0,0,1
237262,346,411,0,0,1
237355,345,417,0,0,1
237433,341,429,0,0,1
237511,340,435,1,0,1
237589,341,435,1,0,1
237667,342,436,0,0,1
237745,344,436,0,0,1
237823,391,403,0,0,1
237901,411,353,0,0,1
237995,434,304,0,0,1
238073,439,286,0,0,1
238151,407,274,0,0,1
238229,369,266,0,0,1
238307,348,295,0,0,1
238385,349,297,0,0,1
238463,339,314,0,0,1
238541,341,332,0,0,1
238634,346,324,0,0,1
238712,337,338,1,0,1
238790,325,354,1,0,1
238868,286,373,1,0,1
238946,269,384,1,0,1
239024,268,385,0,0,1
239102,269,385,0,0,1
239180,279,377,0,0,1
239274,281,372,0,0,1
239352,280,363,1,0,1
239430,288,348,1,0,1
239508,305,338,1,0,1
239586,316,334,0,0,1
239664,316,334,0,0,1
239742,321,322,0,0,1
239820,319,325,0,0,1
239914,314,347,0,0,1
239992,303,366,0,0,1
240070,274,402,1,0,1
240148,272,420,1,0,1
240226,272,426,1,0,1
240304,251,441,1,0,1
240382,234,437,1,0,1
240475,230,435,0,0,1
240553,229,430,0,0,1
240631,243,388,0,0,1
240709,248,367,0,0,1
240787,252,352,0,0,1
240865,278,314,0,0,1
240943,283,293,0,0,1
241021,296,273,0,0,1
241115,301,265,0,0,1
241193,304,264,0,0,1
241271,316,257,0,0,1
241349,324,248,0,0,1
241427,329,246,0,0,1
241505,334,248,0,0,1
241583,353,254,0,0,1
241661,358,254,0,0,1
241754,361,254,0,0,1
241832,375,257,0,0,1
241910,390,266,0,0,1
241988,415,274,0,0,1
242066,439,284,0,0,1
242144,452,302,0,0,1
242222,421,327,0,0,1
242300,404,334,0,0,1
242394,389,344,0,0,1
242472,379,355,0,0,1
242550,360,371,0,0,1
242628,329,402,0,0,1
242706,321,413,0,0,1
242784,315,417,0,0,1
242862,314,417,0,0,1
242956,303,423,0,0,1
243034,301,435,0,0,1
243112,301,440,1,0,1
243190,298,447,1,0,1
243268,297,446,1,0,1
243346,295,446,1,0,1
243424,287,439,1,0,1
243502,281,409,1,0,1
243595,284,375,1,0,1
243673,306,344,1,0,1
243751,347,308,1,0,1
243829,349,303,1,0,1
243907,316,298,1,0,1
243985,272,295,1,0,1
244063,272,295,1,0,1
244141,268,295,1,0,1
244235,264,311,1,0,1
244313,250,320,1,0,1
244391,234,325,1,0,1
244469,231,326,1,0,1
244547,241,331,1,0,1
244625,244,333,1,0,1
244703,245,333,1,0,1
244781,246,331,1,0,1
244874,264,311,1,0,1
244952,266,310,1,0,1
245030,266,310,1,0,1
245108,257,311,1,0,1
245186,207,312,1,0,1
245264,204,312,1,0,1
245342,205,312,1,0,1
245420,213,316,1,0,1
245514,243,314,1,0,1
245592,250,313,0,0,1
245670,251,313,0,0,1
245748,251,313,0,0,1
245826,251,313,0,0,1
245904,252,313,0,0,1
245982,252,313,0,0,1
246076,256,318,0,0,1
246154,275,321,0,0,1
246232,310,284,0,0,1
246310,322,239,0,0,1
246388,356,200,0,0,1
246466,371,182,0,0,1
246544,379,171,0,0,1
246622,379,168,0,0,1
246715,381,161,0,0,1
246793,387,150,0,0,1
246871,399,134,0,0,1
246949,399,133,0,0,1
247027,399,133,1,0,1
247105,399,133,1,0,1
247183,399,133,1,0,1
247261,399,134,1,0,1
247355,390,152,1,0,1
247433,384,163,1,0,1
247511,380,174,1,0,1
247589,378,180,1,0,1
247667,379,181,1,0,1
247745,380,185,1,0,1
247823,380,187,0,0,1
247901,380,188,0,0,1
247994,376,196,0,0,1
248072,375,199,0,0,1
248150,374,200,0,0,1
248228,368,215,0,0,1
248306,363,225,0,0,1
248384,362,228,0,0,1
248462,357,234,1,0,1
248540,351,244,1,0,1
248634,350,246,1,0,1
248712,344,260,1,0,1
248790,343,262,1,0,1
248868,343,263,1,0,1
248946,343,264,1,0,1
249024,344,262,1,0,1
249102,360,243,1,0,1
249196,364,238,1,0,1
249274,366,238,1,0,1
249352,374,228,0,0,1
249430,382,218,0,0,1
249508,386,212,0,0,1
249586,389,206,0,0,1
249664,395,196,0,0,1
249742,402,184,0,0,1
249835,403,182,1,0,1
249913,399,187,1,0,1
249991,392,203,1,0,1
250069,390,209,1,0,1
250147,389,216,1,0,1
250225,386,229,1,0,1
250303,385,236,0,0,1
250381,381,245,0,0,1
250475,378,249,0,0,1
250553,377,251,0,0,1
250631,371,262,0,0,1
250709,365,275,0,0,1
250787,365,276,0,0,1
250865,363,279,0,0,1
250943,358,290,1,0,1
251021,359,292,0,0,1
251114,359,292,0,0,1
251192,364,283,0,0,1
251270,372,266,0,0,1
251348,377,259,0,0,1
251426,384,245,0,0,1
251504,389,239,0,0,1
251582,393,232,1,0,1
251676,398,224,1,0,1
251754,399,215,1,0,1
251832,399,202,1,0,1
251910,407,188,1,0,1
251988,409,184,1,0,1
252066,409,184,0,0,1
252144,406,199,0,0,1
252222,404,214,0,0,1
252316,402,224,0,0,1
252394,399,237,0,0,1
252472,396,249,0,0,1
252550,393,256,0,0,1
252628,389,266,1,0,1
252706,387,269,0,0,1
252784,385,273,0,0,1
252862,378,282,0,0,1
252955,371,290,0,0,1
253033,369,294,0,0,1
253111,366,297,1,0,1
253189,374,290,1,0,1
253267,390,257,1,0,1
253345,409,225,1,0,1
253423,418,208,1,0,1
253501,421,204,0,0,1
253595,421,202,0,0,1
253673,423,199,0,0,1
253751,432,187,0,0,1
253829,443,175,0,0,1
253907,449,168,1,0,1
253985,454,161,1,0,1
254063,457,158,1,0,1
254141,456,159,1,0,1
254234,443,184,0,0,1
254312,428,204,0,0,1
254390,414,222,0,0,1
254468,411,225,0,0,1
254546,404,237,0,0,1
254624,399,246,1,0,1
254702,395,254,1,0,1
254796,385,269,1,0,1
254874,372,285,1,0,1
254952,365,294,0,0,1
255030,345,313,0,0,1
255108,328,331,0,0,1
255186,322,340,0,0,1
255264,329,336,1,0,1
255358,354,309,1,0,1
255436,364,293,1,0,1
255514,387,272,1,0,1
255592,407,253,1,0,1
255670,423,240,1,0,1
255748,435,229,0,0,1
255826,448,213,0,0,1
255919,461,193,0,0,1
255997,471,177,0,0,1
256075,476,168,0,0,1
256153,483,159,1,0,1
256231,495,148,1,0,1
256309,501,144,1,0,1
256387,497,147,1,0,1
256465,471,170,1,0,1
256559,443,197,0,0,1
256637,430,212,0,0,1
256715,425,218,0,0,1
256793,420,222,0,0,1
256871,409,234,0,0,1
256949,388,260,1,0,1
257027,371,278,1,0,1
257105,358,290,1,0,1
257198,341,304,1,0,1
257276,318,317,1,0,1
257354,302,326,1,0,1
257432,298,329,1,0,1
257510,298,329,0,0,1
257588,326,313,0,0,1
257666,361,286,0,0,1
257744,385,266,0,0,1
257838,412,245,0,0,1
257916,422,236,0,0,1
257994,438,225,1,0,1
258072,449,218,1,0,1
258150,470,209,1,0,1
258228,495,195,1,0,1
258306,512,181,1,0,1
258384,526,171,1,0,1
258478,536,158,0,0,1
258556,537,156,0,0,1
258634,529,164,0,0,1
258712,515,175,0,0,1
258790,491,190,0,0,1
258868,473,204,0,0,1
258946,454,220,0,0,1
259039,436,234,0,0,1
259117,425,241,0,0,1
259195,399,256,1,0,1
259273,377,264,1,0,1
259351,355,272,1,0,1
259429,345,277,1,0,1
259507,306,298,1,0,1
259585,297,308,0,0,1
259679,271,328,0,0,1
259757,266,330,0,0,1
259835,265,329,0,0,1
259913,287,320,0,0,1
259991,329,303,0,0,1
260069,344,297,0,0,1
260147,373,288,0,0,1
260225,402,277,0,0,1
260318,426,266,0,0,1
260396,453,255,0,0,1
260474,474,241,0,0,1
260552,477,237,1,0,1
260630,466,237,1,0,1
260708,430,242,1,0,1
260786,399,245,1,0,1
260864,372,255,1,0,1
260958,347,263,1,0,1
261036,315,276,1,0,1
261114,306,281,1,0,1
261192,290,298,1,0,1
261270,285,310,0,0,1
261348,283,323,0,0,1
261426,293,335,0,0,1
261520,330,347,0,0,1
261598,385,344,0,0,1
261676,409,334,1,0,1
261754,425,318,1,0,1
261832,425,305,1,0,1
261910,417,290,1,0,1
261988,405,270,1,0,1
262066,388,255,1,0,1
262159,362,255,1,0,1
262237,344,259,1,0,1
262315,326,267,1,0,1
262393,309,275,1,0,1
262471,301,284,1,0,1
262549,291,302,1,0,1
262627,290,314,1,0,1
262705,291,343,1,0,1
262799,307,356,1,0,1
262877,350,351,1,0,1
262955,365,345,1,0,1
263033,387,329,1,0,1
263111,404,303,1,0,1
263189,405,281,1,0,1
263267,393,268,1,0,1
263345,369,252,1,0,1
263438,350,240,1,0,1
263516,343,236,1,0,1
263594,326,240,1,0,1
263672,316,245,1,0,1
263750,312,245,1,0,1
263828,312,245,1,0,1
263906,305,247,1,0,1
263984,305,256,1,0,1
264078,309,262,1,0,1
264156,324,271,1,0,1
264234,337,275,1,0,1
264312,366,274,1,0,1
264390,393,267,1,0,1
264468,413,257,1,0,1
264546,426,243,1,0,1
264640,431,242,1,0,1
264718,463,232,1,0,1
264796,483,218,1,0,1
264874,506,202,1,0,1
264952,512,197,1,0,1
265030,512,194,1,0,1
265108,511,193,1,0,1
265186,477,204,1,0,1
265279,464,215,1,0,1
265357,448,229,1,0,1
265435,420,247,1,0,1
265513,415,247,1,0,1
265591,387,259,1,0,1
265669,357,269,1,0,1
265747,336,273,1,0,1
265825,308,281,1,0,1
265919,288,298,1,0,1
265997,280,331,1,0,1
266075,278,342,1,0,1
266153,283,347,1,0,1
266231,314,339,1,0,1
266309,326,310,1,0,1
266387,313,281,1,0,1
266465,295,248,1,0,1
266559,284,238,1,0,1
266637,267,223,1,0,1
266715,246,205,1,0,1
266793,242,202,1,0,1
266871,213,201,1,0,1
266949,201,196,1,0,1
267027,191,182,1,0,1
267105,188,176,1,0,1
267198,201,190,1,0,1
267276,213,209,1,0,1
267354,214,209,1,0,1
267432,214,210,1,0,1
267510,215,210,1,0,1
267588,224,214,1,0,1
267666,228,215,1,0,1
267760,232,218,1,0,1
267838,236,220,1,0,1
267916,245,223,1,0,1
267994,267,223,1,0,1
268072,272,221,1,0,1
268150,272,221,1,0,1
268228,273,221,1,0,1
268306,272,223,1,0,1
268399,268,227,1,0,1
268477,268,227,1,0,1
268555,268,227,1,0,1
268633,270,228,1,0,1
268711,271,229,0,0,1
268789,273,231,0,0,1
268867,275,236,0,0,1
268945,276,237,0,0,1
269039,276,237,0,0,1
269117,276,238,0,0,1
269195,284,242,0,0,1
269273,323,259,0,0,1
269351,367,261,0,0,1
269429,418,262,0,0,1
269507,460,262,0,0,1
269585,493,259,0,0,1
269679,532,257,0,0,1
269757,537,257,0,0,1
269835,535,257,0,0,1
269913,538,274,0,0,1
269991,533,295,0,0,1
270069,509,305,0,0,1
270147,492,309,0,0,1
270240,455,319,1,0,1
270318,442,325,1,0,1
270396,424,324,1,0,1
270474,422,323,1,0,1
270552,420,322,1,0,1
270630,416,320,1,0,1
270708,398,312,1,0,1
270786,360,308,1,0,1
270880,357,307,1,0,1
270958,357,307,0,0,1
271036,357,305,0,0,1
271114,357,305,0,0,1
271192,357,305,0,0,1
271270,363,319,0,0,1
271348,370,328,0,0,1
271426,373,340,0,0,1
271519,379,363,0,0,1
271597,396,381,0,0,1
271675,385,382,0,0,1
271753,295,383,0,0,1
271831,289,381,0,0,1
271909,268,353,0,0,1
271987,246,326,0,0,1
272065,231,309,0,0,1
272159,216,295,0,0,1
272237,203,271,0,0,1
272315,187,236,0,0,1
272393,180,209,0,0,1
272471,178,200,0,0,1
272549,194,182,0,0,1
272627,235,161,0,0,1
272705,256,151,0,0,1
272799,276,145,0,0,1
272877,317,147,0,0,1
272955,335,150,0,0,1
273033,375,173,0,0,1
273111,410,194,0,0,1
273189,434,217,0,0,1
273267,441,240,0,0,1
273360,430,265,0,0,1
273438,371,279,0,0,1
273516,309,272,0,0,1
273594,276,255,0,0,1
273672,244,228,0,0,1
273750,218,210,0,0,1
273828,193,197,0,0,1
273906,183,188,0,0,1
274000,190,172,0,0,1
274078,222,135,0,0,1
274156,228,120,0,0,1
274234,228,120,0,0,1
274312,259,109,0,0,1
274390,299,113,0,0,1
274468,321,118,0,0,1
274546,359,134,0,0,1
274639,376,142,0,0,1
274717,425,155,0,0,1
274795,479,178,0,0,1
274873,498,201,0,0,1
274951,507,226,0,0,1
275029,515,257,0,0,1
275107,516,279,0,0,1
275185,504,289,0,0,1
275279,456,292,0,0,1
275357,395,290,0,0,1
275435,361,269,0,0,1
275513,326,238,0,0,1
275591,311,216,0,0,1
275669,293,193,0,0,1
275747,272,175,0,0,1
275825,252,158,0,0,1
275919,234,139,0,0,1
275997,231,129,0,0,1
276075,257,126,0,0,1
276153,302,121,0,0,1
276231,329,135,0,0,1
276309,369,154,0,0,1
276387,438,173,0,0,1
276480,475,186,0,0,1
276558,532,202,0,0,1
276636,605,225,0,0,1
276714,626,238,0,0,1
276792,628,266,0,0,1
276870,618,306,0,0,1
276948,604,330,0,0,1
277026,581,358,0,0,1
277120,556,351,0,0,1
277198,532,329,0,0,1
277276,515,295,0,0,1
277354,488,260,0,0,1
277432,473,253,0,0,1
277510,433,237,0,0,1
277588,404,215,0,0,1
277681,399,211,0,0,1
277759,391,197,0,0,1
277837,374,177,0,0,1
277915,344,158,0,0,1
277993,329,152,0,0,1
278071,327,148,0,0,1
278149,320,141,0,0,1
278227,322,138,0,0,1
278321,360,121,0,0,1
278399,361,120,0,0,1
278477,394,114,0,0,1
278555,402,114,0,0,1
278633,420,120,0,0,1
278711,465,139,0,0,1
278789,472,140,0,0,1
278867,506,140,0,0,1
278961,548,136,0,0,1
279039,573,133,0,0,1
279117,614,131,0,0,1
279195,625,133,0,0,1
279273,644,152,0,0,1
279351,655,167,0,0,1
279429,662,180,0,0,1
279507,672,206,0,0,1
279600,684,240,0,0,1
279678,691,274,0,0,1
279756,685,318,0,0,1
279834,678,361,0,0,1
279912,663,401,0,0,1
279990,649,427,0,0,1
280068,634,451,0,0,1
280162,582,475,0,0,1
280240,564,478,0,0,1
280318,505,478,0,0,1
280396,467,476,0,0,1
280474,428,469,0,0,1
280552,403,448,0,0,1
280630,370,408,0,0,1
280708,337,374,0,0,1
280801,312,344,0,0,1
280879,282,308,0,0,1
280957,274,283,0,0,1
281035,275,257,0,0,1
281113,291,226,0,0,1
281191,325,191,0,0,1
281269,359,159,0,0,1
281347,400,139,0,0,1
281441,468,123,0,0,1
281519,470,122,0,0,1
281597,489,121,0,0,1
281675,502,123,0,0,1
281753,565,131,0,0,1
281831,587,132,0,0,1
281909,641,139,0,0,1
281987,678,145,0,0,1
282081,682,147,0,0,1
282159,690,158,0,0,1
282237,702,181,0,0,1
282315,708,205,0,0,1
282393,697,235,0,0,1
282471,565,248,0,0,1
282549,520,242,0,0,1
282627,478,216,0,0,1
282720,447,197,0,0,1
282798,413,181,0,0,1
282876,402,163,0,0,1
282954,395,144,0,0,1
283032,393,132,0,0,1
283110,392,126,0,0,1
283188,396,115,0,0,1
283282,397,114,0,0,1
283360,398,111,0,0,1
283438,356,121,0,0,1
283516,278,138,0,0,1
283594,243,154,0,0,1
283672,228,162,0,0,1
283750,214,178,0,0,1
283828,204,187,0,0,1
283921,200,191,0,0,1
283999,200,191,0,0,1
284077,200,191,0,0,1
284155,218,211,0,0,1
284233,233,218,0,0,1
284311,261,219,0,0,1
284389,275,221,0,0,1
284467,282,222,0,0,1
284561,296,224,0,0,1
284639,289,223,0,0,1
284717,272,219,0,0,1
284795,268,219,0,0,1
284873,269,219,0,0,1
284951,289,223,0,0,1
285029,320,225,0,0,1
285107,331,224,0,0,1
285201,343,222,0,0,1
285279,356,222,0,0,1
285357,356,221,0,0,1
285435,344,216,0,0,1
285513,339,213,0,0,1
285591,338,212,0,0,1
285669,338,212,0,0,1
285747,342,214,0,0,1
285840,350,217,0,0,1
285918,365,217,0,0,1
285996,353,206,0,0,1
286074,327,187,0,0,1
286152,315,179,0,0,1
286230,296,156,0,0,1
286308,296,156,0,0,1
286402,295,155,0,0,1
286480,298,155,0,0,1
286558,306,153,0,0,1
286636,306,153,0,0,1
286714,306,152,0,0,1
286792,306,149,0,0,1
286870,306,149,0,0,1
286948,312,147,0,0,1
287041,313,147,0,0,1
287119,328,138,0,0,1
287197,332,134,0,0,1
287275,339,130,0,0,1
287353,342,128,0,0,1
287431,342,128,0,0,1
287509,342,128,0,0,1
287587,343,129,0,0,1
287681,344,130,0,0,1
287759,345,130,0,0,1
287837,346,130,0,0,1
287915,349,132,0,0,1
287993,349,131,0,0,1
288071,350,130,0,0,1
288149,356,133,0,0,1
288227,368,138,0,0,1
288321,371,138,0,0,1
288399,380,137,0,0,1
288477,380,137,0,0,1
288555,380,137,0,0,1
288633,384,140,0,0,1
288711,386,141,0,0,1
288789,389,141,0,0,1
288882,389,141,0,0,1
288960,395,142,0,0,1
289038,396,142,0,0,1
289116,406,144,0,0,1
289194,414,144,0,0,1
289272,414,144,0,0,1
289350,414,144,0,0,1
289428,425,148,0,0,1
289522,428,149,0,0,1
289600,452,151,0,0,1
289678,455,152,0,0,1
289756,456,153,0,0,1
289834,456,153,0,0,1
289912,462,160,0,0,1
289990,471,166,0,0,1
290068,491,172,0,0,1
290161,493,172,0,0,1
290239,493,172,0,0,1
290317,491,171,0,0,1
290395,481,166,0,0,1
290473,473,161,0,0,1
290551,468,156,0,0,1
290629,466,151,0,0,1
290707,466,150,0,0,1
290801,468,149,0,0,1
290879,477,147,0,0,1
290957,489,150,0,0,1
291035,498,154,0,0,1
291113,498,154,0,0,1
291191,436,170,0,0,1
291269,264,188,0,0,1
291347,245,188,0,0,1
291441,228,184,0,0,1
291519,179,171,0,0,1
291597,139,173,0,0,1
291675,108,167,0,0,1
291753,106,165,0,0,1
291831,102,157,0,0,1
291909,102,157,0,0,1
292002,108,151,0,0,1
292080,110,150,0,0,1
292158,113,151,1,0,1
292236,113,151,1,0,1
292314,118,154,1,0,1
292392,122,155,1,0,1
292470,131,158,1,0,1
292548,132,158,1,0,1
292642,138,159,0,0,1
292720,138,159,1,0,1
292798,140,159,1,0,1
292876,140,160,1,0,1
292954,141,160,0,0,1
293032,146,162,0,0,1
293110,156,165,0,0,1
293203,160,166,1,0,1
293281,160,166,1,0,1
293359,169,172,1,0,1
293437,173,174,0,0,1
293515,175,175,0,0,1
293593,182,181,0,0,1
293671,189,184,1,0,1
293749,190,185,1,0,1
293843,192,186,0,0,1
293921,204,194,1,0,1
293999,204,194,1,0,1
294077,205,194,0,0,1
294155,213,198,0,0,1
294233,214,198,0,0,1
294311,216,202,0,0,1
294389,227,211,1,0,1
294483,229,212,1,0,1
294561,233,216,1,0,1
294639,254,225,0,0,1
294717,257,226,0,0,1
294795,257,226,0,0,1
294873,259,228,1,0,1
294951,269,233,1,0,1
295029,269,233,1,0,1
295122,274,236,0,0,1
295200,304,257,0,0,1
295278,322,265,0,0,1
295356,322,265,1,0,1
295434,334,269,1,0,1
295512,348,274,1,0,1
295590,354,276,0,0,1
295668,354,276,0,0,1
295762,355,277,1,0,1
295840,368,281,1,0,1
295918,368,281,1,0,1
295996,368,281,1,0,1
296074,368,281,1,0,1
296152,368,281,0,0,1
296230,368,284,0,0,1
296323,370,292,0,0,1
296401,370,293,1,0,1
296479,374,294,1,0,1
296557,385,298,0,0,1
296635,385,298,0,0,1
296713,385,298,0,0,1
296792,385,298,1,0,1
296870,385,298,1,0,1
296963,385,298,0,0,1
297041,385,298,0,0,1
297119,385,298,1,0,1
297197,385,298,1,0,1
297275,385,298,1,0,1
297353,387,298,0,0,1
297431,388,299,0,0,1
297509,389,299,1,0,1
297603,391,299,1,0,1
297681,395,299,0,0,1
297759,395,298,0,0,1
297837,397,298,0,0,1
297915,397,298,1,0,1
297993,397,298,1,0,1
298071,397,298,0,0,1
298149,397,298,0,0,1
298242,397,298,1,0,1
298320,397,298,1,0,1
298398,399,299,1,0,1
298476,400,299,0,0,1
298554,403,300,0,0,1
298632,404,299,1,0,1
298710,405,299,1,0,1
298788,406,298,0,0,1
298882,406,298,0,0,1
298960,406,298,1,0,1
299038,406,298,1,0,1
299116,406,299,1,0,1
299194,406,299,0,0,1
299272,406,299,0,0,1
299350,406,299,1,0,1
299444,406,299,1,0,1
299522,406,299,1,0,1
299600,406,299,0,0,1
299678,409,302,0,0,1
299756,415,304,1,0,1
299834,419,306,1,0,1
299912,420,306,1,0,1
299990,426,307,0,0,1
300083,456,313,0,0,1
300161,457,314,1,0,1
300239,457,313,1,0,1
300317,442,308,0,0,1
300395,429,302,0,0,1
300473,419,300,0,0,1
300551,416,300,1,0,1
300629,415,301,1,0,1
300723,415,301,0,0,1
300801,415,301,0,0,1
300879,415,301,1,0,1
300957,415,301,1,0,1
301035,415,301,1,0,1
301113,415,301,0,0,1
301191,415,301,0,0,1
301284,415,301,1,0,1
301362,415,301,1,0,1
301440,415,301,0,0,1
301518,415,301,0,0,1
301596,415,301,0,0,1
301674,415,301,1,0,1
301752,415,301,1,0,1
301830,415,301,0,0,1
301924,414,301,0,0,1
302002,412,299,1,0,1
302080,407,288,1,0,1
302158,404,285,0,0,1
302236,400,284,1,0,1
302314,395,282,1,0,1
302392,386,279,0,0,1
302486,386,279,0,0,1
302564,386,279,1,0,1
302642,386,279,1,0,1
302720,384,279,1,0,1
302798,379,281,0,0,1
302876,379,281,0,0,1
302954,379,281,1,0,1
303032,377,288,1,0,1
303125,373,292,0,0,1
303203,369,293,0,0,1
303281,367,293,0,0,1
303359,364,292,1,0,1
303437,359,293,1,0,1
303515,350,293,0,0,1
303593,346,296,0,0,1
303671,345,298,1,0,1
303765,345,298,1,0,1
303843,342,301,0,0,1
303921,339,315,0,0,1
303999,347,319,0,0,1
304077,356,319,0,0,1
304155,362,319,0,0,1
304233,372,317,1,0,1
304311,389,311,1,0,1
304404,389,311,1,0,1
304482,403,303,1,0,1
304560,408,300,1,0,1
304638,424,293,0,0,1
304716,436,288,0,0,1
304794,436,288,0,0,1
304872,436,288,0,0,1
304966,436,288,0,0,1
305044,431,298,0,0,1
305122,399,332,0,0,1
305200,399,333,0,0,1
305278,471,301,0,0,1
305356,537,270,0,0,1
305434,540,268,0,0,1
305512,569,252,0,0,1
305606,587,241,0,0,1
305684,596,232,0,0,1
305762,605,216,0,0,1
305840,616,199,0,0,1
305918,624,185,0,0,1
305996,635,161,0,0,1
306074,639,156,0,0,1
306152,649,156,0,0,1
306245,690,157,0,0,1
306323,700,170,0,0,1
306401,686,231,0,0,1
306479,668,280,0,0,1
306557,649,299,0,0,1
306635,599,314,0,0,1
306713,561,314,0,0,1
306791,492,304,0,0,1
306885,424,321,0,0,1
306963,350,353,0,0,1
307041,323,371,0,0,1
307119,318,396,0,0,1
307197,329,410,0,0,1
307275,359,405,0,0,1
307353,425,366,0,0,1
307446,481,322,0,0,1
307524,522,283,0,0,1
307602,564,245,0,0,1
307680,601,216,0,0,1
307758,629,201,0,0,1
307836,642,193,0,0,1
307914,643,193,0,0,1
308008,640,196,0,0,1
308086,618,208,0,0,1
308164,583,222,0,0,1
308242,578,224,0,0,1
308320,516,230,0,0,1
308398,470,227,0,0,1
308476,395,215,0,0,1
308554,311,213,0,0,1
308648,253,226,0,0,1
308726,225,247,0,0,1
308804,253,271,0,0,1
308882,309,280,0,0,1
308960,361,281,0,0,1
309038,376,280,0,0,1
309116,423,274,0,0,1
309194,486,267,0,0,1
309287,507,268,0,0,1
309365,527,286,0,0,1
309443,543,304,0,0,1
309521,547,315,0,0,1
309599,542,323,0,0,1
309677,540,321,0,0,1
309755,540,321,0,0,1
309833,515,326,0,0,1
309927,500,329,0,0,1
310005,499,328,0,0,1
310083,435,321,0,0,1
310161,390,311,0,0,1
310239,388,311,0,0,1
310317,388,307,0,0,1
310395,396,287,0,0,1
310488,396,287,0,0,1
310566,396,287,0,0,1
310644,397,287,0,0,1
310722,397,287,0,0,1
310800,397,287,0,0,1
310878,397,287,0,0,1
310956,397,287,0,0,1
