31,104,229,0,0,1
109,104,229,0,0,1
187,104,229,0,0,1
265,104,229,0,0,1
343,104,229,0,0,1
421,118,232,0,0,1
499,136,234,0,0,1
593,145,236,0,0,1
671,175,241,0,0,1
749,187,244,0,0,1
827,201,248,0,0,1
905,234,256,0,0,1
983,252,260,0,0,1
1061,267,264,0,0,1
1139,278,268,0,0,1
1233,292,273,0,0,1
1311,311,280,0,0,1
1404,328,286,0,0,1
1482,334,287,0,0,1
1560,344,287,0,0,1
1638,348,286,0,0,1
1716,349,286,0,0,1
1794,350,285,0,0,1
1872,350,285,0,0,1
1950,350,285,0,0,1
2044,351,286,0,0,1
2122,352,288,0,0,1
2200,354,294,0,0,1
2278,354,294,0,0,1
2356,354,294,0,0,1
2434,355,295,0,0,1
2512,359,290,0,0,1
2590,358,286,0,0,1
2683,357,280,0,0,1
2761,357,279,0,0,1
2839,356,278,0,0,1
2917,355,278,0,0,1
2995,355,279,0,0,1
3073,347,286,0,0,1
3151,344,289,0,0,1
3229,342,297,0,0,1
3323,343,298,0,0,1
3401,352,292,0,0,1
3479,356,281,0,0,1
3557,359,278,0,0,1
3635,361,277,0,0,1
3713,361,272,0,0,1
3791,362,263,0,0,1
3869,353,251,0,0,1
3963,321,245,0,0,1
4041,314,246,0,0,1
4119,305,251,0,0,1
4197,301,256,0,0,1
4275,308,259,0,0,1
4353,338,258,0,0,1
4431,347,255,0,0,1
4524,354,251,0,0,1
4602,355,251,0,0,1
4680,355,253,0,0,1
4758,345,258,0,0,1
4836,325,269,0,0,1
4914,308,291,0,0,1
4992,311,309,0,0,1
5070,333,313,0,0,1
5164,398,299,0,0,1
5242,425,284,0,0,1
5320,436,271,0,0,1
5398,437,270,0,0,1
5476,435,270,0,0,1
5554,418,275,0,0,1
5632,405,280,0,0,1
5710,404,280,0,0,1
5803,404,279,0,0,1
5881,405,276,0,0,1
5959,416,269,0,0,1
6037,445,265,0,0,1
6115,472,265,0,0,1
6193,510,268,0,0,1
6271,517,269,0,0,1
6349,519,271,0,0,1
6443,524,274,0,0,1
6521,525,274,0,0,1
6599,524,277,0,0,1
6677,507,282,0,0,1
6755,503,280,0,0,1
6833,491,282,0,0,1
6911,491,282,0,0,1
7005,499,279,0,0,1
7083,510,276,0,0,1
7161,510,276,0,0,1
7239,508,282,0,0,1
7317,502,287,0,0,1
7395,501,287,0,0,1
7473,486,290,0,0,1
7551,482,291,0,0,1
7644,466,295,0,0,1
7722,465,296,0,0,1
7800,449,302,0,0,1
7878,419,304,0,0,1
7956,418,304,0,0,1
8034,419,304,0,0,1
8112,446,291,0,0,1
8190,460,287,0,0,1
8284,462,287,0,0,1
8362,475,289,0,0,1
8440,483,290,0,0,1
8518,510,289,0,0,1
8596,517,288,0,0,1
8674,518,288,0,0,1
8752,522,299,0,0,1
8846,523,307,0,0,1
8924,522,312,0,0,1
9002,518,315,0,0,1
9080,507,321,0,0,1
9158,507,321,0,0,1
9236,502,325,0,0,1
9314,501,326,0,0,1
9392,487,331,0,0,1
9485,482,335,0,0,1
9563,482,335,0,0,1
9641,485,332,0,0,1
9719,494,324,0,0,1
9797,494,324,0,0,1
9875,494,324,0,0,1
9953,485,332,0,0,1
10031,482,334,0,0,1
10125,480,335,0,0,1
10203,480,335,0,0,1
10281,480,335,0,0,1
10359,480,335,0,0,1
10437,480,335,0,0,1
10515,476,337,0,0,1
10593,475,337,0,0,1
10671,475,337,0,0,1
10764,476,336,0,0,1
10842,484,334,0,0,1
10920,485,334,0,0,1
10998,492,331,0,0,1
11076,499,331,0,0,1
11154,510,328,0,0,1
11232,519,326,0,0,1
11310,527,325,0,0,1
11404,531,328,0,0,1
11482,539,339,0,0,1
11560,543,344,0,0,1
11638,549,350,0,0,1
11716,553,352,0,0,1
11794,553,353,0,0,1
11872,554,356,0,0,1
11966,553,357,0,0,1
12044,542,358,0,0,1
12122,524,358,0,0,1
12200,496,353,0,0,1
12278,478,350,0,0,1
12356,444,338,0,0,1
12434,416,332,0,0,1
12512,401,332,0,0,1
12605,396,333,0,0,1
12683,391,336,0,0,1
12761,390,336,0,0,1
12839,387,329,0,0,1
12917,409,316,0,0,1
12995,466,310,0,0,1
13073,509,309,0,0,1
13151,538,308,0,0,1
13245,539,308,0,0,1
13323,539,308,0,0,1
13401,539,308,0,0,1
13479,534,307,0,0,1
13557,522,306,0,0,1
13635,500,303,0,0,1
13713,500,303,0,0,1
13791,502,304,0,0,1
13884,513,305,0,0,1
13962,526,304,0,0,1
14040,531,305,0,0,1
14118,538,304,0,0,1
14196,539,304,0,0,1
14274,540,304,0,0,1
14352,540,304,0,0,1
14446,537,303,0,0,1
14524,534,302,0,0,1
14602,534,302,0,0,1
14680,535,301,0,0,1
14758,542,298,0,0,1
14836,544,297,0,0,1
14914,546,295,0,0,1
14992,551,291,0,0,1
15086,553,288,0,0,1
15164,554,286,0,0,1
15242,554,285,0,0,1
15320,554,285,0,0,1
15398,553,284,0,0,1
15476,553,284,0,0,1
15554,552,283,0,0,1
15632,552,277,0,0,1
15725,552,276,0,0,1
15803,552,274,0,0,1
15881,552,274,0,0,1
15959,552,274,0,0,1
16037,552,274,0,0,1
16115,551,273,0,0,1
16193,547,271,0,0,1
16271,543,271,0,0,1
16365,530,270,0,0,1
16443,530,270,0,0,1
16521,527,272,0,0,1
16599,545,297,0,0,1
16677,545,297,0,0,1
16755,545,297,0,0,1
16833,545,297,0,0,1
16911,545,297,0,0,1
17004,535,278,0,0,1
17082,533,274,0,0,1
17160,556,260,0,0,1
17238,593,249,0,0,1
17316,597,249,0,0,1
17394,599,250,0,0,1
17488,600,250,0,0,1
17566,607,249,0,0,1
17644,614,244,0,0,1
17722,609,239,0,0,1
17800,609,238,0,0,1
17878,605,237,0,0,1
17956,605,237,0,0,1
18050,604,237,0,0,1
18128,602,239,0,0,1
18206,604,240,0,0,1
18284,604,240,0,0,1
18362,585,240,0,0,1
18440,576,241,0,0,1
18518,575,242,0,0,1
18611,575,245,0,0,1
18689,579,247,0,0,1
18767,582,244,0,0,1
18845,564,235,0,0,1
18923,550,228,0,0,1
19001,550,228,0,0,1
19079,545,229,0,0,1
19157,543,231,0,0,1
19251,546,234,0,0,1
19329,557,231,0,0,1
19407,559,228,0,0,1
19485,554,227,0,0,1
19563,544,230,0,0,1
19641,531,239,0,0,1
19719,532,242,0,0,1
19797,554,242,0,0,1
19890,559,238,0,0,1
19968,539,234,0,0,1
20046,522,233,0,0,1
20124,506,240,0,0,1
20202,506,243,0,0,1
20280,514,251,0,0,1
20358,535,252,0,0,1
20436,539,251,0,0,1
20530,530,250,0,0,1
20608,507,262,0,0,1
20686,505,270,0,0,1
20764,512,285,0,0,1
20842,523,291,0,0,1
20920,523,290,0,0,1
20998,507,284,0,0,1
21092,500,285,0,0,1
21170,496,300,0,0,1
21248,502,304,0,0,1
21326,517,292,0,0,1
21404,505,277,0,0,1
21482,496,273,0,0,1
21560,481,287,0,0,1
21653,486,295,0,0,1
21731,509,295,0,0,1
21809,515,287,0,0,1
21887,495,278,0,0,1
21965,488,280,0,0,1
22043,488,295,0,0,1
22121,500,302,0,0,1
22199,521,290,0,0,1
22293,514,274,0,0,1
22371,505,266,0,0,1
22449,493,271,0,0,1
22527,491,290,0,0,1
22605,499,299,0,0,1
22683,520,302,0,0,1
22761,527,297,0,0,1
22839,519,283,0,0,1
22932,508,279,0,0,1
23010,496,284,0,0,1
23088,494,301,0,0,1
23166,504,309,0,0,1
23244,527,307,0,0,1
23322,539,299,0,0,1
23400,529,285,0,0,1
23478,513,285,0,0,1
23572,498,300,0,0,1
23650,500,310,0,0,1
23728,515,327,0,0,1
23806,523,324,0,0,1
23884,526,308,0,0,1
23962,515,300,0,0,1
24040,505,305,0,0,1
24134,505,325,0,0,1
24212,522,331,0,0,1
24290,537,319,0,0,1
24368,528,300,0,0,1
24446,513,297,0,0,1
24524,498,311,0,0,1
24602,501,328,0,0,1
24680,438,328,0,0,1
24773,284,331,0,0,1
24851,263,329,0,0,1
24929,242,333,0,0,1
25007,242,332,0,0,1
25085,254,323,0,0,1
25163,255,322,0,0,1
25241,262,314,0,0,1
25319,262,314,0,0,1
25413,261,313,0,0,1
25491,245,314,0,0,1
25569,221,319,0,0,1
25647,221,319,0,0,1
25725,231,316,0,0,1
25803,250,315,0,0,1
25881,257,316,0,0,1
25959,304,317,0,0,1
26052,358,313,0,0,1
26130,431,302,0,0,1
26208,453,299,0,0,1
26286,487,295,0,0,1
26364,498,295,0,0,1
26442,526,301,0,0,1
26520,531,301,0,0,1
26598,531,304,0,0,1
26692,530,307,0,0,1
26770,522,305,0,0,1
26848,504,273,0,0,1
26926,500,260,0,0,1
27004,500,257,0,0,1
27082,500,255,0,0,1
27160,500,255,0,0,1
27254,503,258,0,0,1
27332,504,259,0,0,1
27410,504,259,0,0,1
27488,503,257,0,0,1
27566,502,248,1,0,1
27644,502,248,0,0,1
27722,502,246,0,0,1
27800,503,244,0,0,1
27893,503,243,0,0,1
27971,503,241,1,0,1
28049,504,240,1,0,1
28127,504,239,1,0,1
28205,504,233,1,0,1
28283,504,232,0,0,1
28361,504,230,0,0,1
28439,503,223,0,0,1
28533,502,220,1,0,1
28611,502,220,1,0,1
28689,502,220,1,0,1
28767,503,218,0,0,1
28845,504,215,0,0,1
28923,504,214,0,0,1
29001,505,212,1,0,1
29079,505,212,1,0,1
29172,506,211,0,0,1
29250,506,211,0,0,1
29328,506,211,0,0,1
29406,506,211,1,0,1
29484,506,211,1,0,1
29562,506,211,1,0,1
29640,508,209,1,0,1
29718,511,207,1,0,1
29812,519,200,1,0,1
29890,524,194,1,0,1
29968,530,187,1,0,1
30046,535,178,1,0,1
30124,558,150,1,0,1
30202,564,136,0,0,1
30280,565,135,0,0,1
30374,565,134,0,0,1
30452,566,133,1,0,1
30530,567,130,1,0,1
30608,568,125,1,0,1
30686,569,124,1,0,1
30764,568,125,0,0,1
30842,535,152,0,0,1
30920,519,170,0,0,1
31013,462,228,0,0,1
31091,398,277,0,0,1
31169,349,303,0,0,1
31247,318,313,0,0,1
31325,291,321,0,0,1
31419,266,329,0,0,1
31497,264,329,0,0,1
31575,263,328,0,0,1
31653,254,323,0,0,1
31731,254,323,0,0,1
31824,254,324,0,0,1
31902,254,324,0,0,1
31980,254,324,0,0,1
32058,257,324,0,0,1
32136,260,323,0,0,1
32214,263,323,0,0,1
32292,263,325,0,0,1
32386,262,325,0,0,1
32464,262,325,0,0,1
32542,263,325,0,0,1
32620,274,322,0,0,1
32698,279,322,0,0,1
32776,299,320,0,0,1
32854,303,319,0,0,1
32932,303,319,0,0,1
33026,303,319,0,0,1
33104,325,318,0,0,1
33182,345,316,0,0,1
33260,349,315,0,0,1
33338,384,304,0,0,1
33416,408,294,0,0,1
33494,426,280,0,0,1
33572,434,273,0,0,1
33665,434,273,0,0,1
33743,434,273,0,0,1
33821,410,273,0,0,1
33899,410,273,0,0,1
33977,410,273,0,0,1
34055,410,273,0,0,1
34133,386,293,0,0,1
34227,390,315,0,0,1
34305,404,335,0,0,1
34383,414,341,0,0,1
34461,449,345,0,0,1
34539,465,344,0,0,1
34617,490,338,0,0,1
34695,529,323,0,0,1
34773,566,307,0,0,1
34866,593,289,0,0,1
34944,603,280,0,0,1
35022,604,281,0,0,1
35100,610,293,0,0,1
35178,606,315,0,0,1
35256,593,325,0,0,1
35334,573,342,0,0,1
35428,553,358,0,0,1
35506,528,376,0,0,1
35584,516,392,0,0,1
35662,506,397,0,0,1
35740,472,406,0,0,1
35818,446,409,0,0,1
35896,423,409,0,0,1
35974,386,401,0,0,1
36068,362,396,0,0,1
36146,348,392,0,0,1
36224,326,376,0,0,1
36302,315,356,0,0,1
36380,312,339,0,0,1
36458,318,315,0,0,1
36536,327,303,0,0,1
36629,368,282,0,0,1
36707,424,270,0,0,1
36785,467,277,0,0,1
36863,498,291,0,0,1
36941,516,303,0,0,1
37019,524,315,0,0,1
37097,528,338,0,0,1
37175,526,360,0,0,1
37269,513,378,0,0,1
37347,492,390,0,0,1
37425,461,401,0,0,1
37503,441,404,0,0,1
37581,414,403,0,0,1
37659,381,396,0,0,1
37737,345,379,0,0,1
37815,317,359,0,0,1
37908,305,348,0,0,1
37986,293,331,0,0,1
38064,290,317,0,0,1
38142,293,299,0,0,1
38221,308,280,0,0,1
38299,333,262,0,0,1
38377,367,251,0,0,1
38455,415,247,0,0,1
38548,478,247,0,0,1
38626,510,261,0,0,1
38704,518,273,0,0,1
38782,523,298,0,0,1
38860,518,320,0,0,1
38938,497,339,0,0,1
39016,467,361,0,0,1
39094,433,378,0,0,1
39188,397,387,0,0,1
39266,359,392,0,0,1
39344,330,389,0,0,1
39422,313,376,0,0,1
39500,301,358,0,0,1
39578,296,340,0,0,1
39656,296,322,0,0,1
39749,307,300,0,0,1
39827,332,275,0,0,1
39905,351,262,0,0,1
39983,387,250,0,0,1
40061,404,253,0,0,1
40139,434,267,0,0,1
40217,451,278,0,0,1
40295,456,287,0,0,1
40389,466,310,0,0,1
40467,471,334,0,0,1
40545,469,348,0,0,1
40623,467,360,0,0,1
40701,467,363,0,0,1
40779,466,368,0,0,1
40857,466,368,0,0,1
40935,466,368,0,0,1
41029,467,368,0,0,1
41107,467,368,0,0,1
41185,466,367,0,0,1
41263,466,367,0,0,1
41341,466,368,0,0,1
41419,466,368,0,0,1
41497,466,368,0,0,1
41575,466,368,0,0,1
41668,466,368,0,0,1
41746,466,368,0,0,1
41824,479,370,0,0,1
41902,574,381,0,0,1
41980,607,399,0,0,1
42058,647,419,0,0,1
42136,666,428,0,0,1
42214,680,439,0,0,1
42308,689,451,0,0,1
42386,691,459,0,0,1
42464,690,464,0,0,1
42542,690,464,0,0,1
42620,692,471,0,0,1
42698,695,474,0,0,1
42776,695,474,0,0,1
42869,695,474,0,0,1
42947,695,474,0,0,1
43025,695,474,0,0,1
43103,695,474,0,0,1
43181,695,474,0,0,1
43259,695,474,0,0,1
43337,695,474,0,0,1
43415,695,474,0,0,1
43509,695,474,0,0,1
43587,695,474,0,0,1
43665,695,474,0,0,1
43743,695,474,0,0,1
43821,695,474,0,0,1
43899,695,474,0,0,1
43977,695,474,0,0,1
44055,695,474,0,0,1
44149,695,474,0,0,1
44227,695,474,0,0,1
44305,695,474,0,0,1
44383,695,474,0,0,1
44461,695,474,0,0,1
44539,695,474,0,0,1
44617,695,474,0,0,1
44695,695,474,0,0,1
44788,695,474,0,0,1
44866,695,474,0,0,1
44944,695,474,0,0,1
45022,695,474,0,0,1
45100,695,474,0,0,1
45178,695,474,0,0,1
45256,695,474,0,0,1
45350,695,474,0,0,1
45428,695,474,0,0,1
45506,695,474,0,0,1
45584,695,474,0,0,1
45662,695,474,0,0,1
45740,695,474,0,0,1
45818,695,474,0,0,1
45896,695,474,0,0,1
45989,695,474,0,0,1
46067,695,474,0,0,1
46145,695,474,0,0,1
46223,695,474,0,0,1
46301,695,474,0,0,1
46379,695,474,0,0,1
46457,695,474,0,0,1
46535,695,474,0,0,1
46629,695,474,0,0,1
46707,695,474,0,0,1
46785,695,474,0,0,1
46863,695,474,0,0,1
46941,695,474,0,0,1
47019,694,474,0,0,1
47097,653,466,0,0,1
47191,614,449,0,0,1
47269,579,421,0,0,1
47347,563,405,0,0,1
47425,553,394,0,0,1
47503,542,388,0,0,1
47581,530,382,0,0,1
47659,530,382,0,0,1
47737,526,380,0,0,1
47830,502,369,0,0,1
47908,500,368,0,0,1
47986,498,367,0,0,1
48064,498,367,0,0,1
48142,494,365,0,0,1
48220,480,361,0,0,1
48298,479,361,0,0,1
48376,465,356,0,0,1
48470,456,353,0,0,1
48548,455,353,0,0,1
48626,437,346,0,0,1
48704,436,346,0,0,1
48782,436,345,0,0,1
48860,422,342,0,0,1
48938,395,341,0,0,1
49016,371,339,0,0,1
49109,369,339,0,0,1
49187,369,339,0,0,1
49265,369,339,0,0,1
49343,369,339,0,0,1
49421,366,334,0,0,1
49499,357,315,0,0,1
49577,357,315,0,0,1
49671,366,321,0,0,1
49749,402,339,0,0,1
49827,415,346,0,0,1
49905,434,348,0,0,1
49983,447,346,0,0,1
50061,460,336,0,0,1
50139,482,313,0,0,1
50217,500,284,0,0,1
50311,513,259,0,0,1
50389,529,237,0,0,1
50467,538,219,0,0,1
50545,544,200,0,0,1
50623,551,185,0,0,1
50701,555,177,0,0,1
50779,556,172,0,0,1
50872,557,171,0,0,1
50950,554,168,0,0,1
51028,530,165,0,0,1
51106,477,178,0,0,1
51184,435,190,0,0,1
51262,411,197,0,0,1
51340,385,208,0,0,1
51418,366,218,0,0,1
51512,335,230,0,0,1
51590,305,246,0,0,1
51668,273,262,0,0,1
51746,254,272,0,0,1
51824,242,279,0,0,1
51902,242,279,0,0,1
51980,242,279,0,0,1
52058,242,278,0,0,1
52151,248,254,0,0,1
52229,242,242,0,0,1
52307,233,231,0,0,1
52385,233,231,0,0,1
52463,292,261,0,0,1
52541,395,292,0,0,1
52619,458,315,0,0,1
52697,502,332,0,0,1
52791,552,347,0,0,1
52869,579,353,0,0,1
52947,579,353,0,0,1
53025,576,350,0,0,1
53103,570,347,0,0,1
53181,559,345,0,0,1
53259,534,346,0,0,1
53337,533,347,0,0,1
53431,534,348,0,0,1
53509,536,357,0,0,1
53587,536,359,0,0,1
53665,530,362,0,0,1
53743,526,362,0,0,1
53821,524,361,0,0,1
53899,520,360,0,0,1
53992,504,363,0,0,1
54070,496,364,0,0,1
54148,493,362,0,0,1
54226,492,358,0,0,1
54304,491,342,0,0,1
54382,484,325,0,0,1
54460,479,304,0,0,1
54538,482,283,0,0,1
54632,490,269,0,0,1
54710,505,259,0,0,1
54788,513,257,0,0,1
54866,545,250,0,0,1
54944,547,250,0,0,1
55022,585,256,0,0,1
55100,589,258,0,0,1
55178,603,277,0,0,1
55271,605,284,0,0,1
55349,595,303,0,0,1
55427,565,322,0,0,1
55505,535,335,0,0,1
55583,511,349,0,0,1
55661,484,368,0,0,1
55739,466,391,0,0,1
55817,447,409,0,0,1
55911,441,417,0,0,1
55989,434,427,0,0,1
56067,427,435,0,0,1
56145,419,450,0,0,1
56223,414,461,0,0,1
56301,409,468,0,0,1
56379,408,468,0,0,1
56457,408,468,0,0,1
56551,408,468,0,0,1
56629,408,468,0,0,1
56707,408,468,0,0,1
56785,409,469,0,0,1
56863,418,474,0,0,1
56941,418,474,0,0,1
57019,418,474,0,0,1
57112,418,474,0,0,1
57190,418,474,0,0,1
57268,420,475,0,0,1
57346,422,476,0,0,1
57424,422,476,0,0,1
57502,422,476,0,0,1
57580,422,476,0,0,1
57658,422,476,0,0,1
57752,450,456,0,0,1
57830,517,422,0,0,1
57908,532,418,0,0,1
57986,533,417,0,0,1
58064,548,402,0,0,1
58142,553,391,0,0,1
58220,563,374,0,0,1
58298,563,371,0,0,1
58391,563,371,0,0,1
58469,555,376,0,0,1
58547,554,376,0,0,1
58625,550,377,0,0,1
58703,550,377,0,0,1
58781,549,377,0,0,1
58859,541,376,0,0,1
58937,511,365,0,0,1
59031,502,361,0,0,1
59109,499,356,0,0,1
59187,498,352,0,0,1
59265,498,349,0,0,1
59343,498,347,0,0,1
59421,497,345,0,0,1
59499,488,338,0,0,1
59593,481,334,0,0,1
59671,481,334,0,0,1
59749,479,334,0,0,1
59827,472,336,0,0,1
59905,471,336,0,0,1
59983,471,336,0,0,1
60061,471,336,0,0,1
60139,471,336,0,0,1
60232,471,336,0,0,1
60310,471,337,0,0,1
60388,472,337,0,0,1
60466,472,337,0,0,1
60544,474,337,0,0,1
60622,476,338,0,0,1
60700,476,338,0,0,1
60778,476,338,0,0,1
60872,476,338,0,0,1
60950,476,338,0,0,1
61028,476,338,0,0,1
61106,476,338,0,0,1
61184,476,338,0,0,1
61262,476,338,0,0,1
61340,476,338,0,0,1
61433,476,338,0,0,1
61511,476,338,0,0,1
61589,476,338,0,0,1
61667,476,338,0,0,1
61745,476,338,0,0,1
61823,477,337,0,0,1
61917,478,335,0,0,1
61995,481,327,0,0,1
62073,486,317,0,0,1
62151,498,306,0,0,1
62229,512,297,0,0,1
62307,522,297,0,0,1
62385,542,295,0,0,1
62479,547,294,0,0,1
62557,547,294,0,0,1
62635,545,295,0,0,1
62713,543,295,0,0,1
62791,524,300,0,0,1
62869,518,304,0,0,1
62947,507,314,0,0,1
63025,502,319,0,0,1
63118,500,322,0,0,1
63196,496,324,0,0,1
63274,484,333,0,0,1
63352,466,342,0,0,1
63430,465,343,0,0,1
63508,452,353,0,0,1
63586,443,359,0,0,1
63680,436,363,0,0,1
63758,380,379,0,0,1
63836,340,380,0,0,1
63914,278,375,0,0,1
63992,272,372,0,0,1
64070,241,366,0,0,1
64148,238,362,0,0,1
64226,252,334,0,0,1
64319,254,328,0,0,1
64397,255,327,0,0,1
64475,255,327,0,0,1
64553,257,327,0,0,1
64631,283,326,0,0,1
64709,333,337,0,0,1
64787,393,355,0,0,1
64865,423,368,0,0,1
64959,443,380,0,0,1
65037,457,385,0,0,1
65115,462,386,0,0,1
65193,457,387,0,0,1
65271,423,385,0,0,1
65349,385,389,0,0,1
65427,359,396,0,0,1
65505,360,400,0,0,1
65599,369,406,0,0,1
65677,413,414,0,0,1
65755,437,412,0,0,1
65833,445,404,0,0,1
65911,433,397,0,0,1
65989,404,406,0,0,1
66067,396,420,0,0,1
66160,404,436,0,0,1
66238,427,449,0,0,1
66316,473,447,0,0,1
66394,508,447,0,0,1
66472,511,445,0,0,1
66550,511,459,0,0,1
66628,538,483,0,0,1
66706,568,484,0,0,1
66800,578,484,0,0,1
66878,578,487,0,0,1
66956,572,504,0,0,1
67034,569,511,0,0,1
67112,569,511,0,0,1
67190,569,518,0,0,1
67268,569,519,0,0,1
67346,571,524,1,0,1
67439,572,527,0,0,1
67517,573,529,0,0,1
67595,574,529,1,0,1
67673,576,534,1,0,1
67751,578,540,0,0,1
67829,580,546,1,0,1
67907,580,546,1,0,1
68001,576,540,1,0,1
68079,575,539,1,0,1
68157,574,538,0,0,1
68235,574,538,1,0,1
68313,572,536,1,0,1
68391,519,486,1,0,1
68469,425,414,1,0,1
68547,364,368,1,0,1
68641,345,359,1,0,1
68719,340,352,1,0,1
68797,352,329,1,0,1
68875,360,319,1,0,1
68953,375,302,1,0,1
69031,382,291,1,0,1
69109,387,284,1,0,1
69187,390,281,1,0,1
69280,394,280,1,0,1
69358,409,279,1,0,1
69436,414,278,1,0,1
69514,424,275,1,0,1
69592,457,263,1,0,1
69670,457,263,1,0,1
69748,458,263,1,0,1
69826,458,263,1,0,1
69920,456,269,1,0,1
69998,454,270,1,0,1
70076,420,285,1,0,1
70154,370,306,1,0,1
70232,339,314,1,0,1
70310,337,315,1,0,1
70388,304,325,1,0,1
70466,300,327,1,0,1
70560,297,325,1,0,1
70638,296,323,1,0,1
70716,298,319,1,0,1
70794,300,317,1,0,1
70872,300,317,1,0,1
70950,308,312,1,0,1
71028,308,313,1,0,1
71121,309,319,1,0,1
71199,309,319,0,0,1
71277,317,325,0,0,1
71355,329,327,0,0,1
71433,369,317,0,0,1
71511,370,316,0,0,1
71589,384,309,0,0,1
71667,410,301,0,0,1
71761,410,301,0,0,1
71839,433,293,0,0,1
71917,443,289,0,0,1
71995,445,289,0,0,1
72073,482,281,0,0,1
72151,495,276,0,0,1
72229,502,274,0,0,1
72307,518,265,0,0,1
72400,518,265,0,0,1
72478,513,255,0,0,1
72556,500,244,0,0,1
72634,484,234,0,0,1
72712,433,216,0,0,1
72790,373,213,0,0,1
72868,354,217,0,0,1
72946,302,246,0,0,1
73040,303,267,0,0,1
73118,329,286,0,0,1
73196,382,288,0,0,1
73274,395,286,0,0,1
73352,398,278,0,0,1
73430,407,257,0,0,1
73508,407,236,0,0,1
73586,398,213,0,0,1
73680,387,200,0,0,1
73758,365,177,0,0,1
73836,335,156,0,0,1
73914,330,154,0,0,1
73992,332,155,0,0,1
74070,332,155,0,0,1
74148,332,155,0,0,1
74241,332,155,0,0,1
74319,332,155,0,0,1
74397,332,155,0,0,1
74475,333,155,0,0,1
74553,407,149,0,0,1
74631,469,164,0,0,1
74709,509,188,0,0,1
74787,531,208,0,0,1
74881,543,240,0,0,1
74959,540,247,0,0,1
75037,540,247,0,0,1
75115,501,243,0,0,1
75193,461,235,0,0,1
75271,438,214,0,0,1
75349,414,188,0,0,1
75427,398,168,0,0,1
75520,384,154,0,0,1
75598,375,144,0,0,1
75676,372,138,0,0,1
75754,369,131,0,0,1
75832,360,135,0,0,1
75910,324,150,0,0,1
75988,309,166,0,0,1
76066,296,197,0,0,1
76160,295,226,0,0,1
76238,301,256,0,0,1
76316,307,284,0,0,1
76394,314,304,0,0,1
76472,327,324,0,0,1
76550,352,342,0,0,1
76628,371,354,0,0,1
76722,382,368,0,0,1
76800,389,385,0,0,1
76878,391,390,0,0,1
76956,398,396,0,0,1
77034,398,396,0,0,1
77112,345,388,0,0,1
77190,292,362,0,0,1
77268,287,358,0,0,1
77361,249,345,0,0,1
77439,233,342,0,0,1
77517,227,341,0,0,1
77595,223,341,0,0,1
77673,223,341,0,0,1
77751,223,341,0,0,1
77829,234,334,0,0,1
77907,244,327,0,0,1
78001,250,323,0,0,1
78079,250,323,0,0,1
78157,251,322,0,0,1
78235,259,316,0,0,1
78313,260,316,0,0,1
78391,265,315,0,0,1
78469,290,307,0,0,1
78547,291,306,0,0,1
78640,313,291,0,0,1
78718,319,280,0,0,1
78796,322,266,0,0,1
78874,322,258,0,0,1
78952,319,245,0,0,1
79030,315,234,0,0,1
79108,315,232,0,0,1
79186,315,232,0,0,1
79280,316,233,0,0,1
79358,316,233,0,0,1
79436,316,233,0,0,1
79514,316,233,0,0,1
79592,316,233,0,0,1
79670,316,233,0,0,1
79748,323,228,0,0,1
79842,333,227,0,0,1
79920,335,226,0,0,1
79998,335,226,0,0,1
80076,280,207,0,0,1
80154,245,195,0,0,1
80232,215,194,0,0,1
80310,214,194,0,0,1
80388,199,186,0,0,1
80481,158,175,0,0,1
80559,156,175,0,0,1
80637,110,178,0,0,1
80715,95,181,0,0,1
80793,95,181,0,0,1
80871,95,181,0,0,1
80949,92,180,0,0,1
81027,88,177,0,0,1
81121,79,173,0,0,1
81199,77,171,0,0,1
81277,79,178,0,0,1
81355,90,197,0,0,1
81433,103,210,0,0,1
81511,116,226,0,0,1
81589,121,231,0,0,1
81667,127,243,0,0,1
81760,132,255,0,0,1
81838,143,275,0,0,1
81916,157,299,0,0,1
81994,169,317,0,0,1
82072,176,330,0,0,1
82150,178,331,0,0,1
82228,171,328,0,0,1
82322,154,314,0,0,1
82400,135,282,0,0,1
82478,111,249,0,0,1
82556,93,223,0,0,1
82634,81,202,0,0,1
82712,73,183,0,0,1
82790,72,179,0,0,1
82868,72,179,0,0,1
82962,78,184,0,0,1
83040,86,193,0,0,1
83118,97,207,1,0,1
83196,105,219,1,0,1
83274,114,228,1,0,1
83352,128,238,0,0,1
83430,134,241,0,0,1
83508,137,243,1,0,1
83601,145,251,0,0,1
83679,152,260,1,0,1
83757,152,261,0,0,1
83835,153,265,0,0,1
83913,152,266,1,0,1
83991,149,272,1,0,1
84069,146,285,0,0,1
84147,145,312,0,0,1
84241,143,329,1,0,1
84319,143,331,1,0,1
84397,143,332,0,0,1
84475,141,341,0,0,1
84553,141,349,0,0,1
84631,147,364,0,0,1
84709,163,385,0,0,1
84787,176,404,0,0,1
84880,178,406,0,0,1
84958,184,417,0,0,1
85036,196,440,0,0,1
85114,213,473,0,0,1
85192,216,476,0,0,1
85270,222,471,0,0,1
85348,238,452,0,0,1
85442,253,434,0,0,1
85520,281,400,0,0,1
85598,302,372,0,0,1
85676,320,336,0,0,1
85754,331,305,0,0,1
85832,344,268,0,0,1
85910,352,242,0,0,1
85988,359,229,0,0,1
86082,365,225,0,0,1
86160,378,218,0,0,1
86238,401,217,0,0,1
86316,413,217,0,0,1
86394,398,218,0,0,1
86472,282,213,0,0,1
86550,263,203,0,0,1
86643,249,192,0,0,1
86721,246,188,0,0,1
86799,246,189,0,0,1
86877,256,193,0,0,1
86955,272,199,0,0,1
87033,275,201,0,0,1
87111,296,212,0,0,1
87189,307,218,0,0,1
87283,319,224,0,0,1
87361,319,224,0,0,1
87439,329,236,0,0,1
87517,330,237,0,0,1
87595,333,243,0,0,1
87673,348,249,0,0,1
87751,386,244,0,0,1
87829,388,244,0,0,1
87922,430,236,0,0,1
88000,466,230,0,0,1
88078,471,231,0,0,1
88156,476,232,0,0,1
88234,477,233,0,0,1
88312,463,234,0,0,1
88390,443,242,0,0,1
88468,404,255,0,0,1
88562,402,255,0,0,1
88640,395,256,0,0,1
88718,368,255,0,0,1
88796,341,248,0,0,1
88874,319,240,0,0,1
88952,288,227,0,0,1
89030,260,220,0,0,1
89108,222,232,0,0,1
89202,197,264,0,0,1
89280,187,293,0,0,1
89358,180,321,0,0,1
89436,179,323,0,0,1
89514,180,323,0,0,1
89592,183,324,0,0,1
89670,192,324,0,0,1
89763,201,325,0,0,1
89841,217,327,0,0,1
89919,230,328,0,0,1
89997,230,328,0,0,1
90075,230,328,0,0,1
90153,230,328,0,0,1
90231,230,328,0,0,1
90309,230,328,0,0,1
90403,230,328,0,0,1
90481,278,320,0,0,1
90559,311,305,0,0,1
90637,336,286,0,0,1
90715,335,284,0,0,1
90793,334,283,0,0,1
90871,307,287,0,0,1
90949,273,296,0,0,1
91042,255,299,0,0,1
91120,230,302,0,0,1
91198,224,303,0,0,1
91276,225,303,0,0,1
91354,225,303,0,0,1
91448,226,304,0,0,1
91526,226,304,0,0,1
91604,226,304,0,0,1
91682,226,304,0,0,1
91760,226,304,0,0,1
91838,226,307,0,0,1
91932,225,309,0,0,1
92010,225,309,0,0,1
92088,225,309,0,0,1
92166,228,312,0,0,1
92244,231,322,0,0,1
92322,235,326,0,0,1
92400,238,328,0,0,1
92478,241,327,0,0,1
92571,248,324,0,0,1
92649,248,324,0,0,1
92727,248,324,0,0,1
92805,248,324,0,0,1
92883,248,324,0,0,1
92961,258,316,0,0,1
93039,269,306,0,0,1
93117,288,295,0,0,1
93211,311,288,0,0,1
93289,353,271,0,0,1
93367,396,256,0,0,1
93445,404,251,0,0,1
93523,403,250,0,0,1
93601,404,251,0,0,1
93679,401,262,0,0,1
93772,401,266,0,0,1
93850,399,272,0,0,1
93928,388,280,0,0,1
94006,387,280,0,0,1
94084,387,280,0,0,1
94162,386,278,0,0,1
94240,386,278,0,0,1
94318,386,278,0,0,1
94412,386,278,0,0,1
94490,386,278,0,0,1
94568,386,278,0,0,1
94646,386,278,0,0,1
94724,386,278,0,0,1
94802,386,278,0,0,1
94880,386,278,0,0,1
94958,405,285,0,0,1
95052,418,295,0,0,1
95130,409,299,0,0,1
95208,394,309,0,0,1
95286,337,308,0,0,1
95364,317,307,0,0,1
95442,316,308,0,0,1
95520,291,324,0,0,1
95598,290,325,0,0,1
95691,290,325,0,0,1
95769,292,326,0,0,1
95847,292,327,0,0,1
95925,292,329,0,0,1
96003,293,329,0,0,1
96081,293,329,0,0,1
96159,293,329,0,0,1
96237,293,330,0,0,1
96331,307,324,0,0,1
96409,303,321,0,0,1
96487,283,327,0,0,1
96565,264,338,0,0,1
96643,263,340,0,0,1
96721,273,347,0,0,1
96799,294,346,0,0,1
96892,299,337,0,0,1
96970,290,332,0,0,1
97048,259,341,0,0,1
97126,226,354,0,0,1
97204,226,356,0,0,1
97282,238,364,0,0,1
97360,253,364,0,0,1
97438,257,355,0,0,1
97532,249,351,0,0,1
97610,231,358,0,0,1
97688,234,368,0,0,1
97766,272,376,0,0,1
97844,294,356,0,0,1
97922,279,334,0,0,1
98000,266,327,0,0,1
98078,248,337,0,0,1
98172,254,349,0,0,1
98250,277,353,0,0,1
98328,296,334,0,0,1
98406,280,320,0,0,1
98484,263,319,0,0,1
98562,251,325,0,0,1
98640,248,328,0,0,1
98718,252,330,0,0,1
98811,269,323,0,0,1
98889,265,315,0,0,1
98967,250,311,0,0,1
99045,235,318,0,0,1
99123,239,327,0,0,1
99201,255,327,0,0,1
99279,256,321,0,0,1
99373,246,317,0,0,1
99451,227,325,0,0,1
99529,226,327,0,0,1
99607,233,332,0,0,1
99685,244,318,0,0,1
99763,236,305,0,0,1
99841,226,296,0,0,1
99919,226,296,0,0,1
100012,228,289,0,0,1
100090,231,274,0,0,1
100168,232,268,0,0,1
100246,232,258,0,0,1
100324,231,255,0,0,1
100402,229,251,0,0,1
100480,229,251,0,0,1
100558,229,251,0,0,1
100652,230,249,0,0,1
100730,231,246,0,0,1
100808,232,239,0,0,1
100886,232,231,0,0,1
100964,232,221,0,0,1
101042,232,218,0,0,1
101120,232,215,0,0,1
101198,233,209,0,0,1
101292,233,199,0,0,1
101370,236,190,0,0,1
101448,239,174,0,0,1
101526,239,169,0,0,1
101604,239,163,0,0,1
101682,237,157,0,0,1
101760,236,152,0,0,1
101838,234,142,0,0,1
101931,234,140,0,0,1
102009,233,136,0,0,1
102087,233,136,0,0,1
102165,233,134,0,0,1
102243,233,133,0,0,1
102321,233,133,0,0,1
102399,229,130,0,0,1
102493,229,129,0,0,1
102571,229,129,0,0,1
102649,228,130,0,0,1
102727,218,148,0,0,1
102805,230,180,0,0,1
102883,233,188,0,0,1
102961,233,189,0,0,1
103039,235,178,0,0,1
103133,240,151,0,0,1
103211,241,127,0,0,1
103289,236,114,0,0,1
103367,222,105,0,0,1
103445,179,108,0,0,1
103523,158,133,0,0,1
103601,174,211,0,0,1
103679,266,335,0,0,1
103772,330,383,0,0,1
103850,337,386,0,0,1
103928,345,385,0,0,1
104006,346,369,0,0,1
104084,319,348,0,0,1
104162,301,331,0,0,1
104240,300,329,0,0,1
104318,283,326,0,0,1
104412,281,325,0,0,1
104490,317,320,0,0,1
104568,351,320,0,0,1
104646,362,319,0,0,1
104724,378,316,0,0,1
104802,386,309,0,0,1
104880,409,299,0,0,1
104958,412,297,0,0,1
105051,416,292,0,0,1
105129,434,281,0,0,1
105207,437,279,0,0,1
105285,440,278,0,0,1
105363,454,275,0,0,1
105441,455,275,0,0,1
105519,472,278,0,0,1
105613,473,278,0,0,1
105691,476,280,0,0,1
105769,485,282,0,0,1
105847,489,284,0,0,1
105925,490,287,0,0,1
106003,491,291,0,0,1
106081,486,301,0,0,1
106159,478,312,0,0,1
106253,470,320,0,0,1
106331,437,334,0,0,1
106409,390,343,0,0,1
106487,330,339,0,0,1
106565,306,336,0,0,1
106643,278,329,0,0,1
106721,255,322,0,0,1
106799,254,321,0,0,1
106892,250,322,0,0,1
106970,215,343,0,0,1
107048,210,347,0,0,1
107126,208,346,0,0,1
107204,206,346,0,0,1
107282,206,346,0,0,1
107360,206,346,0,0,1
107438,207,345,0,0,1
107532,210,343,0,0,1
107610,233,343,0,0,1
107688,311,347,0,0,1
107766,378,341,0,0,1
107844,419,335,0,0,1
107922,452,324,0,0,1
108000,467,313,0,0,1
108093,476,304,0,0,1
108171,482,290,0,0,1
108249,484,277,0,0,1
108327,483,272,0,0,1
108405,482,269,0,0,1
108483,482,267,0,0,1
108561,482,267,0,0,1
108639,487,256,0,0,1
108733,487,253,0,0,1
108811,487,251,0,0,1
108889,487,251,0,0,1
108967,486,250,0,0,1
109045,486,250,0,0,1
109123,486,250,0,0,1
109201,486,250,0,0,1
109279,486,250,0,0,1
109373,470,219,0,0,1
109451,461,195,0,0,1
109529,457,181,0,0,1
109607,456,169,0,0,1
109685,453,158,0,0,1
109763,452,151,0,0,1
109841,448,141,0,0,1
109919,439,121,0,0,1
110012,431,108,0,0,1
110090,403,87,0,0,1
110168,370,75,0,0,1
110246,351,68,0,0,1
110324,338,65,0,0,1
110402,333,64,0,0,1
110480,332,63,0,0,1
110558,333,37,0,0,1
110652,332,34,0,0,1
110730,335,40,0,0,1
110808,356,59,0,0,1
110886,371,67,0,0,1
110964,391,73,0,0,1
111042,400,74,0,0,1
111120,400,74,0,0,1
111213,400,74,0,0,1
111291,391,68,0,0,1
111369,363,60,0,0,1
111447,326,54,0,0,1
111525,321,52,0,0,1
111603,321,52,0,0,1
111681,342,54,0,0,1
111759,365,54,0,0,1
111853,373,52,0,0,1
111931,373,52,0,0,1
112009,373,52,0,0,1
112087,349,47,0,0,1
112165,344,46,0,0,1
112243,344,46,0,0,1
112321,348,48,0,0,1
112399,366,60,0,0,1
112493,378,72,0,0,1
112571,400,90,0,0,1
112649,412,98,0,0,1
112727,426,106,0,0,1
112805,425,107,0,0,1
112883,382,103,0,0,1
112961,365,106,0,0,1
113039,321,132,0,0,1
113132,318,135,0,0,1
113210,309,147,0,0,1
113288,307,148,0,0,1
113366,280,156,0,0,1
113444,275,168,0,0,1
113522,267,198,0,0,1
113600,261,220,0,0,1
113678,251,239,0,0,1
113772,236,260,0,0,1
113850,232,280,0,0,1
113928,243,301,0,0,1
114006,263,319,0,0,1
114084,292,338,0,0,1
114162,304,336,0,0,1
114240,325,318,0,0,1
114333,317,306,0,0,1
114411,312,302,0,0,1
114489,294,301,0,0,1
114567,277,305,0,0,1
114645,269,309,0,0,1
114723,271,311,0,0,1
114801,300,312,0,0,1
114879,311,306,0,0,1
114973,287,298,0,0,1
115051,247,303,0,0,1
115129,230,309,0,0,1
115207,249,325,0,0,1
115285,323,322,0,0,1
115363,339,304,0,0,1
115441,321,268,0,0,1
115519,327,249,0,0,1
115613,390,172,0,0,1
115691,412,121,0,0,1
115769,417,76,0,0,1
115847,400,51,0,0,1
115925,383,67,0,0,1
116003,387,88,0,0,1
116081,416,89,0,0,1
116159,414,84,0,0,1
116252,386,84,0,0,1
116330,358,116,0,0,1
116408,403,146,0,0,1
116486,440,137,0,0,1
116564,414,130,0,0,1
116642,371,161,0,0,1
116720,373,206,0,0,1
116814,413,222,0,0,1
116892,422,218,0,0,1
116970,392,201,0,0,1
117048,370,212,0,0,1
117126,365,247,0,0,1
117204,405,269,0,0,1
117282,447,259,0,0,1
117360,418,237,0,0,1
117453,378,238,0,0,1
117531,353,260,0,0,1
117609,377,285,0,0,1
117687,448,285,0,0,1
117765,446,243,0,0,1
117843,408,225,0,0,1
117921,370,243,0,0,1
117999,360,267,0,0,1
118093,393,294,0,0,1
118171,448,293,0,0,1
118249,448,280,0,0,1
118327,407,260,0,0,1
118405,369,280,0,0,1
118483,388,302,0,0,1
118561,457,301,0,0,1
118639,456,282,0,0,1
118733,426,269,0,0,1
118811,405,283,0,0,1
118889,422,294,0,0,1
118967,463,288,0,0,1
119045,456,281,0,0,1
119123,425,277,0,0,1
119201,420,290,0,0,1
119279,457,304,0,0,1
119372,500,291,0,0,1
119450,477,278,0,0,1
119528,455,288,0,0,1
119606,469,309,0,0,1
119684,503,303,0,0,1
119762,498,289,0,0,1
119840,435,277,0,0,1
119934,425,298,0,0,1
120012,458,306,0,0,1
120090,510,286,0,0,1
120168,481,260,0,0,1
120246,432,255,0,0,1
120324,384,272,0,0,1
120402,386,303,0,0,1
120495,427,322,0,0,1
120573,473,301,0,0,1
120651,440,269,0,0,1
120729,382,244,0,0,1
120807,339,242,0,0,1
120885,321,257,0,0,1
120963,327,277,0,0,1
121041,330,282,0,0,1
121135,330,283,0,0,1
121213,318,274,0,0,1
121291,316,273,0,0,1
121369,313,267,0,0,1
121447,306,256,0,0,1
121541,305,255,0,0,1
121619,305,255,0,0,1
121697,305,255,0,0,1
121775,298,251,0,0,1
121853,288,245,0,0,1
121931,280,235,0,0,1
122009,275,229,0,0,1
122087,267,221,0,0,1
122180,261,216,0,0,1
122258,251,208,0,0,1
122336,241,201,0,0,1
122414,241,201,0,0,1
122492,248,206,0,0,1
122570,252,208,0,0,1
122648,253,209,0,0,1
122726,259,211,0,0,1
122820,268,214,0,0,1
122898,280,220,0,0,1
122976,290,225,0,0,1
123054,295,228,0,0,1
123132,301,233,0,0,1
123210,308,242,0,0,1
123288,316,254,0,0,1
123366,319,257,0,0,1
123459,324,263,0,0,1
123537,325,265,0,0,1
123615,325,265,0,0,1
123693,325,265,0,0,1
123771,325,265,0,0,1
123849,327,263,0,0,1
123927,330,261,0,0,1
124021,332,261,0,0,1
124099,331,260,0,0,1
124177,325,254,0,0,1
124255,314,243,0,0,1
124333,307,238,0,0,1
124411,300,232,0,0,1
124489,291,224,0,0,1
124567,285,217,0,0,1
124661,278,208,0,0,1
124739,271,197,0,0,1
124817,265,187,0,0,1
124895,265,185,0,0,1
124973,270,188,0,0,1
125051,275,190,0,0,1
125129,280,192,1,0,1
125207,286,195,0,0,1
125300,287,195,0,0,1
125378,293,200,1,0,1
125456,295,201,1,0,1
125534,296,201,1,0,1
125612,298,202,0,0,1
125690,303,205,0,0,1
125768,307,207,1,0,1
125862,307,207,1,0,1
125940,307,207,0,0,1
126018,309,208,0,0,1
126096,311,209,1,0,1
126174,311,211,1,0,1
126252,315,217,0,0,1
126330,315,218,0,0,1
126408,316,219,1,0,1
126501,316,219,1,0,1
126579,317,222,1,0,1
126657,320,227,0,0,1
126735,323,234,0,0,1
126813,332,242,0,0,1
126891,341,254,0,0,1
126969,347,261,0,0,1
127047,360,276,0,0,1
127141,371,287,0,0,1
127219,376,292,0,0,1
127297,387,305,0,0,1
127375,414,334,0,0,1
127453,431,359,0,0,1
127531,441,378,0,0,1
127609,454,400,0,0,1
127687,467,425,0,0,1
127781,488,449,0,0,1
127859,494,453,0,0,1
127937,452,435,0,0,1
128015,383,408,0,0,1
128093,376,400,0,0,1
128171,371,380,0,0,1
128249,373,361,0,0,1
128342,380,354,0,0,1
128420,385,356,0,0,1
128498,413,377,0,0,1
128576,423,384,0,0,1
128654,433,388,0,0,1
128732,443,392,0,0,1
128810,450,396,0,0,1
128888,460,402,0,0,1
128982,462,402,0,0,1
129060,469,404,1,0,1
129138,470,405,1,0,1
129216,473,407,0,0,1
129294,480,412,0,0,1
129372,492,421,1,0,1
129450,500,424,1,0,1
129528,501,425,1,0,1
129621,513,430,0,0,1
129699,522,429,0,0,1
129777,524,430,1,0,1
129855,535,432,1,0,1
129933,559,437,0,0,1
130011,566,439,0,0,1
130089,570,439,1,0,1
130167,570,439,1,0,1
130261,576,445,0,0,1
130339,576,445,0,0,1
130417,580,447,1,0,1
130495,586,452,1,0,1
130573,591,458,1,0,1
130651,589,463,0,0,1
130729,587,469,0,0,1
130823,586,472,1,0,1
130901,586,473,1,0,1
130979,586,473,0,0,1
131057,586,473,0,0,1
131135,586,473,0,0,1
131213,583,473,0,0,1
131291,525,423,0,0,1
131369,481,383,0,0,1
131462,436,348,0,0,1
131540,417,336,0,0,1
131618,418,336,0,0,1
131696,431,327,0,0,1
131774,440,328,0,0,1
131852,443,329,0,0,1
131930,443,329,0,0,1
132008,443,327,0,0,1
132102,438,322,0,0,1
132180,428,315,0,0,1
132258,419,306,0,0,1
132336,416,303,0,0,1
132414,416,302,0,0,1
132492,416,303,0,0,1
132570,420,307,0,0,1
132648,419,309,0,0,1
132742,415,313,0,0,1
132820,412,314,0,0,1
132898,409,316,0,0,1
132976,409,316,0,0,1
133054,409,316,0,0,1
133132,409,316,0,0,1
133210,409,316,0,0,1
133288,411,316,0,0,1
133381,419,323,0,0,1
133459,420,324,0,0,1
133537,422,327,0,0,1
133615,426,334,0,0,1
133693,426,334,0,0,1
133771,431,337,0,0,1
133849,434,340,0,0,1
133943,435,340,0,0,1
134021,443,344,0,0,1
134099,450,349,0,0,1
134177,460,355,0,0,1
134255,460,355,0,0,1
134333,460,355,0,0,1
134411,450,352,0,0,1
134489,415,333,0,0,1
134582,382,332,0,0,1
134660,349,344,0,0,1
134738,309,351,0,0,1
134816,248,329,0,0,1
134894,199,276,0,0,1
134972,208,234,0,0,1
135050,222,219,0,0,1
135128,238,221,0,0,1
135222,249,222,0,0,1
135300,250,222,0,0,1
135378,256,224,0,0,1
135456,270,227,0,0,1
135534,282,232,0,0,1
135612,299,241,0,0,1
135690,307,244,0,0,1
135768,324,245,0,0,1
135862,368,250,0,0,1
135940,396,252,0,0,1
136018,440,265,0,0,1
136096,473,282,0,0,1
136174,477,290,0,0,1
136252,480,311,0,0,1
136330,475,323,0,0,1
136408,458,342,0,0,1
136501,439,356,0,0,1
136579,408,375,0,0,1
136657,390,384,0,0,1
136735,357,394,0,0,1
136813,336,393,0,0,1
136891,291,375,0,0,1
136969,252,344,0,0,1
137063,246,301,0,0,1
137141,253,264,0,0,1
137219,265,239,0,0,1
137297,287,211,0,0,1
137375,325,178,0,0,1
137453,356,163,0,0,1
137531,354,176,0,0,1
137609,292,233,0,0,1
137702,191,283,0,0,1
137780,184,304,0,0,1
137858,185,306,0,0,1
137936,222,292,0,0,1
138014,236,285,0,0,1
138092,236,285,0,0,1
138170,237,285,0,0,1
138248,248,290,0,0,1
138342,266,304,0,0,1
138420,273,309,0,0,1
138498,279,319,0,0,1
138576,283,336,0,0,1
138654,284,342,0,0,1
138732,284,342,0,0,1
138810,284,342,0,0,1
138888,284,339,0,0,1
138982,285,335,0,0,1
139060,287,322,0,0,1
139138,283,316,0,0,1
139216,272,305,0,0,1
139294,266,298,0,0,1
139372,279,286,0,0,1
139450,286,283,0,0,1
139543,319,274,0,0,1
139621,326,274,0,0,1
139699,357,281,0,0,1
139777,357,281,0,0,1
139855,357,281,0,0,1
139933,357,281,0,0,1
140011,357,281,0,0,1
140089,357,281,0,0,1
140183,372,286,0,0,1
140261,421,296,0,0,1
140339,437,296,0,0,1
140417,472,287,0,0,1
140495,483,280,0,0,1
140573,506,262,0,0,1
140651,511,262,0,0,1
140729,463,277,0,0,1
140822,296,300,0,0,1
140900,226,301,0,0,1
140978,192,289,0,0,1
141056,177,279,0,0,1
141134,202,278,0,0,1
141212,246,287,0,0,1
141290,247,288,0,0,1
141368,249,290,0,0,1
141462,253,294,0,0,1
141540,273,311,0,0,1
141618,316,337,0,0,1
141696,356,347,0,0,1
141774,379,349,0,0,1
141852,385,349,0,0,1
141930,386,349,0,0,1
142008,398,352,0,0,1
142102,406,353,0,0,1
142180,422,352,0,0,1
142258,429,355,0,0,1
142336,434,353,0,0,1
142414,443,347,0,0,1
142492,445,346,0,0,1
142570,473,333,0,0,1
142663,480,331,0,0,1
142741,484,327,0,0,1
142819,516,313,0,0,1
142897,531,298,0,0,1
142975,543,273,0,0,1
143053,554,258,0,0,1
143131,563,226,0,0,1
143209,542,223,0,0,1
143303,511,226,0,0,1
143381,476,233,0,0,1
143459,423,238,0,0,1
143537,394,234,0,0,1
143615,364,238,0,0,1
143693,317,249,0,0,1
143771,296,269,0,0,1
143849,284,310,0,0,1
143942,297,348,0,0,1
144020,343,363,0,0,1
144098,401,369,0,0,1
144176,465,351,0,0,1
144254,493,322,0,0,1
144332,475,284,0,0,1
144410,445,250,0,0,1
144488,374,231,0,0,1
144582,295,227,0,0,1
144660,277,243,0,0,1
144738,237,288,0,0,1
144816,229,311,0,0,1
144894,231,324,0,0,1
144972,232,325,0,0,1
145050,233,325,0,0,1
145128,233,326,0,0,1
145222,234,326,0,0,1
145300,237,325,0,0,1
145378,237,326,0,0,1
145456,238,326,0,0,1
145534,239,326,0,0,1
145612,239,326,0,0,1
145690,243,325,0,0,1
145783,260,322,0,0,1
145861,317,307,0,0,1
145939,358,285,0,0,1
146017,397,264,0,0,1
146095,425,238,0,0,1
146173,476,206,0,0,1
146251,532,194,0,0,1
146329,587,185,0,0,1
146423,629,175,0,0,1
146501,642,164,0,0,1
146579,649,159,0,0,1
146657,650,158,0,0,1
146735,651,158,0,0,1
146813,649,166,0,0,1
146891,640,178,0,0,1
146984,635,182,0,0,1
147062,618,195,0,0,1
147140,599,207,0,0,1
147218,573,225,0,0,1
147296,569,230,0,0,1
147374,587,226,0,0,1
147452,619,214,0,0,1
147530,623,212,0,0,1
147624,625,215,0,0,1
147702,626,218,0,0,1
147780,641,212,0,0,1
147858,660,199,0,0,1
147936,658,199,0,0,1
148014,653,198,0,0,1
148092,652,198,0,0,1
148170,647,199,0,0,1
148264,647,199,0,0,1
148342,647,198,0,0,1
148420,644,195,0,0,1
148498,639,190,0,0,1
148576,632,190,0,0,1
148654,590,192,0,0,1
148732,554,202,0,0,1
148810,522,216,0,0,1
148903,485,241,0,0,1
148981,449,248,0,0,1
149059,433,239,0,0,1
149137,403,214,0,0,1
149215,369,207,0,0,1
149293,333,195,0,0,1
149371,306,180,0,0,1
149465,301,176,0,0,1
149543,301,176,0,0,1
149621,298,182,0,0,1
149699,298,182,0,0,1
149777,299,187,0,0,1
149855,308,197,0,0,1
149933,313,203,0,0,1
150011,318,211,0,0,1
150104,320,216,0,0,1
150182,325,225,0,0,1
150260,332,238,0,0,1
150338,347,257,0,0,1
150416,351,262,0,0,1
150494,354,267,0,0,1
150572,355,270,0,0,1
150650,355,271,0,0,1
150744,360,277,0,0,1
150822,364,281,0,0,1
150900,373,284,0,0,1
150978,400,288,0,0,1
151056,478,275,0,0,1
151134,520,265,0,0,1
151212,546,251,0,0,1
151290,561,237,0,0,1
151384,565,230,0,0,1
151462,570,226,0,0,1
151540,572,225,0,0,1
151618,576,225,0,0,1
151696,576,225,0,0,1
151774,576,225,0,0,1
151852,573,230,0,0,1
151930,573,232,0,0,1
152023,573,232,0,0,1
152101,573,232,0,0,1
152179,572,232,0,0,1
152257,572,231,0,0,1
152335,572,231,0,0,1
152413,573,231,0,0,1
152491,573,231,0,0,1
152585,573,231,0,0,1
152663,573,231,0,0,1
152741,573,231,0,0,1
152819,573,231,0,0,1
152897,573,231,0,0,1
152975,573,231,0,0,1
153053,574,235,0,0,1
153131,574,235,0,0,1
153224,575,251,0,0,1
153302,576,262,0,0,1
153380,577,269,0,0,1
153458,574,287,0,0,1
153536,570,303,0,0,1
153614,564,319,0,0,1
153692,560,330,0,0,1
153770,560,330,0,0,1
153864,560,330,0,0,1
153942,563,331,0,0,1
154020,574,342,0,0,1
154098,581,354,0,0,1
154176,583,360,0,0,1
154254,487,364,0,0,1
154332,373,359,0,0,1
154410,308,336,0,0,1
154504,248,320,0,0,1
154582,245,320,0,0,1
154660,245,320,0,0,1
154738,244,323,0,0,1
154816,243,324,0,0,1
154894,243,324,0,0,1
154972,243,324,0,0,1
155050,243,324,0,0,1
155143,243,324,0,0,1
155221,243,324,0,0,1
155299,248,326,0,0,1
155377,250,326,0,0,1
155455,250,326,0,0,1
155533,257,327,0,0,1
155611,257,327,0,0,1
155705,257,327,0,0,1
155783,255,326,0,0,1
155861,252,324,0,0,1
155939,251,324,0,0,1
156017,243,317,0,0,1
156095,239,313,0,0,1
156173,239,313,0,0,1
156251,239,313,0,0,1
156344,239,313,0,0,1
156422,239,313,0,0,1
156500,239,313,0,0,1
156578,239,313,0,0,1
156656,239,313,0,0,1
156734,239,313,0,0,1
156812,239,313,0,0,1
156890,242,319,0,0,1
156984,243,325,0,0,1
157062,242,330,0,0,1
157140,240,338,0,0,1
157218,240,338,0,0,1
157296,240,338,0,0,1
157374,240,338,0,0,1
157452,240,338,0,0,1
157530,240,338,0,0,1
157624,240,338,0,0,1
157702,240,338,0,0,1
157780,245,337,0,0,1
157858,254,333,0,0,1
157936,288,321,0,0,1
158014,331,297,0,0,1
158092,390,268,0,0,1
158185,432,241,0,0,1
158263,441,224,0,0,1
158341,441,221,0,0,1
158419,441,221,0,0,1
158497,441,221,0,0,1
158575,435,224,0,0,1
158653,425,227,0,0,1
158731,421,228,0,0,1
158825,421,228,0,0,1
158903,421,229,0,0,1
158981,421,229,0,0,1
159059,421,229,0,0,1
159137,421,229,0,0,1
159215,421,229,0,0,1
159293,421,229,0,0,1
159371,421,229,0,0,1
159464,431,235,0,0,1
159542,453,241,0,0,1
159620,478,239,0,0,1
159698,490,238,0,0,1
159776,492,238,0,0,1
159854,492,238,0,0,1
159932,492,238,0,0,1
160010,499,224,0,0,1
160104,501,209,0,0,1
160182,505,198,0,0,1
160260,515,186,0,0,1
160338,528,187,0,0,1
160416,560,208,0,0,1
160494,570,236,0,0,1
160572,540,275,0,0,1
160650,506,298,0,0,1
160744,463,309,0,0,1
160822,421,291,0,0,1
160900,398,249,0,0,1
160978,404,209,0,0,1
161056,425,174,0,0,1
161134,440,162,0,0,1
161212,434,173,0,0,1
161305,330,195,0,0,1
161383,255,202,0,0,1
161461,241,200,0,0,1
161539,240,200,0,0,1
161617,244,204,0,0,1
161695,281,220,0,0,1
161773,307,223,0,0,1
161851,307,223,0,0,1
161945,308,224,0,0,1
162023,314,229,0,0,1
162101,315,231,0,0,1
162179,315,231,0,0,1
162257,317,232,0,0,1
162335,351,238,0,0,1
162413,378,233,0,0,1
162506,413,224,0,0,1
162584,434,220,0,0,1
162662,469,209,0,0,1
162740,522,206,0,0,1
162818,534,204,0,0,1
162896,567,201,0,0,1
162975,603,196,0,0,1
163053,622,188,0,0,1
163146,640,178,0,0,1
163224,658,167,0,0,1
163302,680,152,0,0,1
163380,681,151,0,0,1
163458,689,143,0,0,1
163536,698,134,0,0,1
163614,709,124,0,0,1
163692,718,116,0,0,1
163786,722,113,0,0,1
163864,723,111,0,0,1
163942,727,109,0,0,1
164020,728,109,0,0,1
164098,744,107,0,0,1
164176,747,105,0,0,1
164254,748,105,0,0,1
164332,748,104,0,0,1
164425,749,103,0,0,1
164503,749,103,0,0,1
164581,749,102,0,0,1
164659,750,102,0,0,1
164737,750,101,0,0,1
164815,751,100,0,0,1
164893,751,100,0,0,1
164971,751,98,0,0,1
165065,751,98,0,0,1
165143,750,95,0,0,1
165221,749,95,0,0,1
165299,748,94,0,0,1
165377,747,94,0,0,1
165455,746,94,0,0,1
165533,746,93,0,0,1
165627,743,92,0,0,1
165705,742,92,0,0,1
165783,740,93,0,0,1
165861,739,93,0,0,1
165939,738,93,0,0,1
166017,729,95,0,0,1
166095,726,95,0,0,1
166173,719,94,0,0,1
166266,702,91,0,0,1
166344,702,91,0,0,1
166422,702,91,0,0,1
166500,703,91,0,0,1
166578,706,92,0,0,1
166656,709,92,0,0,1
166734,712,91,0,0,1
166812,711,91,0,0,1
166906,704,91,0,0,1
166984,697,92,0,0,1
167062,686,98,0,0,1
167140,681,103,0,0,1
167218,676,113,0,0,1
167296,676,117,0,0,1
167374,676,118,0,0,1
167452,674,122,0,0,1
167545,664,131,0,0,1
167623,662,136,0,0,1
167701,642,154,0,0,1
167779,639,158,0,0,1
167857,625,174,0,0,1
167935,624,176,0,0,1
168013,624,176,0,0,1
168107,624,176,0,0,1
168185,624,176,1,0,1
168263,618,178,1,0,1
168341,617,178,1,0,1
168419,616,179,0,0,1
168497,612,186,0,0,1
168575,607,194,0,0,1
168669,599,203,1,0,1
168747,593,208,1,0,1
168825,591,209,0,0,1
168903,591,209,0,0,1
168981,584,214,1,0,1
169059,575,222,1,0,1
169137,575,222,1,0,1
169215,575,223,0,0,1
169308,574,225,0,0,1
169386,571,233,1,0,1
169464,565,244,1,0,1
169542,564,245,0,0,1
169620,554,255,0,0,1
169698,552,257,0,0,1
169776,547,268,0,0,1
169854,546,270,0,0,1
169948,546,271,0,0,1
170026,546,271,0,0,1
170104,544,272,0,0,1
170182,537,274,0,0,1
170260,536,274,0,0,1
170338,535,275,0,0,1
170416,535,275,0,0,1
170494,528,277,0,0,1
170587,504,280,0,0,1
170665,504,280,0,0,1
170743,504,280,0,0,1
170821,504,281,0,0,1
170899,503,282,0,0,1
170977,503,282,0,0,1
171055,501,285,0,0,1
171149,495,295,0,0,1
171227,492,297,0,0,1
171305,491,298,0,0,1
171383,482,306,0,0,1
171461,481,309,0,0,1
171539,470,324,0,0,1
171617,470,324,0,0,1
171695,470,324,0,0,1
171789,470,324,0,0,1
171867,469,324,0,0,1
171945,465,322,0,0,1
172023,463,321,0,0,1
172101,463,321,0,0,1
172179,463,322,0,0,1
172257,463,324,0,0,1
172335,462,324,0,0,1
172428,451,328,0,0,1
172506,453,330,0,0,1
172584,454,333,0,0,1
172662,455,346,0,0,1
172740,451,357,0,0,1
172818,445,358,0,0,1
172912,442,358,1,0,1
172990,436,359,0,0,1
173068,432,361,0,0,1
173146,422,366,1,0,1
173224,405,373,1,0,1
173302,405,373,1,0,1
173380,405,373,0,0,1
173458,404,372,0,0,1
173551,401,368,1,0,1
173629,400,368,1,0,1
173707,398,367,0,0,1
173785,391,365,0,0,1
173863,389,364,1,0,1
173941,366,363,1,0,1
174019,362,363,1,0,1
174113,362,363,0,0,1
174191,344,367,0,0,1
174269,343,367,1,0,1
174347,340,368,1,0,1
174425,323,373,0,0,1
174503,315,377,0,0,1
174581,294,390,0,0,1
174659,283,401,0,0,1
174753,274,411,0,0,1
174831,257,428,0,0,1
174909,254,431,0,0,1
174987,254,431,0,0,1
175065,253,430,0,0,1
175143,255,413,0,0,1
175221,258,409,0,0,1
175299,264,401,0,0,1
175392,280,385,0,0,1
175470,313,365,0,0,1
175548,355,346,0,0,1
175626,376,334,0,0,1
175704,402,329,0,0,1
175782,415,326,0,0,1
175860,447,326,0,0,1
175938,483,340,0,0,1
176032,497,346,0,0,1
176110,503,352,0,0,1
176188,501,360,0,0,1
176266,500,362,0,0,1
176344,493,352,0,0,1
176422,491,334,0,0,1
176500,491,328,0,0,1
176578,475,320,0,0,1
176671,454,313,0,0,1
176749,447,310,0,0,1
176827,419,301,0,0,1
176905,397,309,0,0,1
176983,385,356,0,0,1
177061,408,378,0,0,1
177139,461,393,0,0,1
177233,519,387,0,0,1
177311,547,376,0,0,1
177389,576,363,0,0,1
177467,598,346,0,0,1
177545,599,330,0,0,1
177623,598,309,0,0,1
177701,607,283,0,0,1
177779,631,247,0,0,1
177873,640,231,0,0,1
177951,644,215,0,0,1
178029,648,193,0,0,1
178107,650,179,0,0,1
178185,651,176,0,0,1
178263,648,172,0,0,1
178341,642,165,0,0,1
178434,634,163,0,0,1
178512,604,161,0,0,1
178590,598,161,0,0,1
178668,566,171,0,0,1
178746,549,180,0,0,1
178824,538,192,0,0,1
178902,526,220,0,0,1
178980,519,243,0,0,1
179074,518,266,0,0,1
179152,521,288,0,0,1
179230,531,303,0,0,1
179308,554,316,0,0,1
179386,601,304,0,0,1
179464,609,293,0,0,1
179542,604,260,0,0,1
179620,597,234,0,0,1
179713,589,212,0,0,1
179791,585,195,0,0,1
179869,577,185,0,0,1
179947,540,176,0,0,1
180025,499,177,0,0,1
180103,468,193,0,0,1
180181,426,230,0,0,1
180259,414,255,0,0,1
180353,410,280,0,0,1
180431,425,306,0,0,1
180509,452,328,0,0,1
180587,503,342,0,0,1
180665,558,339,0,0,1
180743,595,316,0,0,1
180821,606,287,0,0,1
180915,596,254,0,0,1
180993,585,230,0,0,1
181071,585,230,0,0,1
181149,617,294,0,0,1
181227,633,327,0,0,1
181305,627,345,0,0,1
181383,623,345,0,0,1
181461,607,354,0,0,1
181554,592,367,0,0,1
181632,586,373,0,0,1
181710,583,375,0,0,1
181788,565,363,0,0,1
181866,544,352,0,0,1
181944,543,352,0,0,1
182022,543,351,0,0,1
182100,525,346,0,0,1
182194,517,343,0,0,1
182272,517,343,0,0,1
182350,517,343,0,0,1
182428,515,340,0,0,1
182506,508,336,0,0,1
182584,500,328,0,0,1
182662,499,326,0,0,1
182740,499,323,0,0,1
182833,499,311,0,0,1
182911,499,311,0,0,1
182989,495,309,0,0,1
183067,453,300,0,0,1
183145,436,294,0,0,1
183223,414,291,0,0,1
183301,391,289,0,0,1
183379,370,292,0,0,1
183473,332,306,0,0,1
183551,309,322,0,0,1
183629,283,334,0,0,1
183707,248,349,0,0,1
183785,209,368,0,0,1
183863,186,375,0,0,1
183941,181,375,0,0,1
184035,174,369,0,0,1
184113,174,369,0,0,1
184191,174,369,0,0,1
184269,152,372,0,0,1
184347,147,373,0,0,1
184425,147,372,0,0,1
184503,146,372,0,0,1
184581,146,372,0,0,1
184674,144,371,0,0,1
184752,141,368,0,0,1
184830,141,363,0,0,1
184908,145,357,0,0,1
184986,147,354,0,0,1
185064,150,352,0,0,1
185142,156,351,0,0,1
185220,159,351,0,0,1
185314,162,350,0,0,1
185392,162,350,0,0,1
185470,155,343,0,0,1
185548,148,336,0,0,1
185626,144,331,0,0,1
185704,143,325,0,0,1
185782,144,325,0,0,1
185860,157,324,0,0,1
185953,163,324,0,0,1
186031,178,323,0,0,1
186109,184,323,0,0,1
186187,184,323,0,0,1
186265,182,320,0,0,1
186343,177,308,0,0,1
186421,176,295,0,0,1
186499,176,294,0,0,1
186593,181,296,0,0,1
186671,186,298,0,0,1
186749,188,299,0,0,1
186827,188,298,0,0,1
186905,186,293,0,0,1
186983,188,290,0,0,1
187061,208,284,0,0,1
187155,212,282,0,0,1
187233,216,279,0,0,1
187311,217,277,0,0,1
187389,215,277,0,0,1
187467,213,276,0,0,1
187545,211,272,0,0,1
187623,206,266,0,0,1
187701,204,262,0,0,1
187794,199,256,0,0,1
187872,196,254,0,0,1
187950,189,249,0,0,1
188028,182,242,0,0,1
188106,182,238,0,0,1
188184,181,230,0,0,1
188262,181,229,0,0,1
188340,181,229,0,0,1
188434,181,229,0,0,1
188512,180,229,0,0,1
188590,181,230,0,0,1
188668,183,232,0,0,1
188746,197,237,0,0,1
188824,334,286,0,0,1
188902,479,314,0,0,1
188980,539,341,0,0,1
189073,576,358,0,0,1
189151,577,359,0,0,1
189229,572,357,0,0,1
189307,539,344,0,0,1
189385,529,348,0,0,1
189463,540,380,0,0,1
189541,544,395,0,0,1
189635,544,397,0,0,1
189713,544,397,0,0,1
189791,544,397,0,0,1
189869,465,373,0,0,1
189947,367,317,0,0,1
190025,252,253,0,0,1
190103,190,224,0,0,1
190181,184,212,0,0,1
190275,183,192,0,0,1
190353,185,179,0,0,1
190431,185,179,0,0,1
190509,185,179,0,0,1
190587,185,179,0,0,1
190665,184,179,0,0,1
190743,181,176,0,0,1
190821,176,170,0,0,1
190914,174,167,0,0,1
190992,174,166,1,0,1
191070,174,166,1,0,1
191148,174,166,0,0,1
191226,173,165,1,0,1
191304,172,165,0,0,1
191382,172,165,1,0,1
191460,173,163,1,0,1
191554,174,159,0,0,1
191632,173,154,0,0,1
191710,172,154,1,0,1
191788,172,154,1,0,1
191866,172,152,0,0,1
191944,172,150,0,0,1
192022,172,147,1,0,1
192100,172,146,0,0,1
192193,172,145,1,0,1
192271,175,142,0,0,1
192349,179,136,0,0,1
192427,180,135,1,0,1
192505,180,135,1,0,1
192583,180,135,0,0,1
192677,180,135,0,0,1
192755,180,135,1,0,1
192833,183,134,1,0,1
192911,183,133,1,0,1
192989,183,133,1,0,1
193067,183,133,1,0,1
193145,183,133,1,0,1
193223,183,133,1,0,1
193317,183,133,1,0,1
193395,183,133,1,0,1
193473,189,121,1,0,1
193551,198,107,1,0,1
193629,198,107,1,0,1
193707,198,107,1,0,1
193785,198,107,1,0,1
193863,199,107,1,0,1
193956,210,106,1,0,1
194034,211,106,1,0,1
194112,212,106,1,0,1
194190,212,106,1,0,1
194268,212,107,1,0,1
194346,214,111,1,0,1
194424,215,111,1,0,1
194502,216,112,1,0,1
194596,217,112,1,0,1
194674,218,112,1,0,1
194752,220,113,1,0,1
194830,223,113,1,0,1
194908,226,119,1,0,1
194986,227,122,1,0,1
195064,228,123,0,0,1
195142,228,124,0,0,1
195236,228,124,0,0,1
195314,230,125,1,0,1
195392,231,126,1,0,1
195470,234,128,0,0,1
195548,240,132,0,0,1
195626,240,132,1,0,1
195704,240,132,0,0,1
195797,244,134,0,0,1
195875,244,134,1,0,1
195953,245,135,1,0,1
196031,257,130,0,0,1
196109,261,128,0,0,1
196187,272,133,1,0,1
196265,275,137,1,0,1
196343,278,147,0,0,1
196437,280,152,1,0,1
196515,280,155,1,0,1
196593,280,159,0,0,1
196671,281,160,0,0,1
196749,283,162,1,0,1
196827,285,162,1,0,1
196905,285,160,0,0,1
196983,289,164,0,0,1
197076,295,173,1,0,1
197154,296,175,0,0,1
197232,296,175,0,0,1
197310,304,182,1,0,1
197388,307,185,1,0,1
197466,311,190,0,0,1
197544,318,197,0,0,1
197622,322,201,1,0,1
197716,327,205,1,0,1
197794,327,205,1,0,1
197872,328,205,0,0,1
197950,328,205,0,0,1
198028,329,205,0,0,1
198106,329,205,1,0,1
198184,337,201,1,0,1
198278,351,205,1,0,1
198356,355,209,0,0,1
198434,355,209,0,0,1
198512,356,215,1,0,1
198590,357,215,1,0,1
198668,357,221,0,0,1
198746,358,224,1,0,1
198839,358,225,1,0,1
198917,358,226,0,0,1
198995,359,227,0,0,1
199073,359,227,1,0,1
199151,359,227,1,0,1
199229,361,230,0,0,1
199307,367,238,1,0,1
199385,367,238,1,0,1
199479,367,238,0,0,1
199557,368,239,0,0,1
199635,368,239,1,0,1
199713,372,241,1,0,1
199791,376,245,0,0,1
199869,376,245,1,0,1
199947,376,245,1,0,1
200025,376,245,0,0,1
200118,376,245,0,0,1
200196,377,246,1,0,1
200274,379,248,0,0,1
200352,380,248,0,0,1
200430,381,249,0,0,1
200508,381,249,1,0,1
200586,381,249,1,0,1
200680,382,250,1,0,1
200758,382,250,0,0,1
200836,383,250,1,0,1
200914,384,250,1,0,1
200992,390,249,1,0,1
201070,390,249,1,0,1
201148,390,249,1,0,1
201242,383,244,1,0,1
201320,382,243,1,0,1
201398,378,241,1,0,1
201476,372,238,1,0,1
201554,360,233,1,0,1
201632,349,228,1,0,1
201710,337,223,1,0,1
201788,326,217,1,0,1
201881,326,217,1,0,1
201959,343,229,1,0,1
202037,354,234,1,0,1
202115,383,237,1,0,1
202193,394,240,1,0,1
202271,417,247,1,0,1
202349,431,252,1,0,1
202427,432,252,1,0,1
202521,433,255,0,0,1
202599,432,255,1,0,1
202677,432,255,1,0,1
202755,432,255,0,0,1
202833,432,255,0,0,1
202911,432,255,1,0,1
202989,433,255,1,0,1
203082,433,255,0,0,1
203160,444,260,1,0,1
203238,452,262,1,0,1
203316,452,262,0,0,1
203394,457,264,0,0,1
203472,464,266,0,0,1
203550,474,270,1,0,1
203628,478,273,1,0,1
203722,479,275,1,0,1
203800,481,275,1,0,1
203878,484,277,1,0,1
203956,488,278,1,0,1
204034,488,278,0,0,1
204112,499,286,0,0,1
204190,499,286,0,0,1
204268,499,286,1,0,1
204362,500,288,1,0,1
204440,502,291,1,0,1
204518,509,296,0,0,1
204596,516,299,1,0,1
204674,516,299,1,0,1
204752,518,300,0,0,1
204830,520,302,0,0,1
204923,521,302,1,0,1
205001,521,302,0,0,1
205079,521,302,0,0,1
205157,521,301,0,0,1
205235,522,299,1,0,1
205313,524,299,1,0,1
205391,533,293,0,0,1
205469,536,292,1,0,1
205563,537,284,1,0,1
205641,536,272,0,0,1
205719,536,262,0,0,1
205797,538,258,1,0,1
205875,538,258,1,0,1
205953,542,254,1,0,1
206031,544,252,0,0,1
206109,547,248,0,0,1
206202,547,248,1,0,1
206280,547,248,1,0,1
206358,547,249,0,0,1
206436,547,249,1,0,1
206514,548,249,1,0,1
206592,553,250,0,0,1
206670,557,250,0,0,1
206764,558,250,1,0,1
206842,566,249,1,0,1
206920,568,248,0,0,1
206998,577,247,0,0,1
207076,595,241,0,0,1
207154,595,241,1,0,1
207232,595,241,1,0,1
207310,598,239,0,0,1
207404,598,239,0,0,1
207482,602,239,1,0,1
207560,602,238,1,0,1
207638,612,235,1,0,1
207716,618,234,0,0,1
207794,629,230,0,0,1
207872,646,224,1,0,1
207950,665,214,1,0,1
208043,670,209,0,0,1
208121,671,207,0,0,1
208199,677,206,0,0,1
208277,682,204,1,0,1
208355,685,203,1,0,1
208433,690,203,0,0,1
208511,698,202,0,0,1
208605,701,202,1,0,1
208683,705,202,1,0,1
208761,705,202,1,0,1
208839,702,206,1,0,1
208917,685,212,1,0,1
208995,666,224,0,0,1
209073,636,235,0,0,1
209151,590,247,0,0,1
209244,578,249,0,0,1
209322,577,249,0,0,1
209400,577,249,0,0,1
209478,548,258,0,0,1
209556,539,255,0,0,1
209634,532,252,0,0,1
209712,496,257,0,0,1
209806,490,256,0,0,1
209884,490,256,0,0,1
209962,490,256,0,0,1
210040,501,253,0,0,1
210118,507,252,1,0,1
210196,521,247,1,0,1
210274,529,243,0,0,1
210352,533,241,0,0,1
210446,539,239,0,0,1
210524,547,237,1,0,1
210602,557,237,1,0,1
210680,567,237,0,0,1
210758,567,237,0,0,1
210836,568,237,1,0,1
210914,580,238,1,0,1
210992,590,238,0,0,1
211085,611,239,1,0,1
211163,616,239,1,0,1
211241,625,241,0,0,1
211319,633,243,0,0,1
211397,633,243,1,0,1
211475,634,244,1,0,1
211553,647,247,0,0,1
211631,648,247,0,0,1
211725,686,248,0,0,1
211803,711,249,1,0,1
211881,710,249,1,0,1
211959,695,254,1,0,1
212037,678,261,1,0,1
212115,678,262,1,0,1
212193,730,267,1,0,1
212286,732,264,1,0,1
212364,700,265,1,0,1
212442,610,267,1,0,1
212520,541,276,1,0,1
212598,531,287,1,0,1
212676,500,324,1,0,1
212754,453,335,1,0,1
212832,434,334,1,0,1
212926,434,335,1,0,1
213004,439,348,1,0,1
213082,445,354,1,0,1
213160,452,357,1,0,1
213238,461,360,1,0,1
213316,462,360,1,0,1
213394,463,359,1,0,1
213472,478,352,1,0,1
213566,489,350,1,0,1
213644,504,340,1,0,1
213722,506,336,1,0,1
213800,492,341,1,0,1
213878,483,345,1,0,1
213956,482,348,1,0,1
214034,482,348,1,0,1
214112,482,348,1,0,1
214205,482,348,1,0,1
214283,482,348,1,0,1
214361,482,348,1,0,1
214439,482,348,1,0,1
214517,472,344,1,0,1
214595,438,318,1,0,1
214673,417,288,1,0,1
214751,416,288,1,0,1
214845,418,288,1,0,1
214923,424,289,1,0,1
215001,427,291,1,0,1
215079,429,291,1,0,1
215157,431,292,1,0,1
215235,443,285,1,0,1
215313,439,282,1,0,1
215406,429,277,1,0,1
215484,415,287,1,0,1
215562,410,300,1,0,1
215640,407,311,1,0,1
215718,402,323,1,0,1
215796,405,334,1,0,1
215874,431,332,1,0,1
215952,461,316,1,0,1
216046,459,301,1,0,1
216124,446,293,1,0,1
216202,413,301,1,0,1
216280,405,310,1,0,1
216358,408,324,1,0,1
216436,431,328,1,0,1
216514,458,319,1,0,1
216592,452,311,1,0,1
216686,437,309,1,0,1
216764,414,329,1,0,1
216842,432,339,1,0,1
216920,490,327,1,0,1
216998,490,314,1,0,1
217076,469,299,1,0,1
217154,456,306,1,0,1
217232,459,311,1,0,1
217325,470,303,1,0,1
217403,470,303,1,0,1
217481,470,303,0,0,1
217559,478,302,1,0,1
217637,485,297,1,0,1
217715,491,293,0,0,1
217793,491,293,0,0,1
217887,491,293,1,0,1
217965,491,293,0,0,1
218043,491,293,0,0,1
218121,491,293,1,0,1
218199,494,291,1,0,1
218277,495,291,0,0,1
218355,495,290,0,0,1
218433,500,288,1,0,1
218526,507,285,1,0,1
218604,518,279,0,0,1
218682,518,279,1,0,1
218760,518,279,1,0,1
218838,518,279,0,0,1
218916,518,279,0,0,1
218994,518,279,1,0,1
219072,518,279,1,0,1
219166,518,279,0,0,1
219244,518,279,1,0,1
219322,531,277,1,0,1
219400,556,277,0,0,1
219478,558,276,0,0,1
219556,567,273,1,0,1
219634,575,272,1,0,1
219728,578,272,1,0,1
219806,585,271,1,0,1
219884,589,270,1,0,1
219962,597,268,0,0,1
220040,605,263,0,0,1
220118,610,258,1,0,1
220196,611,257,1,0,1
220274,616,254,0,0,1
220367,619,255,0,0,1
220445,619,253,0,0,1
220523,616,244,0,0,1
220601,614,238,0,0,1
220679,614,237,1,0,1
220757,615,233,1,0,1
220835,612,230,0,0,1
220913,612,230,0,0,1
221007,607,232,1,0,1
221085,598,242,1,0,1
221163,589,252,1,0,1
221241,581,260,0,0,1
221319,566,286,0,0,1
221397,537,317,0,0,1
221475,513,332,0,0,1
221568,510,332,0,0,1
221646,494,331,0,0,1
221724,492,332,0,0,1
221802,492,333,0,0,1
221880,499,336,0,0,1
221958,500,337,0,0,1
222036,500,343,0,0,1
222114,500,343,0,0,1
222208,500,344,0,0,1
222286,505,346,0,0,1
222364,532,349,0,0,1
222442,548,350,0,0,1
222520,551,348,0,0,1
222598,556,341,0,0,1
222676,556,341,0,0,1
222754,549,344,0,0,1
222848,493,355,0,0,1
222926,478,357,0,0,1
223004,450,358,0,0,1
223082,421,363,0,0,1
223160,423,363,0,0,1
223238,470,351,0,0,1
223316,471,350,0,0,1
223394,481,341,0,0,1
223487,490,333,0,0,1
223565,487,331,0,0,1
223643,453,321,0,0,1
223721,417,323,0,0,1
223799,321,342,0,0,1
223877,262,349,0,0,1
223955,229,348,0,0,1
224049,197,350,0,0,1
224127,194,347,0,0,1
224205,191,334,0,0,1
224283,192,332,0,0,1
224361,201,331,0,0,1
224439,210,329,0,0,1
224517,212,328,0,0,1
224595,222,324,0,0,1
224688,228,322,0,0,1
224766,237,323,0,0,1
224844,238,323,0,0,1
224922,262,322,0,0,1
225000,278,321,0,0,1
225078,316,316,0,0,1
225156,343,315,0,0,1
225250,384,320,0,0,1
225328,393,323,0,0,1
225406,395,326,0,0,1
225484,394,337,0,0,1
225562,378,352,0,0,1
225640,311,365,0,0,1
225718,307,366,0,0,1
225796,292,374,0,0,1
225890,277,375,0,0,1
225968,266,361,0,0,1
226046,255,348,0,0,1
226124,256,337,0,0,1
226202,264,326,0,0,1
226280,271,320,0,0,1
226358,301,312,0,0,1
226436,326,309,0,0,1
226529,348,314,0,0,1
226607,384,316,0,0,1
226685,390,316,0,0,1
226763,412,328,0,0,1
226841,417,334,0,0,1
226919,421,345,0,0,1
226997,422,353,0,0,1
227075,421,358,0,0,1
227169,399,373,0,0,1
227247,350,389,0,0,1
227325,303,402,0,0,1
227403,279,414,0,0,1
227481,252,424,0,0,1
227559,244,423,0,0,1
227637,211,404,0,0,1
227715,193,386,0,0,1
227809,186,370,0,0,1
227887,189,354,0,0,1
227965,207,327,0,0,1
228043,231,298,0,0,1
228121,260,276,0,0,1
228199,309,257,0,0,1
228277,326,256,0,0,1
228370,373,266,0,0,1
228448,393,273,0,0,1
228526,418,281,0,0,1
228604,437,294,0,0,1
228682,453,313,0,0,1
228760,464,334,0,0,1
228838,470,353,0,0,1
228916,469,360,0,0,1
229010,455,378,0,0,1
229088,423,400,0,0,1
229166,389,418,0,0,1
229244,369,428,0,0,1
229322,359,430,0,0,1
229400,339,432,0,0,1
229478,317,432,0,0,1
229571,292,430,0,0,1
229649,275,430,0,0,1
229727,265,428,0,0,1
229805,249,422,0,0,1
229883,245,420,0,0,1
229961,233,414,0,0,1
230039,232,413,0,0,1
230117,228,412,0,0,1
230211,228,411,0,0,1
230289,228,411,0,0,1
230367,228,411,0,0,1
230445,228,411,0,0,1
230523,228,411,0,0,1
230601,228,411,0,0,1
230679,227,409,0,0,1
230757,226,406,0,0,1
230851,225,401,0,0,1
230929,226,398,0,0,1
231007,226,395,0,0,1
231085,229,384,0,0,1
231163,229,382,0,0,1
231241,229,382,0,0,1
231319,229,382,0,0,1
231397,229,382,0,0,1
231490,229,382,0,0,1
231568,229,382,0,0,1
231646,229,383,0,0,1
231724,230,383,0,0,1
231802,230,383,0,0,1
231880,230,383,0,0,1
231958,230,383,0,0,1
232036,230,383,0,0,1
232130,230,383,0,0,1
232208,230,383,0,0,1
232286,230,383,0,0,1
232364,230,383,0,0,1
232442,235,386,0,0,1
232520,236,386,0,0,1
232598,233,380,0,0,1
232691,228,373,0,0,1
232769,228,373,0,0,1
232847,228,373,0,0,1
232925,228,373,0,0,1
233003,228,373,0,0,1
233081,228,370,0,0,1
233159,221,354,0,0,1
233237,221,348,0,0,1
233331,226,331,0,0,1
233409,230,326,0,0,1
233487,233,316,0,0,1
233565,238,302,0,0,1
233643,250,285,0,0,1
233721,262,274,0,0,1
233799,265,274,0,0,1
233877,272,287,0,0,1
233971,266,311,0,0,1
234049,263,334,0,0,1
234127,264,341,0,0,1
234205,265,346,0,0,1
234283,265,346,0,0,1
234361,271,334,0,0,1
234439,280,306,0,0,1
234517,286,290,0,0,1
234610,293,278,0,0,1
234688,296,275,0,0,1
234766,295,292,0,0,1
234844,283,330,0,0,1
234922,282,342,0,0,1
235000,286,330,0,0,1
235078,283,279,0,0,1
235156,290,215,0,0,1
235250,282,184,0,0,1
235328,263,158,0,0,1
235406,258,147,0,0,1
235484,259,147,0,0,1
235562,295,162,0,0,1
235640,299,162,0,0,1
235718,299,162,0,0,1
235811,308,168,0,0,1
235889,316,178,0,0,1
235967,318,180,0,0,1
236045,318,181,0,0,1
236123,323,184,0,0,1
236201,324,185,0,0,1
236279,324,185,0,0,1
236357,324,186,0,0,1
236451,319,200,0,0,1
236529,328,210,0,0,1
236607,336,215,0,0,1
236685,339,215,0,0,1
236763,339,215,0,0,1
236841,331,207,0,0,1
236919,332,206,0,0,1
236997,337,210,0,0,1
237091,302,243,0,0,1
237169,248,286,0,0,1
237247,247,316,0,0,1
237325,251,346,0,0,1
237403,251,352,0,0,1
237481,255,347,0,0,1
237559,267,302,0,0,1
237637,266,293,0,0,1
237730,269,296,0,0,1
237808,261,306,0,0,1
237886,262,317,0,0,1
237964,284,347,0,0,1
238042,362,313,0,0,1
238120,368,278,0,0,1
238198,363,257,0,0,1
238292,363,257,0,0,1
238370,369,255,0,0,1
238448,386,262,0,0,1
238526,399,272,0,0,1
238604,400,273,0,0,1
238682,400,273,0,0,1
238760,400,276,0,0,1
238838,401,277,0,0,1
238931,402,280,0,0,1
239009,402,280,0,0,1
239087,402,280,0,0,1
239165,411,291,0,0,1
239243,414,291,0,0,1
239321,427,287,0,0,1
239399,427,284,0,0,1
239477,427,265,0,0,1
239571,430,258,0,0,1
239649,438,254,0,0,1
239727,441,255,0,0,1
239805,442,261,0,0,1
239883,442,262,0,0,1
239961,442,265,0,0,1
240039,442,265,0,0,1
240117,442,265,0,0,1
240211,442,265,0,0,1
240289,441,265,0,0,1
240367,426,260,0,0,1
240445,411,255,0,0,1
240523,411,255,0,0,1
240601,410,255,0,0,1
240679,404,251,0,0,1
240757,404,251,0,0,1
240850,404,251,0,0,1
240928,404,251,0,0,1
241006,404,251,0,0,1
241084,404,251,0,0,1
241162,404,251,0,0,1
241240,405,252,0,0,1
241318,406,256,1,0,1
241412,407,256,1,0,1
241490,408,259,1,0,1
241568,408,260,0,0,1
241646,404,271,0,0,1
241724,404,272,1,0,1
241802,405,272,1,0,1
241880,410,269,0,0,1
241958,410,269,0,0,1
242051,410,275,1,0,1
242129,411,282,1,0,1
242207,413,287,0,0,1
242285,415,292,0,0,1
242363,416,292,1,0,1
242441,416,296,1,0,1
242519,416,302,0,0,1
242613,417,305,0,0,1
242691,419,310,1,0,1
242769,424,314,0,0,1
242847,440,336,0,0,1
242925,444,343,0,0,1
243003,448,352,0,0,1
243081,448,352,0,0,1
243159,448,352,0,0,1
243253,449,353,0,0,1
243331,453,357,0,0,1
243409,482,372,0,0,1
243487,485,371,1,0,1
243565,488,370,1,0,1
243643,490,369,1,0,1
243721,488,368,1,0,1
243799,487,368,1,0,1
243892,490,361,1,0,1
243970,497,357,1,0,1
244048,512,356,0,0,1
244126,517,358,0,0,1
244204,519,359,1,0,1
244282,519,359,0,0,1
244360,522,360,0,0,1
244438,523,360,1,0,1
244532,525,359,1,0,1
244610,527,359,0,0,1
244688,528,359,0,0,1
244766,529,358,0,0,1
244844,529,356,1,0,1
244922,528,352,1,0,1
245000,527,351,0,0,1
245078,526,349,0,0,1
245171,525,348,1,0,1
245249,523,345,1,0,1
245327,522,344,1,0,1
245405,519,341,0,0,1
245483,515,331,0,0,1
245561,510,323,1,0,1
245639,510,321,1,0,1
245733,528,330,0,0,1
245811,547,332,0,0,1
245889,548,333,0,0,1
245967,578,348,1,0,1
246045,600,351,1,0,1
246123,603,346,1,0,1
246201,597,339,0,0,1
246279,567,328,0,0,1
246373,516,312,0,0,1
246451,476,299,1,0,1
246529,443,289,1,0,1
246607,396,278,1,0,1
246685,391,277,0,0,1
246763,380,276,0,0,1
246841,373,273,0,0,1
246934,367,270,1,0,1
247012,360,262,1,0,1
247090,329,246,0,0,1
247168,314,239,0,0,1
247246,312,237,1,0,1
247324,312,237,1,0,1
247402,294,228,1,0,1
247480,285,221,0,0,1
247574,284,220,0,0,1
247652,284,220,1,0,1
247730,289,203,1,0,1
247808,295,175,1,0,1
247886,305,156,0,0,1
247964,338,131,0,0,1
248042,355,114,0,0,1
248120,357,107,1,0,1
248213,358,106,1,0,1
248291,358,105,1,0,1
248369,358,99,0,0,1
248447,355,85,1,0,1
248525,352,76,1,0,1
248603,352,74,0,0,1
248681,352,74,0,0,1
248759,352,74,1,0,1
248853,353,76,0,0,1
248931,361,80,0,0,1
249009,370,84,1,0,1
249087,392,115,1,0,1
249165,413,181,1,0,1
249243,420,220,1,0,1
249321,403,264,1,0,1
249399,381,281,1,0,1
249493,351,292,1,0,1
249571,348,295,1,0,1
249649,350,297,1,0,1
249727,370,294,1,0,1
249805,371,293,1,0,1
249883,371,285,1,0,1
249961,372,284,1,0,1
250054,372,284,1,0,1
250132,372,284,1,0,1
250210,375,282,1,0,1
250288,381,283,1,0,1
250366,386,284,1,0,1
250444,387,285,1,0,1
250522,387,285,1,0,1
250600,397,284,1,0,1
250694,421,283,1,0,1
250772,423,283,1,0,1
250850,440,277,1,0,1
250928,471,269,1,0,1
251006,478,266,1,0,1
251084,488,270,1,0,1
251162,498,273,1,0,1
251240,498,274,1,0,1
251333,498,274,1,0,1
251411,481,270,1,0,1
251489,471,269,1,0,1
251567,471,269,1,0,1
251645,471,269,1,0,1
251723,469,269,1,0,1
251801,469,269,1,0,1
251879,469,269,1,0,1
251973,469,270,1,0,1
252051,471,270,1,0,1
252129,472,270,1,0,1
252207,472,270,1,0,1
252285,472,270,1,0,1
252363,472,270,1,0,1
252441,472,270,1,0,1
252535,472,270,1,0,1
252613,472,270,1,0,1
252691,472,270,1,0,1
252769,472,270,1,0,1
252847,472,270,1,0,1
252925,455,278,1,0,1
253003,391,298,1,0,1
253081,386,300,1,0,1
253174,345,315,1,0,1
253252,325,326,1,0,1
253330,321,327,1,0,1
253408,291,338,1,0,1
253486,264,358,1,0,1
253564,226,393,1,0,1
253642,212,408,1,0,1
253720,207,414,1,0,1
253814,204,425,1,0,1
253892,205,431,1,0,1
253970,222,433,1,0,1
254048,239,437,1,0,1
254126,239,437,1,0,1
254204,230,449,1,0,1
254282,218,460,1,0,1
254360,213,461,1,0,1
254453,212,420,1,0,1
254531,235,375,1,0,1
254609,268,341,1,0,1
254687,306,312,1,0,1
254765,346,288,1,0,1
254843,413,279,1,0,1
254921,490,296,1,0,1
254999,565,325,1,0,1
255093,618,350,1,0,1
255171,661,385,1,0,1
255249,682,410,1,0,1
255327,691,425,1,0,1
255405,694,437,1,0,1
255483,696,443,1,0,1
255561,697,445,1,0,1
255655,698,449,1,0,1
255733,695,459,1,0,1
255811,694,468,1,0,1
255889,695,470,1,0,1
255967,698,473,1,0,1
256045,700,478,1,0,1
256123,702,480,1,0,1
256201,700,486,1,0,1
256294,697,490,1,0,1
256372,695,492,1,0,1
256450,695,492,1,0,1
256528,695,492,1,0,1
256606,695,492,1,0,1
256684,695,492,1,0,1
256762,695,492,1,0,1
256840,695,492,1,0,1
256934,695,492,1,0,1
257012,695,492,1,0,1
257090,695,492,1,0,1
257168,695,492,1,0,1
257246,695,492,1,0,1
257324,695,492,1,0,1
257402,695,492,1,0,1
257480,695,492,1,0,1
257574,695,492,1,0,1
257652,695,492,1,0,1
257730,695,492,1,0,1
257808,695,492,1,0,1
257886,695,492,1,0,1
257964,695,492,1,0,1
258042,695,492,1,0,1
258120,695,492,1,0,1
258213,695,492,1,0,1
258291,695,492,1,0,1
258369,695,492,1,0,1
258447,695,492,1,0,1
258525,695,492,1,0,1
