32,33,425,0,0,1
110,33,425,0,0,1
188,33,425,0,0,1
266,33,425,0,0,1
344,33,425,0,0,1
422,33,425,0,0,1
515,39,422,0,0,1
593,142,394,0,0,1
671,200,375,0,0,1
749,251,360,0,0,1
827,302,345,0,0,1
905,349,336,0,0,1
983,410,320,0,0,1
1061,420,318,0,0,1
1155,408,310,0,0,1
1233,392,304,0,0,1
1311,382,299,0,0,1
1389,372,294,0,0,1
1467,370,294,0,0,1
1545,366,295,0,0,1
1623,366,295,0,0,1
1716,353,300,0,0,1
1794,349,302,0,0,1
1872,349,302,0,0,1
1950,351,303,0,0,1
2028,352,304,0,0,1
2106,352,310,0,0,1
2184,352,314,0,0,1
2262,354,318,0,0,1
2356,354,318,0,0,1
2434,354,321,0,0,1
2512,345,331,0,0,1
2590,345,331,0,0,1
2668,345,331,0,0,1
2746,358,322,0,0,1
2824,373,312,0,0,1
2918,382,306,0,0,1
2996,391,299,0,0,1
3074,391,298,0,0,1
3152,389,297,0,0,1
3230,388,296,0,0,1
3308,388,295,0,0,1
3386,387,285,0,0,1
3479,389,276,0,0,1
3557,390,273,0,0,1
3635,405,256,0,0,1
3713,405,256,0,0,1
3791,406,257,0,0,1
3869,476,287,0,0,1
3947,542,318,0,0,1
4041,559,331,0,0,1
4119,575,346,0,0,1
4197,575,346,0,0,1
4275,575,346,0,0,1
4353,575,346,0,0,1
4431,554,359,0,0,1
4509,551,361,0,0,1
4587,531,365,0,0,1
4681,518,365,0,0,1
4759,517,365,0,0,1
4837,514,364,0,0,1
4915,511,363,0,0,1
4993,478,355,0,0,1
5071,471,352,0,0,1
5149,459,347,0,0,1
5242,435,341,0,0,1
5320,419,342,0,0,1
5398,419,342,0,0,1
5476,379,331,0,0,1
5554,335,324,0,0,1
5632,335,324,0,0,1
5710,311,322,0,0,1
5788,257,316,0,0,1
5882,244,315,0,0,1
5960,234,312,0,0,1
6038,201,304,0,0,1
6116,196,302,0,0,1
6194,189,295,0,0,1
6272,188,295,0,0,1
6350,188,292,0,0,1
6428,188,292,0,0,1
6521,188,292,0,0,1
6599,188,292,0,0,1
6677,188,291,0,0,1
6755,188,291,0,0,1
6833,190,289,0,0,1
6911,194,287,0,0,1
6989,195,286,0,0,1
7067,196,286,0,0,1
7161,205,282,0,0,1
7239,207,282,0,0,1
7317,227,277,0,0,1
7395,232,277,0,0,1
7473,225,284,0,0,1
7551,186,305,0,0,1
7629,160,313,0,0,1
7707,160,314,0,0,1
7801,165,315,0,0,1
7879,203,313,0,0,1
7957,211,311,0,0,1
8035,212,311,0,0,1
8113,213,311,0,0,1
8191,214,312,0,0,1
8269,216,313,0,0,1
8362,220,316,0,0,1
8440,222,318,0,0,1
8518,227,333,0,0,1
8596,227,338,0,0,1
8674,230,350,0,0,1
8752,233,356,0,0,1
8830,235,365,0,0,1
8908,236,369,0,0,1
9002,237,376,0,0,1
9080,217,391,0,0,1
9158,202,402,0,0,1
9236,200,404,0,0,1
9314,200,404,0,0,1
9392,203,406,0,0,1
9470,204,407,0,0,1
9563,209,412,0,0,1
9641,212,413,0,0,1
9719,217,415,0,0,1
9797,231,419,0,0,1
9875,254,424,0,0,1
9953,279,428,0,0,1
10031,297,430,0,0,1
10109,308,430,0,0,1
10203,308,430,0,0,1
10281,331,434,0,0,1
10359,336,435,0,0,1
10437,336,435,0,0,1
10515,337,435,0,0,1
10593,337,435,0,0,1
10671,337,435,0,0,1
10749,337,435,0,0,1
10843,333,433,0,0,1
10921,284,398,0,0,1
10999,264,380,0,0,1
11077,261,378,0,0,1
11155,263,364,0,0,1
11233,267,360,0,0,1
11311,271,355,0,0,1
11389,278,347,0,0,1
11482,288,338,0,0,1
11560,298,330,0,0,1
11638,308,319,0,0,1
11716,315,310,0,0,1
11794,319,303,0,0,1
11872,321,298,0,0,1
11950,323,293,0,0,1
12044,323,293,0,0,1
12122,323,292,0,0,1
12200,323,292,0,0,1
12278,330,295,0,0,1
12356,337,304,0,0,1
12434,343,331,0,0,1
12512,349,355,0,0,1
12590,357,375,0,0,1
12683,363,392,0,0,1
12761,371,413,0,0,1
12839,374,423,0,0,1
12917,377,429,0,0,1
12995,380,435,0,0,1
13073,380,436,0,0,1
13151,380,436,0,0,1
13245,380,436,0,0,1
13323,392,417,0,0,1
13401,403,407,0,0,1
13479,411,401,0,0,1
13557,431,388,0,0,1
13635,467,377,0,0,1
13713,479,375,0,0,1
13791,479,375,0,0,1
13885,495,388,0,0,1
13963,505,397,0,0,1
14041,507,399,0,0,1
14119,507,399,0,0,1
14197,506,399,0,0,1
14275,504,398,0,0,1
14353,504,398,0,0,1
14431,504,398,0,0,1
14524,505,397,0,0,1
14602,552,381,0,0,1
14680,593,369,0,0,1
14758,634,356,0,0,1
14836,653,349,0,0,1
14914,663,340,0,0,1
15008,670,323,0,0,1
15086,677,302,0,0,1
15164,694,294,0,0,1
15242,736,286,0,0,1
15320,736,286,0,0,1
15398,736,285,0,0,1
15476,735,284,0,0,1
15569,735,284,0,0,1
15647,735,284,0,0,1
15725,721,298,0,0,1
15803,644,343,0,0,1
15881,610,357,0,0,1
15959,607,358,0,0,1
16037,572,356,0,0,1
16115,539,358,0,0,1
16209,528,360,0,0,1
16287,515,366,0,0,1
16365,497,370,0,0,1
16443,495,368,0,0,1
16521,491,366,0,0,1
16599,488,365,0,0,1
16677,478,353,0,0,1
16771,469,336,0,0,1
16849,460,311,0,0,1
16927,449,298,0,0,1
17005,425,280,0,0,1
17083,393,265,0,0,1
17161,393,265,0,0,1
17239,393,265,0,0,1
17317,391,264,0,0,1
17410,378,263,0,0,1
17488,327,259,0,0,1
17566,321,258,0,0,1
17644,306,260,0,0,1
17722,286,262,0,0,1
17800,286,262,0,0,1
17878,290,258,0,0,1
17972,321,241,0,0,1
18050,357,216,0,0,1
18128,381,191,0,0,1
18206,404,172,0,0,1
18284,413,166,0,0,1
18362,414,165,0,0,1
18440,415,167,0,0,1
18533,421,194,0,0,1
18611,425,215,0,0,1
18689,437,228,0,0,1
18767,472,234,0,0,1
18845,523,240,0,0,1
18923,525,240,0,0,1
19001,544,240,0,0,1
19079,563,241,0,0,1
19173,577,244,0,0,1
19251,591,248,0,0,1
19329,606,249,0,0,1
19407,619,251,0,0,1
19485,631,252,0,0,1
19563,631,252,0,0,1
19641,630,251,0,0,1
19719,613,243,0,0,1
19813,568,238,0,0,1
19891,525,246,0,0,1
19969,459,254,0,0,1
20047,424,261,0,0,1
20125,392,269,0,0,1
20203,348,279,0,0,1
20281,341,282,0,0,1
20374,318,293,0,0,1
20452,313,295,0,0,1
20530,306,304,0,0,1
20608,303,307,0,0,1
20686,295,314,0,0,1
20764,295,314,0,0,1
20842,294,315,0,0,1
20936,286,318,0,0,1
21014,285,318,0,0,1
21092,277,317,0,0,1
21170,270,316,0,0,1
21248,260,314,0,0,1
21326,234,315,0,0,1
21404,231,315,0,0,1
21482,237,314,0,0,1
21575,247,312,0,0,1
21653,248,312,0,0,1
21731,248,312,0,0,1
21809,246,315,0,0,1
21887,246,319,0,0,1
21965,252,323,0,0,1
22043,263,329,0,0,1
22121,270,332,0,0,1
22215,272,333,0,0,1
22293,290,334,0,0,1
22371,305,333,0,0,1
22449,319,331,0,0,1
22527,341,331,0,0,1
22605,359,331,0,0,1
22683,375,330,0,0,1
22777,376,330,0,0,1
22855,412,329,0,0,1
22933,432,329,0,0,1
23011,437,328,0,0,1
23089,436,327,0,0,1
23167,407,320,0,0,1
23245,358,312,0,0,1
23323,352,310,0,0,1
23416,328,308,0,0,1
23494,299,313,0,0,1
23572,299,313,0,0,1
23650,299,313,0,0,1
23728,299,313,0,0,1
23806,299,313,0,0,1
23884,302,314,0,0,1
23962,308,317,0,0,1
24056,314,320,0,0,1
24134,335,323,0,0,1
24212,369,325,0,0,1
24290,393,322,0,0,1
24368,416,316,0,0,1
24446,440,309,0,0,1
24524,453,305,0,0,1
24617,475,295,0,0,1
24695,485,289,0,0,1
24773,495,279,0,0,1
24851,500,272,0,0,1
24929,503,267,0,0,1
25007,508,258,0,0,1
25085,510,253,0,0,1
25179,511,250,0,0,1
25257,513,245,0,0,1
25335,520,239,0,0,1
25413,523,236,0,0,1
25491,526,233,0,0,1
25569,527,232,0,0,1
25647,527,232,0,0,1
25725,527,232,0,0,1
25819,529,232,0,0,1
25897,535,231,0,0,1
25975,544,232,0,0,1
26053,548,233,0,0,1
26131,549,234,0,0,1
26209,549,234,0,0,1
26287,553,236,0,0,1
26380,557,239,0,0,1
26458,559,240,0,0,1
26536,560,243,0,0,1
26614,560,249,0,0,1
26692,552,260,0,0,1
26770,545,269,0,0,1
26848,541,276,0,0,1
26926,541,276,0,0,1
27020,539,280,0,0,1
27098,539,280,0,0,1
27176,534,278,0,0,1
27254,520,270,0,0,1
27332,516,267,0,0,1
27410,510,266,0,0,1
27488,506,264,0,0,1
27581,501,254,0,0,1
27659,501,237,0,0,1
27737,502,227,0,0,1
27815,501,223,0,0,1
27893,500,221,0,0,1
27971,500,210,0,0,1
28049,500,204,0,0,1
28127,499,196,0,0,1
28221,498,194,0,0,1
28299,497,191,0,0,1
28377,495,188,0,0,1
28455,493,186,0,0,1
28533,490,181,0,0,1
28611,489,179,0,0,1
28689,486,176,0,0,1
28767,481,175,0,0,1
28861,478,174,0,0,1
28939,470,177,0,0,1
29017,469,177,0,0,1
29095,467,180,0,0,1
29173,466,181,0,0,1
29251,459,191,0,0,1
29329,447,209,0,0,1
29407,439,224,0,0,1
29500,438,227,0,0,1
29578,439,230,0,0,1
29656,439,236,0,0,1
29734,439,240,0,0,1
29812,440,242,0,0,1
29890,443,244,0,0,1
29968,444,246,0,0,1
30062,445,247,0,0,1
30140,445,247,0,0,1
30218,445,247,0,0,1
30296,444,246,0,0,1
30374,440,244,0,0,1
30452,437,243,0,0,1
30530,433,241,0,0,1
30608,432,241,0,0,1
30701,431,241,0,0,1
30779,429,240,0,0,1
30857,426,239,0,0,1
30935,424,239,0,0,1
31013,420,240,0,0,1
31091,419,240,0,0,1
31169,417,239,0,0,1
31263,395,238,0,0,1
31341,386,238,0,0,1
31419,365,241,0,0,1
31497,363,242,0,0,1
31575,363,242,0,0,1
31653,357,242,0,0,1
31731,337,243,0,0,1
31809,337,243,0,0,1
31903,335,242,0,0,1
31981,335,242,0,0,1
32059,335,242,0,0,1
32137,335,243,0,0,1
32215,323,252,0,0,1
32293,323,253,0,0,1
32371,324,254,0,0,1
32449,326,257,0,0,1
32542,327,263,0,0,1
32620,329,271,0,0,1
32698,332,273,0,0,1
32776,340,276,0,0,1
32854,355,277,0,0,1
32932,357,278,0,0,1
33010,358,278,0,0,1
33104,361,283,0,0,1
33182,361,286,0,0,1
33260,362,290,0,0,1
33338,363,292,0,0,1
33416,363,293,0,0,1
33494,363,293,0,0,1
33572,363,294,0,0,1
33665,363,294,0,0,1
33743,363,295,0,0,1
33821,363,295,0,0,1
33899,363,295,0,0,1
33977,363,295,0,0,1
34056,363,296,0,0,1
34134,362,296,0,0,1
34212,360,297,0,0,1
34305,358,298,0,0,1
34383,358,298,0,0,1
34461,358,298,0,0,1
34539,358,298,0,0,1
34617,358,298,0,0,1
34695,355,300,0,0,1
34773,355,300,0,0,1
34867,355,300,0,0,1
34945,355,300,0,0,1
35023,355,300,0,0,1
35101,355,300,0,0,1
35179,355,300,0,0,1
35257,355,300,0,0,1
35335,355,300,0,0,1
35413,355,300,0,0,1
35506,355,300,0,0,1
35584,352,301,0,0,1
35662,346,303,0,0,1
35740,344,303,0,0,1
35818,344,303,0,0,1
35896,344,303,0,0,1
35974,344,301,0,0,1
36068,345,297,0,0,1
36146,350,294,0,0,1
36224,359,290,0,0,1
36302,368,287,0,0,1
36380,372,285,0,0,1
36458,373,285,0,0,1
36536,383,286,0,0,1
36614,388,293,0,0,1
36708,389,294,0,0,1
36786,388,297,0,0,1
36864,387,301,0,0,1
36942,385,304,0,0,1
37020,383,306,0,0,1
37098,377,311,0,0,1
37176,376,312,0,0,1
37269,376,312,0,0,1
37347,376,309,0,0,1
37425,379,299,0,0,1
37503,385,290,0,0,1
37581,390,282,0,0,1
37659,395,275,0,0,1
37737,397,270,0,0,1
37815,403,262,0,0,1
37909,405,259,0,0,1
37987,407,256,0,0,1
38065,409,251,0,0,1
38143,409,251,0,0,1
38221,408,251,0,0,1
38299,408,251,0,0,1
38377,403,252,0,0,1
38455,403,252,0,0,1
38548,403,252,0,0,1
38626,403,252,0,0,1
38704,403,252,0,0,1
38782,403,251,0,0,1
38860,404,244,0,0,1
38938,405,243,0,0,1
39016,405,242,0,0,1
39110,405,242,0,0,1
39188,405,239,0,0,1
39266,400,237,0,0,1
39344,393,236,0,0,1
39422,390,235,0,0,1
39500,396,225,0,0,1
39578,419,211,0,0,1
39656,439,197,0,0,1
39750,448,191,0,0,1
39828,450,190,0,0,1
39906,450,189,0,0,1
39984,448,188,0,0,1
40062,446,187,0,0,1
40140,436,194,0,0,1
40218,421,204,0,0,1
40311,414,210,0,0,1
40389,411,213,0,0,1
40467,405,224,0,0,1
40545,396,238,0,0,1
40623,396,241,0,0,1
40701,391,250,0,0,1
40779,385,258,0,0,1
40873,382,261,0,0,1
40951,382,262,0,0,1
41029,384,264,0,0,1
41107,387,265,0,0,1
41185,388,266,0,0,1
41263,389,266,0,0,1
41341,388,267,0,0,1
41419,388,272,0,0,1
41512,389,272,0,0,1
41590,411,262,0,0,1
41668,428,252,0,0,1
41746,433,246,0,0,1
41824,436,238,0,0,1
41902,436,233,0,0,1
41980,436,229,0,0,1
42058,436,222,0,0,1
42152,435,219,0,0,1
42230,435,218,0,0,1
42308,435,218,0,0,1
42386,423,220,0,0,1
42464,413,221,0,0,1
42542,411,221,0,0,1
42620,393,222,0,0,1
42714,388,224,0,0,1
42792,384,225,0,0,1
42870,372,229,0,0,1
42948,368,230,0,0,1
43026,358,230,0,0,1
43104,337,239,0,0,1
43182,335,241,0,0,1
43260,333,249,0,0,1
43353,332,257,0,0,1
43431,332,260,0,0,1
43509,332,264,0,0,1
43587,332,266,0,0,1
43665,331,271,0,0,1
43743,329,276,0,0,1
43821,326,279,0,0,1
43915,319,284,0,0,1
43993,319,284,0,0,1
44071,302,291,0,0,1
44149,297,293,0,0,1
44227,297,293,0,0,1
44305,297,293,0,0,1
44383,297,293,0,0,1
44461,297,293,0,0,1
44554,297,293,0,0,1
44632,297,293,0,0,1
44710,297,293,0,0,1
44788,297,293,0,0,1
44866,297,293,0,0,1
44944,297,293,0,0,1
45022,300,293,0,0,1
45100,306,292,0,0,1
45194,313,290,0,0,1
45272,329,283,0,0,1
45350,336,281,0,0,1
45428,336,281,0,0,1
45506,336,281,0,0,1
45584,336,281,0,0,1
45662,343,285,0,0,1
45756,351,293,0,0,1
45834,359,299,0,0,1
45912,366,304,0,0,1
45990,369,306,0,0,1
46068,382,310,0,0,1
46146,397,313,0,0,1
46224,413,314,0,0,1
46302,435,315,0,0,1
46395,445,314,0,0,1
46473,459,312,0,0,1
46551,504,302,0,0,1
46629,510,299,0,0,1
46707,513,296,0,0,1
46785,514,293,0,0,1
46863,515,285,0,0,1
46941,515,285,0,0,1
47035,530,289,0,0,1
47113,538,291,0,0,1
47191,539,291,0,0,1
47269,539,295,0,0,1
47347,539,295,0,0,1
47425,539,295,0,0,1
47503,539,295,0,0,1
47596,538,298,0,0,1
47674,538,311,0,0,1
47752,536,315,0,0,1
47830,526,322,0,0,1
47908,497,298,0,0,1
47986,493,291,0,0,1
48064,493,291,0,0,1
48158,493,291,0,0,1
48236,493,291,0,0,1
48314,481,297,0,0,1
48392,460,309,0,0,1
48470,443,317,0,0,1
48548,443,317,0,0,1
48626,443,317,0,0,1
48720,432,327,0,0,1
48798,429,327,0,0,1
48876,429,327,0,0,1
48954,429,327,0,0,1
49032,429,327,0,0,1
49110,429,327,0,0,1
49188,429,327,0,0,1
49266,425,328,0,0,1
49359,418,329,0,0,1
49437,410,333,0,0,1
49515,388,345,0,0,1
49593,388,346,0,0,1
49671,388,346,0,0,1
49749,387,346,0,0,1
49827,387,346,0,0,1
49905,365,349,0,0,1
49999,340,348,0,0,1
50077,332,345,0,0,1
50155,331,345,0,0,1
50233,344,338,0,0,1
50311,366,330,0,0,1
50389,373,330,0,0,1
50467,398,336,0,0,1
50560,399,336,0,0,1
50638,399,336,0,0,1
50716,393,337,0,0,1
50794,370,336,0,0,1
50872,343,332,0,0,1
50950,308,331,0,0,1
51028,288,330,0,0,1
51106,288,330,0,0,1
51200,288,330,0,0,1
51278,288,330,0,0,1
51356,284,328,0,0,1
51434,281,328,0,0,1
51512,258,329,0,0,1
51590,257,329,0,0,1
51668,234,331,0,0,1
51746,225,332,0,0,1
51840,225,332,0,0,1
51918,225,332,0,0,1
51996,225,332,0,0,1
52074,225,332,0,0,1
52152,225,332,0,0,1
52230,225,332,0,0,1
52308,225,332,0,0,1
52401,225,332,0,0,1
52479,228,338,0,0,1
52557,235,341,0,0,1
52635,248,344,0,0,1
52713,269,345,0,0,1
52791,313,345,0,0,1
52869,331,345,0,0,1
52947,331,345,0,0,1
53041,331,345,0,0,1
53119,334,346,0,0,1
53197,342,348,0,0,1
53275,342,348,0,0,1
53353,342,348,0,0,1
53431,342,348,0,0,1
53509,364,351,0,0,1
53587,390,353,0,0,1
53680,390,353,0,0,1
53758,390,353,0,0,1
53836,392,352,0,0,1
53914,399,352,0,0,1
53992,406,350,0,0,1
54070,413,348,0,0,1
54148,415,348,0,0,1
54242,416,348,0,0,1
54320,416,348,0,0,1
54398,416,348,0,0,1
54476,416,348,0,0,1
54554,416,348,0,0,1
54632,411,347,0,0,1
54710,407,348,0,0,1
54788,403,348,0,0,1
54882,396,348,0,0,1
54960,381,349,0,0,1
55038,379,350,0,0,1
55116,346,353,0,0,1
55194,345,353,0,0,1
55272,345,353,0,0,1
55350,345,353,0,0,1
55428,345,353,0,0,1
55521,345,353,0,0,1
55599,345,353,0,0,1
55677,345,353,0,0,1
55755,345,353,0,0,1
55833,345,353,0,0,1
55911,345,353,0,0,1
55989,345,353,0,0,1
56083,345,353,0,0,1
56161,334,353,0,0,1
56239,326,354,0,0,1
56317,326,354,0,0,1
56395,326,354,0,0,1
56473,326,354,0,0,1
56551,326,354,0,0,1
56629,327,349,0,0,1
56722,330,345,0,0,1
56800,332,342,0,0,1
56878,336,339,0,0,1
56956,336,339,0,0,1
57034,334,338,0,0,1
57112,326,335,0,0,1
57190,309,328,0,0,1
57268,299,325,0,0,1
57362,286,317,0,0,1
57440,273,307,0,0,1
57518,272,306,0,0,1
57596,253,310,0,0,1
57674,231,316,0,0,1
57752,231,317,0,0,1
57830,227,319,0,0,1
57908,227,319,0,0,1
58002,227,319,0,0,1
58080,227,319,0,0,1
58158,227,319,0,0,1
58236,226,323,0,0,1
58314,225,338,0,0,1
58392,236,354,0,0,1
58470,248,367,0,0,1
58563,259,377,0,0,1
58641,264,380,0,0,1
58719,270,385,0,0,1
58797,278,390,0,0,1
58875,287,395,0,0,1
58953,304,408,0,0,1
59031,311,415,0,0,1
59109,315,420,0,0,1
59203,317,420,0,0,1
59281,318,421,0,0,1
59359,321,422,0,0,1
59437,321,422,0,0,1
59515,350,426,0,0,1
59593,361,426,0,0,1
59671,362,426,0,0,1
59749,369,425,0,0,1
59842,369,425,0,0,1
59920,375,422,0,0,1
59998,384,402,0,0,1
60076,375,364,0,0,1
60154,368,330,0,0,1
60232,373,309,0,0,1
60310,378,288,0,0,1
60404,380,281,0,0,1
60482,380,281,0,0,1
60560,380,281,0,0,1
60638,377,287,0,0,1
60716,373,291,0,0,1
60794,360,298,0,0,1
60872,355,300,0,0,1
60950,355,298,0,0,1
61044,367,281,0,0,1
61122,374,274,0,0,1
61200,377,271,0,0,1
61278,380,265,0,0,1
61356,384,260,0,0,1
61434,387,261,0,0,1
61512,411,269,0,0,1
61590,421,280,0,0,1
61683,428,290,0,0,1
61761,425,296,0,0,1
61839,408,296,0,0,1
61917,385,298,0,0,1
61995,370,300,0,0,1
62073,362,302,0,0,1
62151,349,311,0,0,1
62229,344,315,0,0,1
62323,350,316,0,0,1
62401,370,309,0,0,1
62479,379,307,0,0,1
62557,391,304,0,0,1
62635,393,304,0,0,1
62713,396,303,0,0,1
62791,401,292,0,0,1
62884,402,284,0,0,1
62962,406,277,0,0,1
63040,422,276,0,0,1
63118,453,280,0,0,1
63196,455,283,0,0,1
63274,466,293,0,0,1
63352,480,310,0,0,1
63430,488,322,0,0,1
63524,490,326,0,0,1
63602,491,334,0,0,1
63680,491,339,0,0,1
63758,487,352,0,0,1
63836,473,374,0,0,1
63914,383,381,0,0,1
63992,299,363,0,0,1
64086,258,342,0,0,1
64164,231,330,0,0,1
64242,228,328,0,0,1
64320,227,325,0,0,1
64398,230,320,0,0,1
64476,237,319,0,0,1
64554,242,319,0,0,1
64632,244,319,0,0,1
64725,247,318,0,0,1
64803,255,315,0,0,1
64881,261,312,0,0,1
64959,274,304,0,0,1
65037,286,297,0,0,1
65115,307,287,0,0,1
65193,348,279,0,0,1
65271,351,279,0,0,1
65365,351,279,0,0,1
65443,307,296,0,0,1
65521,279,303,0,0,1
65599,279,303,0,0,1
65677,259,311,0,0,1
65755,258,312,0,0,1
65833,258,312,0,0,1
65927,258,312,0,0,1
66005,258,312,0,0,1
66083,258,312,0,0,1
66161,258,312,0,0,1
66239,258,312,0,0,1
66317,258,312,0,0,1
66395,267,326,0,0,1
66473,282,336,0,0,1
66566,308,340,0,0,1
66644,322,337,0,0,1
66722,330,331,0,0,1
66800,331,325,0,0,1
66878,323,310,0,0,1
66956,325,304,0,0,1
67034,340,295,0,0,1
67112,346,293,0,0,1
67206,350,292,0,0,1
67284,355,289,0,0,1
67362,358,285,0,0,1
67440,360,284,0,0,1
67518,362,283,0,0,1
67596,362,282,0,0,1
67674,359,280,0,0,1
67752,356,279,0,0,1
67845,356,279,0,0,1
67923,362,263,0,0,1
68001,387,240,0,0,1
68079,393,233,0,0,1
68157,399,224,0,0,1
68235,383,240,0,0,1
68313,346,275,0,0,1
68407,320,292,0,0,1
68485,318,294,0,0,1
68563,318,295,0,0,1
68641,312,306,0,0,1
68719,311,309,0,0,1
68797,310,309,0,0,1
68875,309,307,0,0,1
68953,317,301,0,0,1
69047,328,298,0,0,1
69125,329,298,0,0,1
69203,329,298,0,0,1
69281,337,298,0,0,1
69359,339,297,0,0,1
69437,341,295,0,0,1
69515,341,295,0,0,1
69608,341,295,0,0,1
69686,346,295,0,0,1
69764,346,295,0,0,1
69842,354,291,0,0,1
69920,378,284,0,0,1
69998,393,278,0,0,1
70076,401,276,0,0,1
70154,401,276,0,0,1
70248,401,276,0,0,1
70326,401,276,0,0,1
70404,402,276,0,0,1
70482,402,277,0,0,1
70560,401,279,0,0,1
70638,393,285,0,0,1
70716,355,296,0,0,1
70809,333,299,0,0,1
70887,301,300,0,0,1
70965,283,302,0,0,1
71043,259,304,0,0,1
71121,234,307,0,0,1
71199,226,308,0,0,1
71277,223,309,0,0,1
71355,196,311,0,0,1
71449,196,311,0,0,1
71527,178,312,0,0,1
71605,159,313,0,0,1
71683,159,313,0,0,1
71761,159,313,0,0,1
71839,155,314,0,0,1
71917,151,315,0,0,1
71995,151,315,0,0,1
72089,151,315,0,0,1
72167,151,315,0,0,1
72245,147,314,0,0,1
72323,145,314,0,0,1
72401,145,313,0,0,1
72479,145,313,0,0,1
72557,145,311,0,0,1
72650,143,303,0,0,1
72728,143,302,0,0,1
72806,143,302,0,0,1
72884,142,300,0,0,1
72962,141,299,0,0,1
73040,141,299,0,0,1
73118,141,299,0,0,1
73196,141,299,0,0,1
73290,141,299,0,0,1
73368,141,299,0,0,1
73446,141,299,0,0,1
73524,141,299,0,0,1
73602,141,299,0,0,1
73680,141,299,0,0,1
73758,141,299,0,0,1
73836,146,289,0,0,1
73929,150,283,0,0,1
74007,151,282,0,0,1
74085,153,279,0,0,1
74163,156,276,0,0,1
74241,162,268,0,0,1
74319,165,263,0,0,1
74397,166,263,0,0,1
74491,166,262,0,0,1
74569,168,260,0,0,1
74647,170,259,0,0,1
74725,171,258,0,0,1
74803,171,258,0,0,1
74881,171,258,0,0,1
74959,171,258,0,0,1
75037,171,258,0,0,1
75131,174,256,0,0,1
75209,175,255,0,0,1
75287,178,253,0,0,1
75365,183,253,0,0,1
75443,184,254,0,0,1
75521,185,254,0,0,1
75599,185,254,0,0,1
75677,185,254,0,0,1
75770,185,254,0,0,1
75848,185,254,0,0,1
75926,185,254,0,0,1
76004,186,254,0,0,1
76082,190,252,0,0,1
76160,194,250,0,0,1
76238,199,249,0,0,1
76316,209,249,0,0,1
76410,220,248,0,0,1
76488,225,248,0,0,1
76566,248,245,0,0,1
76644,251,244,0,0,1
76722,251,244,0,0,1
76800,251,244,0,0,1
76878,251,244,0,0,1
76971,252,245,0,0,1
77049,257,244,0,0,1
77127,261,244,0,0,1
77205,264,244,0,0,1
77283,283,244,0,0,1
77361,283,244,0,0,1
77439,304,247,0,0,1
77517,307,248,0,0,1
77611,323,254,0,0,1
77689,328,256,0,0,1
77767,347,266,0,0,1
77845,363,274,0,0,1
77923,386,282,0,0,1
78001,395,285,0,0,1
78079,400,288,0,0,1
78157,433,301,0,0,1
78251,444,302,0,0,1
78329,444,302,0,0,1
78407,445,301,0,0,1
78485,445,301,0,0,1
78563,441,293,0,0,1
78641,438,291,0,0,1
78719,432,291,0,0,1
78812,421,294,0,0,1
78890,420,295,0,0,1
78968,420,297,0,0,1
79046,421,297,0,0,1
79124,423,298,0,0,1
79202,427,300,0,0,1
79280,431,301,0,0,1
79358,433,302,0,0,1
79452,439,308,0,0,1
79530,439,308,0,0,1
79608,440,308,0,0,1
79686,455,310,0,0,1
79764,469,311,0,0,1
79842,469,311,0,0,1
79920,487,310,0,0,1
80013,499,310,0,0,1
80091,506,307,0,0,1
80169,509,304,0,0,1
80247,511,301,0,0,1
80325,514,297,0,0,1
80403,520,292,0,0,1
80481,526,286,0,0,1
80559,537,274,0,0,1
80653,539,270,0,0,1
80731,539,270,0,0,1
80809,539,270,0,0,1
80887,540,270,0,0,1
80965,542,271,0,0,1
81043,552,267,0,0,1
81121,544,270,0,0,1
81215,481,286,0,0,1
81293,440,292,0,0,1
81371,405,295,0,0,1
81449,385,306,0,0,1
81527,374,311,0,0,1
81605,374,311,0,0,1
81683,374,311,0,0,1
81761,374,311,0,0,1
81854,375,316,1,0,1
81932,377,325,0,0,1
82010,377,326,0,0,1
82088,379,330,0,0,1
82166,389,350,0,0,1
82244,401,368,0,0,1
82322,406,374,0,0,1
82400,408,375,0,0,1
82494,418,382,0,0,1
82572,443,400,0,0,1
82650,443,400,0,0,1
82728,444,402,0,0,1
82806,446,408,0,0,1
82884,444,407,0,0,1
82962,423,374,0,0,1
83055,414,349,1,0,1
83133,413,344,1,0,1
83211,413,342,1,0,1
83289,410,340,1,0,1
83367,409,339,1,0,1
83445,415,343,1,0,1
83523,416,344,1,0,1
83601,413,351,0,0,1
83695,413,351,0,0,1
83773,412,351,0,0,1
83851,407,351,0,0,1
83929,397,352,0,0,1
84007,366,349,1,0,1
84085,357,343,1,0,1
84163,341,326,1,0,1
84257,336,320,1,0,1
84335,335,317,1,0,1
84413,336,318,1,0,1
84491,342,322,1,0,1
84569,345,326,1,0,1
84647,346,330,1,0,1
84725,346,332,1,0,1
84803,347,337,1,0,1
84896,351,340,1,0,1
84974,356,342,0,0,1
85052,357,343,0,0,1
85130,358,343,0,0,1
85208,359,345,0,0,1
85286,360,345,0,0,1
85364,361,346,0,0,1
85442,363,347,0,0,1
85536,366,349,0,0,1
85614,367,349,1,0,1
85692,367,349,1,0,1
85770,367,349,1,0,1
85848,367,349,1,0,1
85926,367,349,1,0,1
86004,369,342,1,0,1
86097,361,334,1,0,1
86175,353,329,1,0,1
86253,352,325,1,0,1
86331,352,323,1,0,1
86409,353,322,0,0,1
86487,372,313,0,0,1
86565,470,296,0,0,1
86643,565,281,0,0,1
86737,575,275,0,0,1
86815,580,269,0,0,1
86893,581,267,0,0,1
86971,582,266,0,0,1
87049,582,260,0,0,1
87127,582,256,1,0,1
87205,582,255,1,0,1
87283,584,251,1,0,1
87377,587,247,1,0,1
87455,597,239,1,0,1
87533,603,230,1,0,1
87611,606,224,1,0,1
87689,609,211,0,0,1
87767,612,198,0,0,1
87845,612,198,0,0,1
87923,612,198,0,0,1
88016,616,193,0,0,1
88094,620,189,1,0,1
88172,625,177,1,0,1
88250,628,166,1,0,1
88328,636,149,0,0,1
88406,643,137,0,0,1
88484,655,124,0,0,1
88578,655,124,0,0,1
88656,655,124,0,0,1
88734,651,136,0,0,1
88812,643,151,0,0,1
88890,628,168,0,0,1
88968,608,185,0,0,1
89046,577,206,0,0,1
89124,559,221,0,0,1
89217,540,233,0,0,1
89295,527,240,0,0,1
89373,487,255,0,0,1
89451,471,262,0,0,1
89529,448,276,0,0,1
89607,428,285,0,0,1
89685,398,302,0,0,1
89779,365,318,0,0,1
89857,363,319,0,0,1
89935,359,325,0,0,1
90013,358,330,0,0,1
90091,364,332,0,0,1
90169,422,331,0,0,1
90247,473,323,0,0,1
90341,489,321,0,0,1
90419,513,309,0,0,1
90497,504,290,0,0,1
90575,493,275,0,0,1
90653,488,266,0,0,1
90731,483,251,0,0,1
90809,475,235,0,0,1
90887,469,228,0,0,1
90980,453,226,0,0,1
91058,423,233,0,0,1
91136,421,236,0,0,1
91214,414,245,0,0,1
91292,409,252,0,0,1
91370,406,257,0,0,1
91448,398,263,0,0,1
91526,389,270,0,0,1
91620,382,274,0,0,1
91698,366,281,0,0,1
91776,354,286,0,0,1
91854,339,294,0,0,1
91932,323,301,0,0,1
92010,321,302,0,0,1
92088,290,313,0,0,1
92166,278,319,0,0,1
92259,268,323,0,0,1
92337,261,319,0,0,1
92415,245,300,0,0,1
92493,236,286,0,0,1
92571,233,281,0,0,1
92649,233,281,0,0,1
92727,232,277,0,0,1
92821,232,274,0,0,1
92899,236,269,0,0,1
92977,240,271,0,0,1
93055,243,272,0,0,1
93133,248,273,0,0,1
93211,269,268,0,0,1
93289,273,267,0,0,1
93367,277,271,0,0,1
93461,277,285,0,0,1
93539,275,293,0,0,1
93617,271,297,0,0,1
93695,258,296,0,0,1
93773,233,299,0,0,1
93851,184,320,0,0,1
93929,158,340,0,0,1
94022,166,354,0,0,1
94100,182,363,0,0,1
94178,193,372,0,0,1
94256,194,371,0,0,1
94334,222,321,0,0,1
94412,222,277,0,0,1
94490,224,254,0,0,1
94568,227,246,0,0,1
94662,229,247,0,0,1
94740,289,245,0,0,1
94818,305,244,0,0,1
94896,305,244,0,0,1
94974,306,247,0,0,1
95052,307,250,0,0,1
95130,310,253,0,0,1
95208,320,259,0,0,1
95301,325,261,0,0,1
95379,327,261,0,0,1
95457,335,261,0,0,1
95535,393,253,0,0,1
95613,394,253,0,0,1
95691,403,243,0,0,1
95769,409,239,0,0,1
95847,411,237,0,0,1
95941,420,232,0,0,1
96019,446,220,0,0,1
96097,452,217,0,0,1
96175,468,211,0,0,1
96253,469,211,0,0,1
96331,469,211,0,0,1
96409,469,211,0,0,1
96487,469,211,0,0,1
96581,484,215,0,0,1
96659,500,222,0,0,1
96737,507,227,0,0,1
96815,514,237,0,0,1
96893,524,254,0,0,1
96971,526,258,0,0,1
97049,527,262,0,0,1
97142,528,268,0,0,1
97220,525,275,0,0,1
97298,518,280,0,0,1
97376,511,284,0,0,1
97454,497,289,0,0,1
97532,496,289,0,0,1
97610,496,289,0,0,1
97688,495,288,0,0,1
97782,466,293,0,0,1
97860,457,295,0,0,1
97938,457,295,0,0,1
98016,456,297,0,0,1
98094,450,302,0,0,1
98172,434,315,0,0,1
98250,416,325,0,0,1
98328,415,325,0,0,1
98422,411,333,0,0,1
98500,411,344,0,0,1
98578,410,356,0,0,1
98656,400,365,0,0,1
98734,392,366,0,0,1
98812,391,366,0,0,1
98890,392,366,0,0,1
98968,391,366,0,0,1
99061,381,360,0,0,1
99139,358,349,0,0,1
99217,370,328,0,0,1
99295,416,305,0,0,1
99373,445,297,0,0,1
99451,474,291,0,0,1
99529,493,289,0,0,1
99623,498,288,0,0,1
99701,500,289,0,0,1
99779,503,300,0,0,1
99857,505,304,0,0,1
99935,505,305,0,0,1
100013,505,305,0,0,1
100091,505,305,0,0,1
100169,501,303,0,0,1
100262,485,293,0,0,1
100340,479,289,0,0,1
100418,468,286,0,0,1
100496,449,282,0,0,1
100574,449,282,0,0,1
100652,449,282,0,0,1
100730,444,287,0,0,1
100824,445,291,0,0,1
100902,457,295,0,0,1
100980,463,290,0,0,1
101058,453,280,0,0,1
101136,446,275,0,0,1
101214,438,277,0,0,1
101292,412,282,0,0,1
101370,408,290,0,0,1
101464,411,298,0,0,1
101542,420,303,0,0,1
101620,446,298,0,0,1
101698,445,285,0,0,1
101776,433,271,0,0,1
101854,431,270,0,0,1
101932,428,269,0,0,1
102025,434,276,0,0,1
102103,463,264,0,0,1
102181,471,239,0,0,1
102259,464,225,0,0,1
102337,463,225,0,0,1
102415,463,225,0,0,1
102493,463,224,0,0,1
102571,459,218,0,0,1
102665,455,215,0,0,1
102743,455,215,0,0,1
102821,458,216,1,0,1
102899,465,215,1,0,1
102977,472,214,1,0,1
103055,472,214,1,0,1
103133,473,213,1,0,1
103226,475,215,1,0,1
103304,476,215,1,0,1
103382,473,216,1,0,1
103460,465,223,1,0,1
103538,467,224,1,0,1
103616,467,224,0,0,1
103694,467,224,0,0,1
103772,463,228,0,0,1
103866,456,233,0,0,1
103944,404,252,0,0,1
104022,301,275,0,0,1
104100,258,290,0,0,1
104178,241,303,0,0,1
104256,232,317,0,0,1
104334,251,329,0,0,1
104428,291,322,0,0,1
104506,290,314,0,0,1
104584,283,309,0,0,1
104662,287,317,0,0,1
104740,325,308,0,0,1
104818,367,297,0,0,1
104896,429,294,0,0,1
104974,485,286,0,0,1
105067,489,281,0,0,1
105145,507,279,0,0,1
105223,513,279,0,0,1
105301,510,277,0,0,1
105379,505,275,0,0,1
105457,471,290,0,0,1
105535,468,294,0,0,1
105629,480,297,0,0,1
105707,499,287,0,0,1
105785,501,273,0,0,1
105863,501,256,0,0,1
105941,500,252,0,0,1
106019,499,249,0,0,1
106097,497,247,0,0,1
106175,491,244,0,0,1
106268,491,244,0,0,1
106346,486,244,0,0,1
106424,479,247,1,0,1
106502,477,247,1,0,1
106580,477,247,1,0,1
106658,477,247,1,0,1
106736,470,251,1,0,1
106830,467,251,0,0,1
106908,458,253,1,0,1
106986,441,259,1,0,1
107064,387,275,1,0,1
107142,343,292,1,0,1
107220,302,306,1,0,1
107298,277,310,1,0,1
107376,276,309,1,0,1
107470,286,303,1,0,1
107548,298,296,1,0,1
107626,300,301,1,0,1
107704,292,333,1,0,1
107782,292,343,1,0,1
107860,298,345,1,0,1
107938,305,343,1,0,1
108031,319,339,1,0,1
108109,322,334,1,0,1
108187,317,319,1,0,1
108265,314,295,1,0,1
108343,314,294,1,0,1
108421,317,299,1,0,1
108499,323,307,1,0,1
108577,357,288,1,0,1
108671,378,274,1,0,1
108749,391,263,0,0,1
108827,400,257,0,0,1
108905,408,253,0,0,1
108983,414,250,0,0,1
109061,414,250,0,0,1
109139,414,250,0,0,1
109217,414,250,0,0,1
109310,409,245,0,0,1
109388,402,224,1,0,1
109466,394,212,1,0,1
109544,392,211,1,0,1
109622,389,210,1,0,1
109700,385,208,1,0,1
109778,381,208,1,0,1
109856,379,208,1,0,1
109950,376,207,1,0,1
110028,357,215,0,0,1
110106,338,221,0,0,1
110184,338,221,0,0,1
110262,338,221,0,0,1
110340,338,221,0,0,1
110418,338,221,0,0,1
110496,321,229,0,0,1
110590,289,236,0,0,1
110668,289,236,1,0,1
110746,289,236,1,0,1
110824,289,236,1,0,1
110902,297,245,1,0,1
110980,312,256,1,0,1
111058,346,259,1,0,1
111151,356,259,1,0,1
111229,356,259,1,0,1
111307,346,256,0,0,1
111385,296,245,0,0,1
111463,289,244,0,0,1
111541,286,238,0,0,1
111619,290,226,0,0,1
111697,303,221,0,0,1
111791,308,223,0,0,1
111869,316,227,1,0,1
111947,340,231,1,0,1
112025,359,234,1,0,1
112103,366,238,1,0,1
112181,376,247,1,0,1
112259,377,249,1,0,1
112337,384,260,0,0,1
112430,384,260,1,0,1
112508,389,269,1,0,1
112586,395,297,1,0,1
112664,396,321,1,0,1
112742,396,323,1,0,1
112820,402,327,1,0,1
112898,402,328,0,0,1
112992,402,328,0,0,1
113070,402,328,0,0,1
113148,402,327,0,0,1
113226,402,328,0,0,1
113304,406,334,0,0,1
113382,409,338,0,0,1
113460,410,338,0,0,1
113538,412,339,0,0,1
113632,412,339,1,0,1
113710,412,339,0,0,1
113788,412,339,0,0,1
113866,397,345,0,0,1
113944,383,344,0,0,1
114022,379,343,0,0,1
114100,379,343,1,0,1
114178,379,342,1,0,1
114271,418,325,1,0,1
114349,467,316,1,0,1
114427,488,312,1,0,1
114505,488,312,1,0,1
114583,508,317,0,0,1
114661,538,321,0,0,1
114739,538,321,0,0,1
114817,538,321,0,0,1
114911,527,332,0,0,1
114989,518,337,0,0,1
115067,502,343,0,0,1
115145,487,351,1,0,1
115223,471,360,1,0,1
115301,435,379,1,0,1
115379,406,391,1,0,1
115472,400,394,1,0,1
115550,400,394,1,0,1
115628,398,392,1,0,1
115706,401,349,1,0,1
115784,408,331,0,0,1
115862,413,325,0,0,1
115940,425,315,0,0,1
116018,436,304,0,0,1
116112,442,297,0,0,1
116190,444,295,1,0,1
116268,447,292,1,0,1
116346,447,292,1,0,1
116424,446,292,1,0,1
116502,444,291,1,0,1
116580,439,292,1,0,1
116658,439,292,0,0,1
116752,417,294,0,0,1
116830,362,307,0,0,1
116908,304,324,0,0,1
116986,286,327,0,0,1
117064,286,327,0,0,1
117142,286,327,1,0,1
117220,319,312,1,0,1
117298,358,304,1,0,1
117391,389,303,1,0,1
117469,434,301,1,0,1
117547,435,301,1,0,1
117625,435,301,1,0,1
117703,459,295,0,0,1
117781,474,290,0,0,1
117859,473,290,0,0,1
117937,443,296,0,0,1
118031,374,308,0,0,1
118109,374,308,0,0,1
118187,363,307,0,0,1
118265,321,302,1,0,1
118343,290,299,1,0,1
118421,284,298,1,0,1
118499,279,296,1,0,1
118592,275,294,1,0,1
118670,259,312,1,0,1
118748,256,324,0,0,1
118826,262,338,0,0,1
118904,275,352,0,0,1
118982,306,352,0,0,1
119060,364,329,0,0,1
119138,377,320,0,0,1
119232,402,311,0,0,1
119310,452,304,0,0,1
119388,492,296,0,0,1
119466,507,293,0,0,1
119544,520,293,1,0,1
119622,520,294,1,0,1
119700,518,309,1,0,1
119778,514,310,1,0,1
119872,483,291,1,0,1
119950,452,293,1,0,1
120028,392,312,1,0,1
120106,351,323,1,0,1
120184,322,332,1,0,1
120262,302,338,1,0,1
120340,292,345,1,0,1
120433,300,352,0,0,1
120511,390,371,0,0,1
120589,454,386,0,0,1
120667,469,395,0,0,1
120745,488,404,0,0,1
120823,488,404,1,0,1
120901,488,404,1,0,1
120979,501,388,1,0,1
121073,505,372,1,0,1
121151,500,362,1,0,1
121229,497,352,1,0,1
121307,493,348,0,0,1
121385,461,323,0,0,1
121463,438,302,0,0,1
121634,417,278,0,0,1
121712,413,270,0,0,1
121790,407,262,0,0,1
121868,406,261,0,0,1
121946,406,261,0,0,1
122040,362,262,0,0,1
122118,334,264,0,0,1
122196,306,276,0,0,1
122274,292,283,1,0,1
122352,276,299,1,0,1
122430,284,317,1,0,1
122508,320,335,1,0,1
122602,375,337,1,0,1
122680,410,328,1,0,1
122758,434,312,1,0,1
122836,452,279,0,0,1
122914,459,247,0,0,1
122992,460,232,0,0,1
123070,462,233,0,0,1
123148,492,256,0,0,1
123241,546,282,0,0,1
123319,573,308,0,0,1
123397,594,337,0,0,1
123475,594,340,0,0,1
123553,576,352,1,0,1
123631,545,374,1,0,1
123709,530,390,1,0,1
123803,517,401,1,0,1
123881,495,420,1,0,1
123959,452,442,1,0,1
124037,448,443,0,0,1
124115,419,417,0,0,1
124193,393,380,0,0,1
124271,394,369,0,0,1
124349,411,343,0,0,1
124442,426,328,0,0,1
124520,431,316,1,0,1
124598,430,306,1,0,1
124676,430,300,1,0,1
124754,429,299,1,0,1
124832,423,291,1,0,1
124910,422,290,1,0,1
125004,397,295,1,0,1
125082,343,311,0,0,1
125160,342,318,0,0,1
125238,348,331,0,0,1
125316,352,333,0,0,1
125394,374,326,0,0,1
125472,379,311,0,0,1
125550,376,296,0,0,1
125644,375,295,0,0,1
125722,375,294,0,0,1
125800,361,282,0,0,1
125878,353,276,1,0,1
125956,339,266,1,0,1
126034,324,260,1,0,1
126112,324,260,1,0,1
126190,324,260,1,0,1
126283,324,260,1,0,1
126361,324,260,1,0,1
126439,341,270,1,0,1
126517,350,277,1,0,1
126595,357,283,1,0,1
126673,374,302,1,0,1
126751,392,313,1,0,1
126845,408,314,1,0,1
126923,414,314,1,0,1
127001,427,317,1,0,1
127079,438,324,1,0,1
127157,443,328,1,0,1
127235,446,329,1,0,1
127313,446,329,1,0,1
127391,445,334,1,0,1
127484,434,353,1,0,1
127562,419,367,1,0,1
127640,405,376,1,0,1
127719,370,391,1,0,1
127797,354,397,1,0,1
127875,348,401,1,0,1
127953,340,406,1,0,1
128031,332,410,1,0,1
128124,310,420,1,0,1
128202,303,424,1,0,1
128280,303,424,1,0,1
128358,287,430,1,0,1
128436,268,438,1,0,1
128514,253,444,1,0,1
128592,252,444,1,0,1
128670,253,444,1,0,1
128764,257,447,1,0,1
128842,279,455,1,0,1
128920,320,464,1,0,1
128998,339,464,1,0,1
129076,379,469,1,0,1
129154,385,470,1,0,1
129232,437,462,1,0,1
129325,450,449,1,0,1
129403,460,431,1,0,1
129481,463,414,1,0,1
129559,455,408,1,0,1
129637,450,402,1,0,1
129715,449,397,1,0,1
129793,443,386,1,0,1
129871,434,379,1,0,1
129965,420,371,1,0,1
130043,416,369,1,0,1
130121,398,364,1,0,1
130199,398,364,1,0,1
130277,377,364,1,0,1
130355,376,364,1,0,1
130433,371,364,1,0,1
130511,344,362,1,0,1
130605,341,360,1,0,1
130683,338,358,1,0,1
130761,338,358,1,0,1
130839,330,352,1,0,1
130917,314,343,1,0,1
130995,310,333,1,0,1
131073,304,318,1,0,1
131166,288,308,1,0,1
131244,286,308,1,0,1
131322,266,316,1,0,1
131400,265,328,1,0,1
131478,271,330,1,0,1
131556,287,331,1,0,1
131634,287,331,1,0,1
131712,287,331,1,0,1
131806,287,331,1,0,1
131884,287,331,1,0,1
131962,292,331,1,0,1
132040,305,334,1,0,1
132118,310,334,1,0,1
132196,325,333,1,0,1
132274,325,333,1,0,1
132367,324,355,1,0,1
132445,323,364,1,0,1
132523,323,364,1,0,1
132601,319,368,1,0,1
132679,318,369,1,0,1
132757,318,369,1,0,1
132835,317,369,1,0,1
132913,317,368,1,0,1
133007,316,361,1,0,1
133085,310,344,1,0,1
133163,284,331,1,0,1
133241,243,325,1,0,1
133319,237,321,1,0,1
133397,230,316,1,0,1
133475,227,313,1,0,1
133569,227,313,1,0,1
133647,227,313,1,0,1
133725,227,313,1,0,1
133803,227,313,1,0,1
133881,227,313,1,0,1
133959,227,313,1,0,1
134037,227,313,1,0,1
134115,230,315,1,0,1
134208,230,315,1,0,1
134286,232,318,1,0,1
134364,237,321,1,0,1
134442,237,321,1,0,1
134520,237,321,1,0,1
134598,237,321,1,0,1
134676,233,319,1,0,1
134754,213,303,1,0,1
134848,210,300,1,0,1
134926,210,300,1,0,1
135004,214,299,1,0,1
135082,222,303,1,0,1
135160,227,304,1,0,1
135238,235,305,1,0,1
135316,235,305,1,0,1
135409,235,305,1,0,1
135487,235,305,1,0,1
135565,235,305,1,0,1
135643,231,303,1,0,1
135721,228,302,1,0,1
135799,228,302,1,0,1
135877,229,301,1,0,1
135955,238,294,1,0,1
136049,261,286,1,0,1
136127,264,285,1,0,1
136205,298,278,1,0,1
136283,299,278,1,0,1
136361,299,278,1,0,1
136439,299,278,1,0,1
136517,311,277,1,0,1
136595,319,276,1,0,1
136689,319,276,1,0,1
136767,319,276,1,0,1
136845,319,276,1,0,1
136923,319,282,1,0,1
137001,312,310,1,0,1
137079,302,345,1,0,1
137157,287,384,1,0,1
137235,281,394,1,0,1
137328,277,401,1,0,1
137406,277,402,1,0,1
137484,277,402,1,0,1
137562,277,402,1,0,1
137640,277,402,1,0,1
137718,277,402,1,0,1
137796,277,402,1,0,1
137890,278,396,1,0,1
137968,275,390,1,0,1
138046,273,379,1,0,1
138124,294,362,1,0,1
138202,326,361,1,0,1
138280,332,362,1,0,1
138358,336,360,1,0,1
138436,338,359,1,0,1
138529,342,355,1,0,1
138607,345,350,1,0,1
138685,351,340,1,0,1
138763,356,333,1,0,1
138841,365,322,1,0,1
138919,365,322,1,0,1
138997,344,315,1,0,1
139091,263,323,1,0,1
139169,211,348,1,0,1
139247,203,353,1,0,1
139325,203,353,1,0,1
139403,203,353,1,0,1
139481,258,344,1,0,1
139559,260,344,1,0,1
139637,274,339,1,0,1
139731,284,336,1,0,1
139809,294,330,1,0,1
139887,317,317,1,0,1
139965,351,293,1,0,1
140043,381,277,1,0,1
140121,385,275,1,0,1
140199,387,270,1,0,1
140277,402,251,1,0,1
140370,451,239,1,0,1
140448,470,236,1,0,1
140526,471,236,1,0,1
140604,471,236,1,0,1
140682,453,240,1,0,1
140760,371,250,1,0,1
140838,347,254,1,0,1
140916,275,275,1,0,1
141010,244,284,1,0,1
141088,244,284,1,0,1
141166,246,247,1,0,1
141244,249,217,1,0,1
141322,249,212,1,0,1
141400,249,212,1,0,1
141478,249,212,1,0,1
141556,259,219,1,0,1
141649,263,225,1,0,1
141727,268,231,1,0,1
141805,269,233,1,0,1
141883,270,233,1,0,1
141961,270,233,1,0,1
142039,270,233,1,0,1
142117,270,233,1,0,1
142211,270,233,1,0,1
142289,270,233,1,0,1
142367,270,233,1,0,1
142445,270,233,1,0,1
142523,270,233,1,0,1
142601,270,233,1,0,1
142679,270,233,1,0,1
142757,270,233,1,0,1
142851,270,233,1,0,1
142929,270,233,1,0,1
143007,270,233,1,0,1
143085,270,233,1,0,1
143163,270,233,1,0,1
143241,270,233,1,0,1
143319,270,232,1,0,1
143412,269,221,1,0,1
143490,269,220,1,0,1
143568,276,213,1,0,1
143646,287,205,1,0,1
143724,293,201,1,0,1
143802,299,194,1,0,1
143880,299,194,1,0,1
143958,299,194,1,0,1
144052,259,206,1,0,1
144130,234,215,1,0,1
144208,228,216,1,0,1
144286,199,214,1,0,1
144364,190,211,1,0,1
144442,179,205,1,0,1
144520,174,198,1,0,1
144613,166,189,1,0,1
144691,165,188,1,0,1
144769,165,188,1,0,1
144847,165,188,1,0,1
144925,165,188,1,0,1
145003,165,188,1,0,1
145081,165,188,1,0,1
145159,165,188,1,0,1
145253,165,188,1,0,1
145331,165,188,1,0,1
145409,165,188,1,0,1
145487,167,181,1,0,1
145565,167,180,1,0,1
145643,167,180,1,0,1
145721,167,179,1,0,1
145815,167,179,1,0,1
145893,167,179,1,0,1
145971,167,179,1,0,1
146049,167,179,1,0,1
146127,185,182,1,0,1
146205,232,188,1,0,1
146283,256,192,1,0,1
146361,273,194,1,0,1
146454,291,196,1,0,1
146532,321,195,1,0,1
146610,346,197,1,0,1
146688,380,211,1,0,1
146766,406,240,1,0,1
146844,431,264,1,0,1
146922,448,278,1,0,1
147016,472,292,1,0,1
147094,475,296,1,0,1
147172,479,305,1,0,1
147250,480,308,1,0,1
147328,481,309,1,0,1
147406,483,310,1,0,1
147484,484,311,1,0,1
147562,486,315,1,0,1
147655,487,323,1,0,1
147733,481,332,1,0,1
147811,470,341,1,0,1
147889,450,353,1,0,1
147967,431,365,1,0,1
148045,427,369,1,0,1
148123,423,372,1,0,1
148217,421,373,1,0,1
148295,413,375,1,0,1
148373,413,375,1,0,1
148451,414,375,1,0,1
148529,421,375,1,0,1
148607,453,381,1,0,1
148685,459,384,1,0,1
148763,467,388,1,0,1
148857,491,399,1,0,1
148935,509,402,1,0,1
149013,550,406,1,0,1
149091,614,404,1,0,1
149169,614,385,1,0,1
149247,585,352,1,0,1
149325,558,337,1,0,1
149403,514,336,1,0,1
149496,506,345,1,0,1
149574,503,366,1,0,1
149652,506,378,1,0,1
149730,509,381,1,0,1
149808,511,387,1,0,1
149886,509,391,1,0,1
149964,505,401,1,0,1
150042,508,408,1,0,1
150136,513,416,1,0,1
150214,522,429,1,0,1
150292,533,450,1,0,1
150370,535,452,1,0,1
150448,519,441,1,0,1
150526,489,417,1,0,1
150604,461,404,1,0,1
150697,441,403,1,0,1
150775,399,417,1,0,1
150853,372,431,1,0,1
150931,366,434,1,0,1
151009,355,438,1,0,1
151087,335,442,1,0,1
151165,325,443,1,0,1
151243,325,443,1,0,1
151337,325,443,1,0,1
151415,296,449,1,0,1
151493,292,450,1,0,1
151571,273,455,1,0,1
151649,241,464,1,0,1
151727,237,466,1,0,1
151805,237,466,1,0,1
151883,237,466,1,0,1
151977,237,466,1,0,1
152055,237,466,1,0,1
152133,237,466,1,0,1
152211,237,466,1,0,1
152289,237,466,1,0,1
152367,236,466,1,0,1
152445,236,466,1,0,1
152523,236,466,1,0,1
152616,236,466,1,0,1
152694,237,466,1,0,1
152772,240,467,1,0,1
152850,257,470,1,0,1
152928,279,469,1,0,1
153006,300,470,1,0,1
153084,330,474,1,0,1
153162,364,474,1,0,1
153256,390,475,1,0,1
153334,391,475,1,0,1
153412,394,476,1,0,1
153490,417,477,1,0,1
153568,428,477,1,0,1
153646,444,477,1,0,1
153724,448,477,1,0,1
153817,453,477,1,0,1
153895,460,478,1,0,1
153973,465,478,1,0,1
154051,477,477,1,0,1
154129,479,477,1,0,1
154207,480,477,1,0,1
154285,480,477,1,0,1
154363,480,477,1,0,1
154457,480,477,1,0,1
154535,480,477,1,0,1
154613,480,477,1,0,1
154691,480,477,1,0,1
154769,478,476,1,0,1
154847,476,475,1,0,1
154925,476,475,1,0,1
155003,475,475,1,0,1
155097,470,470,1,0,1
155175,465,453,1,0,1
155253,464,452,1,0,1
155331,464,452,1,0,1
155409,462,445,1,0,1
155487,456,430,1,0,1
155580,455,420,1,0,1
155658,449,409,1,0,1
155736,434,401,1,0,1
155814,428,399,1,0,1
155892,419,397,1,0,1
155970,411,393,1,0,1
156048,403,386,1,0,1
156142,391,373,1,0,1
156220,391,373,1,0,1
156298,391,373,1,0,1
156376,391,373,1,0,1
156454,391,374,1,0,1
156532,394,382,1,0,1
156610,398,392,1,0,1
156688,401,395,1,0,1
156781,407,404,1,0,1
156859,416,417,1,0,1
156937,423,432,1,0,1
157015,424,435,1,0,1
157093,426,438,1,0,1
157171,426,439,1,0,1
157249,426,442,1,0,1
157327,426,442,1,0,1
157421,419,435,1,0,1
157499,377,368,1,0,1
157577,365,349,1,0,1
157655,361,346,1,0,1
157733,357,344,1,0,1
157811,344,343,1,0,1
157889,344,343,1,0,1
157983,334,343,1,0,1
158061,334,343,1,0,1
158139,329,342,1,0,1
158217,304,340,1,0,1
158295,303,340,1,0,1
158373,303,340,1,0,1
158451,302,339,1,0,1
158529,293,332,1,0,1
158622,287,327,1,0,1
158700,287,326,1,0,1
158778,270,326,1,0,1
158856,245,334,1,0,1
158934,241,339,1,0,1
159012,230,351,1,0,1
159090,222,366,1,0,1
159184,218,374,1,0,1
159262,217,376,1,0,1
159340,211,384,1,0,1
159418,211,393,1,0,1
159496,215,406,1,0,1
159574,219,416,1,0,1
159652,219,416,1,0,1
159746,230,398,1,0,1
159824,260,358,1,0,1
159902,260,355,1,0,1
159980,217,372,1,0,1
160058,222,366,1,0,1
160136,266,331,1,0,1
160214,275,319,1,0,1
160307,276,319,1,0,1
160385,276,319,1,0,1
160463,276,319,1,0,1
160541,276,319,1,0,1
160619,276,325,1,0,1
160697,271,343,1,0,1
160775,268,346,1,0,1
160853,267,347,1,0,1
160947,265,349,1,0,1
161025,259,352,1,0,1
161103,254,354,1,0,1
161181,255,353,1,0,1
161259,264,335,1,0,1
161337,266,334,1,0,1
161415,267,334,1,0,1
161493,268,335,1,0,1
161586,264,348,1,0,1
161664,259,360,1,0,1
161742,252,371,1,0,1
161820,240,379,1,0,1
161898,228,385,1,0,1
161976,213,389,1,0,1
162054,207,386,1,0,1
162148,198,382,1,0,1
162226,197,381,1,0,1
162304,196,381,1,0,1
162382,187,370,1,0,1
162460,176,349,1,0,1
162538,176,348,1,0,1
162616,177,347,1,0,1
162694,181,336,1,0,1
162788,186,314,1,0,1
162866,187,306,1,0,1
162944,191,295,1,0,1
163022,198,288,1,0,1
163100,200,285,1,0,1
163178,201,263,1,0,1
163256,198,240,1,0,1
163349,197,230,1,0,1
163427,196,223,1,0,1
163505,195,222,1,0,1
163583,193,217,1,0,1
163661,194,196,1,0,1
163739,220,183,1,0,1
163817,259,174,1,0,1
163895,259,174,1,0,1
163989,259,172,1,0,1
164067,262,167,1,0,1
164145,283,156,1,0,1
164223,304,147,1,0,1
164301,304,146,1,0,1
164379,304,146,1,0,1
164457,305,147,1,0,1
164535,343,157,1,0,1
164628,353,158,1,0,1
164706,355,157,1,0,1
164784,373,156,1,0,1
164862,378,159,1,0,1
164940,397,169,1,0,1
165018,398,169,1,0,1
165096,398,174,1,0,1
165174,397,177,1,0,1
165268,396,181,1,0,1
165346,393,186,1,0,1
165424,374,201,1,0,1
165502,369,208,1,0,1
165580,368,213,1,0,1
165658,371,222,1,0,1
165736,375,227,1,0,1
165814,380,233,1,0,1
165908,382,234,1,0,1
165986,389,236,1,0,1
166064,395,236,1,0,1
166142,395,236,1,0,1
166220,396,236,1,0,1
166298,397,236,1,0,1
166376,398,237,1,0,1
166469,400,237,1,0,1
166547,400,237,1,0,1
166625,403,240,1,0,1
166703,414,249,1,0,1
166781,415,256,1,0,1
166859,415,261,1,0,1
166937,415,261,1,0,1
167015,415,263,1,0,1
167109,409,266,1,0,1
167187,397,269,1,0,1
167265,392,270,1,0,1
167343,392,269,1,0,1
167421,390,269,1,0,1
167499,382,269,1,0,1
167577,376,270,1,0,1
167655,359,277,1,0,1
167748,345,286,1,0,1
167826,342,288,1,0,1
167904,336,296,1,0,1
167982,326,306,1,0,1
168060,315,312,1,0,1
168138,314,313,1,0,1
168216,319,315,1,0,1
168294,329,313,1,0,1
168388,349,308,1,0,1
168466,359,300,1,0,1
168544,365,295,1,0,1
168622,378,292,1,0,1
168700,396,289,1,0,1
168778,398,285,1,0,1
168856,397,281,1,0,1
168950,397,272,1,0,1
169028,396,271,1,0,1
169106,393,275,1,0,1
169184,355,310,1,0,1
169262,337,334,1,0,1
169340,332,364,1,0,1
169418,332,370,1,0,1
169496,332,370,1,0,1
169589,331,370,1,0,1
169667,331,370,1,0,1
169745,347,356,1,0,1
169823,368,351,1,0,1
169901,371,351,1,0,1
169979,372,351,1,0,1
170057,373,351,1,0,1
170135,374,352,1,0,1
170229,377,351,1,0,1
170307,386,349,1,0,1
170385,392,347,1,0,1
170463,394,346,1,0,1
170541,394,346,1,0,1
170619,393,342,1,0,1
170697,393,335,1,0,1
170775,398,324,1,0,1
170868,421,313,1,0,1
170946,457,324,1,0,1
171024,501,362,1,0,1
171102,500,369,1,0,1
171180,439,396,1,0,1
171258,411,395,1,0,1
171336,410,394,1,0,1
171414,409,394,1,0,1
171508,359,395,1,0,1
171586,309,391,1,0,1
171664,305,390,1,0,1
171742,305,390,1,0,1
171820,288,397,1,0,1
171898,289,399,1,0,1
171976,289,399,1,0,1
172070,288,398,1,0,1
172148,255,386,1,0,1
172226,234,386,1,0,1
172304,234,386,1,0,1
172382,236,387,1,0,1
172460,251,382,1,0,1
172538,280,373,1,0,1
172616,322,364,1,0,1
172709,340,357,1,0,1
172787,363,350,1,0,1
172865,377,344,1,0,1
172943,408,334,1,0,1
173021,427,327,1,0,1
173099,427,326,1,0,1
173177,451,305,1,0,1
173271,451,304,1,0,1
173349,487,298,1,0,1
173427,492,298,1,0,1
173505,494,299,1,0,1
173583,502,301,1,0,1
173661,503,301,1,0,1
173739,501,317,1,0,1
173817,493,338,1,0,1
173910,481,344,1,0,1
173988,456,348,1,0,1
174066,450,346,1,0,1
174144,449,345,1,0,1
174222,453,336,1,0,1
174300,462,319,1,0,1
174378,471,305,1,0,1
174472,478,286,1,0,1
174550,475,270,1,0,1
174628,468,263,1,0,1
174706,451,255,1,0,1
174784,421,247,1,0,1
174862,416,247,1,0,1
174940,347,287,1,0,1
175018,336,292,1,0,1
175112,336,292,1,0,1
175190,325,303,1,0,1
175268,299,317,1,0,1
175346,297,318,1,0,1
175424,297,318,1,0,1
175502,298,321,1,0,1
175580,306,330,1,0,1
175658,317,345,1,0,1
175751,323,350,1,0,1
175829,329,353,1,0,1
175907,332,354,1,0,1
175985,335,355,1,0,1
176063,351,355,1,0,1
176141,351,355,1,0,1
176219,352,356,1,0,1
176297,355,366,1,0,1
176391,355,366,1,0,1
176469,355,366,1,0,1
176547,355,366,1,0,1
176625,354,366,1,0,1
176703,347,360,1,0,1
176781,326,345,1,0,1
176859,318,335,1,0,1
176937,317,331,1,0,1
177030,316,325,1,0,1
177108,315,321,1,0,1
177186,315,321,1,0,1
177264,315,321,1,0,1
177342,315,327,1,0,1
177420,314,336,1,0,1
177498,314,337,1,0,1
177592,315,339,1,0,1
177670,316,342,1,0,1
177748,317,348,1,0,1
177826,318,355,1,0,1
177904,321,364,1,0,1
177982,321,368,1,0,1
178060,316,387,1,0,1
178138,314,395,1,0,1
178232,311,405,1,0,1
178310,311,406,1,0,1
178388,291,373,1,0,1
178466,275,328,1,0,1
178544,268,300,1,0,1
178622,270,278,1,0,1
178700,272,268,1,0,1
178778,276,257,1,0,1
178871,281,244,1,0,1
178949,285,236,1,0,1
179027,290,225,1,0,1
179105,295,208,1,0,1
179183,302,182,1,0,1
179261,303,177,1,0,1
179339,303,177,1,0,1
179433,306,170,1,0,1
179511,309,166,1,0,1
179589,311,161,1,0,1
179667,315,150,1,0,1
179745,315,150,1,0,1
179823,315,150,1,0,1
179901,278,149,1,0,1
179979,246,147,1,0,1
180072,246,147,1,0,1
180150,199,172,1,0,1
180228,106,217,1,0,1
180306,99,223,1,0,1
180384,85,234,1,0,1
180462,85,234,1,0,1
180540,85,234,1,0,1
180618,75,241,1,0,1
180712,57,250,1,0,1
180790,57,250,1,0,1
180868,57,250,1,0,1
180946,57,250,1,0,1
181024,57,250,1,0,1
181102,57,250,1,0,1
181180,57,250,1,0,1
181274,57,250,1,0,1
181352,57,250,1,0,1
181430,57,250,1,0,1
181508,57,252,1,0,1
181586,57,253,1,0,1
181664,57,254,1,0,1
181742,57,255,1,0,1
181835,57,256,1,0,1
181913,57,259,1,0,1
181991,57,263,1,0,1
182069,57,269,1,0,1
182147,59,275,1,0,1
182225,62,285,1,0,1
182303,64,289,1,0,1
182381,66,298,1,0,1
182475,68,319,1,0,1
182553,66,344,1,0,1
182631,52,396,1,0,1
182709,44,421,1,0,1
182787,44,424,1,0,1
182865,44,424,1,0,1
182943,44,424,1,0,1
183036,43,429,1,0,1
183114,41,437,1,0,1
183192,40,441,1,0,1
183270,40,441,1,0,1
183348,40,441,1,0,1
183426,40,441,1,0,1
183504,38,430,1,0,1
183582,38,401,1,0,1
183676,45,364,1,0,1
183754,62,333,1,0,1
183832,97,304,1,0,1
183910,122,285,1,0,1
183988,141,276,1,0,1
184066,164,258,1,0,1
184144,179,245,1,0,1
184222,197,236,1,0,1
184316,198,237,1,0,1
184394,198,237,1,0,1
184472,185,252,1,0,1
184550,181,254,1,0,1
184628,170,258,1,0,1
184706,169,259,1,0,1
184784,160,264,1,0,1
184877,152,269,1,0,1
184955,149,275,1,0,1
185033,137,288,1,0,1
185111,110,301,1,0,1
185189,107,301,1,0,1
185267,101,294,1,0,1
185345,102,289,1,0,1
185423,110,281,1,0,1
185517,119,278,1,0,1
185595,124,277,1,0,1
185673,137,268,0,0,1
185751,138,268,1,0,1
185829,138,266,1,0,1
185907,135,262,1,0,1
185985,135,262,1,0,1
186063,135,262,1,0,1
186156,136,263,1,0,1
186234,154,269,1,0,1
186312,185,284,1,0,1
186390,215,302,0,0,1
186468,219,304,0,0,1
186546,226,311,0,0,1
186624,236,319,0,0,1
186702,248,326,0,0,1
186796,264,333,0,0,1
186874,275,334,0,0,1
186952,284,342,0,0,1
187030,286,345,1,0,1
187108,288,346,1,0,1
187186,288,347,1,0,1
187264,355,338,1,0,1
187358,400,319,0,0,1
187436,439,304,0,0,1
187514,455,298,0,0,1
187592,455,298,0,0,1
187670,455,298,0,0,1
187748,455,298,0,0,1
187826,455,298,0,0,1
187904,455,275,0,0,1
187997,436,234,0,0,1
188075,430,228,0,0,1
188153,429,228,0,0,1
188231,407,243,0,0,1
188309,400,253,0,0,1
188387,401,254,0,0,1
188465,404,256,0,0,1
188543,427,253,0,0,1
188637,447,246,0,0,1
188715,457,237,0,0,1
188793,462,231,0,0,1
188871,463,231,0,0,1
188949,464,231,0,0,1
189027,464,231,0,0,1
189105,459,236,0,0,1
189183,452,247,0,0,1
189276,451,261,0,0,1
189354,451,262,0,0,1
189432,452,262,0,0,1
189510,452,262,1,0,1
189588,454,264,1,0,1
189666,458,266,1,0,1
189744,460,268,0,0,1
189838,461,269,0,0,1
189916,463,272,0,0,1
189994,470,283,1,0,1
190072,475,290,1,0,1
190150,480,296,0,0,1
190228,483,301,1,0,1
190306,487,308,1,0,1
190384,495,326,0,0,1
190478,499,337,0,0,1
190556,504,351,1,0,1
190634,506,363,1,0,1
190712,506,364,1,0,1
190790,503,384,0,0,1
190868,500,396,0,0,1
190946,500,396,1,0,1
191039,501,398,1,0,1
191117,501,398,1,0,1
191195,502,398,0,0,1
191273,502,398,0,0,1
191351,506,395,0,0,1
191429,510,388,0,0,1
191507,517,359,0,0,1
191585,518,342,0,0,1
191679,518,323,0,0,1
191757,518,302,0,0,1
191835,518,281,0,0,1
191913,519,255,0,0,1
191991,519,228,0,0,1
192069,521,206,0,0,1
192147,523,199,0,0,1
192241,531,191,0,0,1
192319,533,185,0,0,1
192397,522,164,0,0,1
192475,501,156,0,0,1
192553,437,152,0,0,1
192631,379,162,0,0,1
192709,306,186,0,0,1
192787,265,218,0,0,1
192880,244,268,0,0,1
192958,258,328,0,0,1
193036,280,364,0,0,1
193114,308,388,0,0,1
193192,336,400,0,0,1
193270,377,409,0,0,1
193348,418,412,0,0,1
193426,472,408,0,0,1
193520,518,394,0,0,1
193598,543,383,0,0,1
193676,558,375,0,0,1
193754,566,371,0,0,1
193832,570,366,0,0,1
193910,570,358,0,0,1
193988,553,322,0,0,1
194066,520,274,0,0,1
194159,445,237,0,0,1
194237,384,233,0,0,1
194315,340,239,0,0,1
194393,334,240,0,0,1
194471,325,234,0,0,1
194549,325,233,0,0,1
194627,325,233,0,0,1
194721,361,245,0,0,1
194799,399,255,0,0,1
194877,427,258,0,0,1
194955,456,256,0,0,1
195033,457,256,0,0,1
195111,458,257,0,0,1
195189,471,261,0,0,1
195267,491,266,0,0,1
195361,523,268,0,0,1
195439,549,270,0,0,1
195517,563,271,0,0,1
195595,563,271,0,0,1
195673,563,271,0,0,1
195751,563,271,0,0,1
195829,538,275,0,0,1
195907,491,281,0,0,1
196000,450,274,0,0,1
196078,422,270,0,0,1
196156,422,270,0,0,1
196234,413,277,0,0,1
196312,414,283,0,0,1
196390,414,289,0,0,1
196468,414,290,0,0,1
196546,413,293,0,0,1
196640,413,300,0,0,1
196718,413,306,0,0,1
196796,414,308,0,0,1
196874,414,308,0,0,1
196952,414,308,0,0,1
197030,414,308,0,0,1
197123,414,308,0,0,1
197201,409,312,0,0,1
197279,377,323,0,0,1
197357,365,326,0,0,1
197435,353,328,0,0,1
197513,330,331,0,0,1
197591,312,335,0,0,1
197669,299,337,0,0,1
197763,299,337,0,0,1
197841,285,339,0,0,1
197919,249,344,0,0,1
197997,249,344,0,0,1
198075,230,353,0,0,1
198153,215,367,0,0,1
198231,215,368,0,0,1
198309,216,374,0,0,1
198403,216,375,0,0,1
198481,217,377,0,0,1
198559,221,380,0,0,1
198637,238,382,0,0,1
198715,287,380,0,0,1
198793,316,375,0,0,1
198871,328,374,0,0,1
198964,358,376,0,0,1
199042,367,381,0,0,1
199120,384,399,0,0,1
199198,391,409,0,0,1
199276,393,413,0,0,1
199354,393,414,0,0,1
199432,396,416,0,0,1
199510,398,417,0,0,1
199604,399,418,0,0,1
199682,400,419,0,0,1
199760,406,420,0,0,1
199838,420,419,0,0,1
199916,421,419,0,0,1
199994,447,419,0,0,1
200072,456,418,0,0,1
200165,456,418,0,0,1
200243,458,417,0,0,1
200321,458,417,0,0,1
200399,458,417,0,0,1
200477,458,417,0,0,1
200555,458,417,0,0,1
200633,458,417,0,0,1
200711,445,405,0,0,1
200805,416,380,0,0,1
200883,399,366,0,0,1
200961,395,365,0,0,1
201039,395,365,0,0,1
201117,395,364,0,0,1
201195,394,348,0,0,1
201273,393,347,0,0,1
201351,393,347,0,0,1
201445,395,346,0,0,1
201523,419,345,0,0,1
201601,436,345,0,0,1
201679,455,346,0,0,1
201757,456,346,0,0,1
201835,456,346,0,0,1
201913,456,346,0,0,1
201991,456,346,0,0,1
202084,458,346,0,0,1
202162,458,346,0,0,1
202240,458,346,0,0,1
202318,458,341,0,0,1
202396,455,337,0,0,1
202474,453,337,0,0,1
202552,453,337,0,0,1
202630,453,337,0,0,1
202724,453,337,0,0,1
202802,453,337,0,0,1
202880,453,337,0,0,1
202958,453,337,0,0,1
203036,452,336,0,0,1
203114,427,331,0,0,1
203192,408,325,0,0,1
203285,401,322,0,0,1
203363,398,323,0,0,1
203441,377,331,0,0,1
203519,373,331,0,0,1
203597,373,331,0,0,1
203675,373,331,0,0,1
203753,373,331,0,0,1
203831,373,331,0,0,1
203925,373,331,0,0,1
204003,373,331,0,0,1
204081,373,331,0,0,1
204159,373,331,0,0,1
204237,373,331,0,0,1
204315,373,331,0,0,1
