31,315,179,0,0,1
109,315,179,0,0,1
171,315,179,0,0,1
249,315,179,0,0,1
312,319,187,0,0,1
390,389,243,0,0,1
452,457,297,0,0,1
530,507,337,0,0,1
592,523,341,0,0,1
655,539,343,0,0,1
733,539,341,0,0,1
795,539,337,0,0,1
873,535,325,0,0,1
936,531,319,0,0,1
1014,531,317,0,0,1
1092,531,317,0,0,1
1154,531,317,1,0,1
1232,533,321,1,0,1
1294,547,321,1,0,1
1357,559,321,1,0,1
1435,561,321,1,0,1
1497,561,321,1,0,1
1575,561,321,1,0,1
1638,563,321,1,0,1
1716,567,321,1,0,1
1778,571,321,1,0,1
1856,577,321,1,0,1
1918,579,321,1,0,1
1996,581,321,1,0,1
2059,583,323,1,0,1
2137,585,323,1,0,1
2199,585,323,1,0,1
2277,585,325,1,0,1
2340,585,327,1,0,1
2418,585,331,1,0,1
2480,587,335,1,0,1
2558,589,343,1,0,1
2620,597,345,1,0,1
2698,611,351,1,0,1
2761,617,353,1,0,1
2839,619,353,1,0,1
2901,637,357,0,0,1
2979,643,357,0,0,1
3042,649,359,0,0,1
3120,649,359,0,0,1
3182,651,359,0,0,1
3260,651,359,0,0,1
3322,655,359,0,0,1
3400,667,363,0,0,1
3463,675,363,0,0,1
3541,683,365,0,0,1
3603,687,365,0,0,1
3681,687,365,0,0,1
3744,687,365,0,0,1
3822,685,365,0,0,1
3884,677,365,0,0,1
3962,647,367,0,0,1
4024,621,361,0,0,1
4102,587,357,0,0,1
4165,543,353,0,0,1
4243,459,327,0,0,1
4305,393,293,0,0,1
4383,365,253,0,0,1
4446,357,241,0,0,1
4524,357,241,0,0,1
4586,357,241,0,0,1
4664,361,241,0,0,1
4726,365,241,0,0,1
4804,373,241,0,0,1
4867,377,241,0,0,1
4929,379,241,0,0,1
5007,379,243,0,0,1
5070,379,243,0,0,1
5148,379,245,0,0,1
5210,379,247,0,0,1
5288,379,247,0,0,1
5350,379,247,0,0,1
5428,379,249,0,0,1
5491,379,249,0,0,1
5569,379,255,0,0,1
5631,379,257,0,0,1
5709,379,259,0,0,1
5772,379,259,0,0,1
5850,379,259,0,0,1
5912,379,259,0,0,1
5990,379,259,0,0,1
6053,379,259,0,0,1
6131,379,259,0,0,1
6193,379,263,0,0,1
6271,379,265,0,0,1
6333,379,271,0,0,1
6411,379,275,0,0,1
6474,379,279,0,0,1
6552,377,281,0,0,1
6614,377,283,0,0,1
6692,373,283,0,0,1
6755,373,283,0,0,1
6833,371,285,0,0,1
6895,371,285,0,0,1
6973,371,283,0,0,1
7035,371,281,0,0,1
7113,371,281,0,0,1
7176,371,281,0,0,1
7254,371,285,0,0,1
7316,369,299,0,0,1
7394,369,299,0,0,1
7457,367,299,0,0,1
7535,367,299,0,0,1
7597,365,299,1,0,1
7675,361,299,1,0,1
7737,355,297,1,0,1
7815,347,293,1,0,1
7878,345,293,1,0,1
7956,345,293,1,0,1
8018,345,293,1,0,1
8096,351,293,1,0,1
8159,355,293,1,0,1
8237,357,293,0,0,1
8299,359,293,0,0,1
8377,367,301,0,0,1
8439,373,307,0,0,1
8517,375,309,0,0,1
8580,377,309,0,0,1
8658,379,311,0,0,1
8720,383,313,0,0,1
8783,399,317,0,0,1
8861,423,321,0,0,1
8923,441,321,0,0,1
9001,443,321,0,0,1
9063,443,321,0,0,1
9141,441,321,0,0,1
9204,437,319,0,0,1
9282,427,315,0,0,1
9344,423,313,0,0,1
9422,421,313,0,0,1
9485,421,313,0,0,1
9563,421,313,0,0,1
9625,421,313,0,0,1
9703,419,313,0,0,1
9765,419,313,0,0,1
9843,415,313,0,0,1
9906,409,315,0,0,1
9984,393,325,0,0,1
10046,383,329,0,0,1
10124,379,329,0,0,1
10187,379,329,0,0,1
10265,379,329,0,0,1
10327,379,329,0,0,1
10405,379,327,0,0,1
10467,379,327,0,0,1
10545,379,327,0,0,1
10608,379,327,0,0,1
10686,379,327,0,0,1
10748,379,327,0,0,1
10826,379,327,0,0,1
10889,379,327,0,0,1
10967,377,325,0,0,1
11029,377,323,0,0,1
11107,377,323,0,0,1
11169,377,323,0,0,1
11247,377,323,0,0,1
11310,377,323,0,0,1
11388,385,323,0,0,1
11450,399,323,0,0,1
11513,405,323,0,0,1
11591,405,323,0,0,1
11653,405,323,0,0,1
11731,403,327,0,0,1
11793,397,333,0,0,1
11871,397,333,0,0,1
11934,397,333,0,0,1
12012,397,335,0,0,1
12074,399,335,0,0,1
12152,395,341,0,0,1
12215,393,341,0,0,1
12293,391,345,0,0,1
12355,383,345,0,0,1
12433,381,349,0,0,1
12495,379,349,0,0,1
12573,371,353,0,0,1
12636,371,355,0,0,1
12714,371,355,0,0,1
12776,393,355,0,0,1
12854,421,355,0,0,1
12917,449,357,0,0,1
12995,467,357,0,0,1
13057,479,357,0,0,1
13135,485,355,0,0,1
13197,489,355,0,0,1
13275,493,355,1,0,1
13338,493,355,1,0,1
13416,493,355,1,0,1
13478,493,353,1,0,1
13556,493,351,1,0,1
13619,495,349,1,0,1
13697,497,347,1,0,1
13759,501,341,1,0,1
13837,507,337,1,0,1
13899,515,331,1,0,1
13977,515,331,1,0,1
14040,515,331,1,0,1
14118,515,333,1,0,1
14180,517,337,1,0,1
14258,521,343,1,0,1
14321,525,347,1,0,1
14399,525,347,0,0,1
14461,527,347,0,0,1
14539,465,327,0,0,1
14601,341,291,0,0,1
14664,243,257,0,0,1
14742,237,257,0,0,1
14804,245,259,0,0,1
14882,281,271,0,0,1
14945,305,279,0,0,1
15023,319,279,0,0,1
15085,321,279,0,0,1
15163,325,279,0,0,1
15225,325,275,0,0,1
15303,327,269,0,0,1
15366,329,267,0,0,1
15444,331,263,0,0,1
15522,331,257,0,0,1
15584,331,251,0,0,1
15662,333,247,0,0,1
15725,333,245,0,0,1
15803,337,245,0,0,1
15865,341,241,0,0,1
15943,353,237,0,0,1
16005,361,233,0,0,1
16083,373,227,0,0,1
16146,385,227,0,0,1
16224,389,225,0,0,1
16286,379,239,0,0,1
16364,329,281,0,0,1
16427,317,303,0,0,1
16505,311,309,0,0,1
16567,311,309,0,0,1
16645,309,309,0,0,1
16707,309,309,0,0,1
16785,309,309,0,0,1
16848,309,309,0,0,1
16926,309,309,0,0,1
16988,311,309,0,0,1
17066,313,309,0,0,1
17129,313,309,0,0,1
17207,313,309,0,0,1
17269,315,309,0,0,1
17347,315,309,0,0,1
17409,315,309,0,0,1
17487,315,309,0,0,1
17550,315,315,0,0,1
17628,317,321,0,0,1
17690,317,327,0,0,1
17768,317,329,0,0,1
17831,317,331,0,0,1
17893,321,331,0,0,1
17971,323,331,0,0,1
18033,323,331,0,0,1
18111,323,331,0,0,1
18174,323,331,0,0,1
18252,323,331,0,0,1
18314,323,331,0,0,1
18392,323,331,0,0,1
18455,323,329,0,0,1
18533,333,325,0,0,1
18595,381,285,0,0,1
18673,419,249,0,0,1
18735,427,241,0,0,1
18813,427,239,0,0,1
18876,425,239,0,0,1
18954,421,243,1,0,1
19016,419,247,1,0,1
19094,415,257,1,0,1
19157,409,259,1,0,1
19235,399,265,1,0,1
19297,397,265,1,0,1
19375,397,265,1,0,1
19437,397,261,1,0,1
19515,399,257,1,0,1
19578,401,257,1,0,1
19656,409,253,1,0,1
19718,415,247,1,0,1
19796,419,243,1,0,1
19859,421,239,1,0,1
19937,421,235,1,0,1
19999,421,235,1,0,1
20077,421,235,0,0,1
20139,421,235,0,0,1
20217,421,235,0,0,1
20280,421,235,0,0,1
20358,421,235,0,0,1
20420,421,235,0,0,1
20498,421,235,0,0,1
20561,421,235,0,0,1
20639,421,235,0,0,1
20701,421,235,0,0,1
20779,421,235,0,0,1
20841,421,239,0,0,1
20919,507,317,0,0,1
20982,653,415,0,0,1
21044,713,459,0,0,1
21122,713,459,0,0,1
21185,713,455,0,0,1
21263,711,453,0,0,1
21325,713,449,0,0,1
21403,719,445,0,0,1
21465,713,433,0,0,1
21543,709,423,0,0,1
21606,705,415,0,0,1
21684,699,401,0,0,1
21746,691,393,0,0,1
21824,683,383,0,0,1
21887,675,375,0,0,1
21965,671,369,0,0,1
22027,667,363,0,0,1
22105,665,361,1,0,1
22167,665,355,1,0,1
22245,665,343,1,0,1
22308,665,329,1,0,1
22386,665,317,1,0,1
22448,665,313,1,0,1
22526,665,313,1,0,1
22589,665,315,1,0,1
22667,665,315,1,0,1
22729,665,315,1,0,1
22807,657,309,1,0,1
22869,653,305,1,0,1
22947,643,295,1,0,1
23010,635,281,1,0,1
23088,619,255,1,0,1
23150,607,239,1,0,1
23228,603,229,1,0,1
23291,601,229,1,0,1
23369,599,227,1,0,1
23431,597,225,1,0,1
23509,595,225,1,0,1
23571,593,233,0,0,1
23649,535,305,0,0,1
23712,469,383,0,0,1
23790,459,389,0,0,1
23852,457,391,0,0,1
23930,453,397,0,0,1
23993,447,397,0,0,1
24071,447,397,0,0,1
24133,447,397,0,0,1
24211,445,395,0,0,1
24273,445,395,0,0,1
24351,443,395,0,0,1
24414,443,395,0,0,1
24492,441,395,0,0,1
24554,441,393,0,0,1
24632,439,393,0,0,1
24695,439,391,0,0,1
24773,439,387,0,0,1
24835,439,381,0,0,1
24913,441,379,0,0,1
24975,443,377,0,0,1
25053,445,371,0,0,1
25116,445,365,0,0,1
25178,447,361,0,0,1
25256,447,353,0,0,1
25319,449,349,0,0,1
25397,451,341,0,0,1
25475,455,333,0,0,1
25537,459,329,0,0,1
25599,459,325,0,0,1
25677,459,325,0,0,1
25740,459,325,0,0,1
25818,457,325,0,0,1
25880,457,325,0,0,1
25958,453,315,0,0,1
26021,449,307,0,0,1
26099,449,303,0,0,1
26161,445,299,0,0,1
26239,445,297,0,0,1
26301,443,295,0,0,1
26379,443,295,0,0,1
26442,443,295,0,0,1
26520,443,295,0,0,1
26582,443,293,0,0,1
26660,443,293,0,0,1
26723,443,293,0,0,1
26801,443,293,0,0,1
26863,443,289,0,0,1
26941,441,287,0,0,1
27003,441,285,0,0,1
27081,439,281,0,0,1
27144,437,281,0,0,1
27222,437,279,0,0,1
27284,431,279,0,0,1
27362,427,279,0,0,1
27425,423,281,0,0,1
27503,421,285,0,0,1
27565,417,285,0,0,1
27643,411,287,0,0,1
27705,409,289,0,0,1
27783,409,289,0,0,1
27846,409,291,0,0,1
27924,419,309,0,0,1
27986,433,329,0,0,1
28064,435,331,0,0,1
28127,437,333,0,0,1
28205,439,337,0,0,1
28267,439,341,0,0,1
28329,439,345,0,0,1
28407,435,345,0,0,1
28470,431,349,0,0,1
28548,427,357,0,0,1
28610,421,365,0,0,1
28688,419,365,0,0,1
28751,417,371,0,0,1
28829,415,375,0,0,1
28891,413,381,0,0,1
28969,409,385,0,0,1
29031,409,389,0,0,1
29109,409,399,0,0,1
29172,409,407,0,0,1
29250,409,415,0,0,1
29312,405,423,0,0,1
29390,399,433,0,0,1
29453,393,443,0,0,1
29531,389,451,0,0,1
29593,387,451,0,0,1
29671,381,405,0,0,1
29733,367,305,0,0,1
29811,355,227,0,0,1
29874,355,177,0,0,1
29952,351,159,0,0,1
30014,347,163,0,0,1
30092,335,179,0,0,1
30155,333,181,0,0,1
30233,331,181,0,0,1
30295,331,179,0,0,1
30373,331,187,0,0,1
30435,343,201,0,0,1
30513,417,273,0,0,1
30576,543,359,0,0,1
30654,599,395,0,0,1
30716,607,405,0,0,1
30794,595,399,0,0,1
30857,553,385,0,0,1
30935,543,383,0,0,1
30997,527,371,0,0,1
31075,519,371,0,0,1
31137,507,375,0,0,1
31200,499,375,0,0,1
31278,499,375,0,0,1
31340,499,375,0,0,1
31418,499,375,0,0,1
31481,485,369,0,0,1
31559,391,327,0,0,1
31621,359,309,0,0,1
31699,349,307,0,0,1
31761,349,307,0,0,1
31839,349,307,0,0,1
31902,349,309,0,0,1
31980,349,315,0,0,1
32042,349,319,0,0,1
32120,349,329,0,0,1
32183,347,329,0,0,1
32261,347,329,0,0,1
32339,347,335,0,0,1
32401,353,345,0,0,1
32479,353,347,0,0,1
32541,353,347,0,0,1
32604,353,347,0,0,1
32682,355,347,0,0,1
32744,361,351,0,0,1
32822,365,353,0,0,1
32885,365,353,0,0,1
32963,365,353,0,0,1
33025,353,349,0,0,1
33103,309,329,0,0,1
33165,285,327,0,0,1
33243,271,327,0,0,1
33306,267,327,0,0,1
33384,267,325,0,0,1
33446,273,321,0,0,1
33524,275,319,0,0,1
33587,277,315,0,0,1
33665,277,315,0,0,1
33727,279,315,0,0,1
33805,285,313,0,0,1
33867,289,311,0,0,1
33945,291,311,0,0,1
34008,291,311,0,0,1
34086,291,311,0,0,1
34148,293,311,0,0,1
34226,293,313,0,0,1
34289,299,319,0,0,1
34367,367,355,0,0,1
34429,477,387,0,0,1
34507,501,393,0,0,1
34569,501,389,0,0,1
34647,501,385,0,0,1
34710,503,379,0,0,1
34788,503,375,0,0,1
34850,503,371,0,0,1
34928,503,363,0,0,1
34991,503,357,0,0,1
35069,503,353,0,0,1
35131,507,351,0,0,1
35209,515,345,0,0,1
35271,519,341,0,0,1
35349,525,339,0,0,1
35412,529,339,0,0,1
35490,531,337,0,0,1
35552,535,335,0,0,1
35630,537,335,0,0,1
35693,537,335,0,0,1
35771,537,333,0,0,1
35833,539,333,0,0,1
35911,539,331,0,0,1
35973,541,329,0,0,1
36036,541,327,0,0,1
36114,541,327,0,0,1
36176,543,325,0,0,1
36254,545,323,0,0,1
36317,547,321,0,0,1
36395,549,319,0,0,1
36457,553,313,0,0,1
36535,555,311,0,0,1
36597,557,309,0,0,1
36675,557,307,0,0,1
36738,561,305,0,0,1
36816,563,305,0,0,1
36878,563,301,0,0,1
36956,563,297,0,0,1
37019,563,293,0,0,1
37097,563,293,0,0,1
37159,563,293,0,0,1
37237,563,293,0,0,1
37300,563,293,0,0,1
37378,563,293,0,0,1
37440,563,291,0,0,1
37518,557,285,0,0,1
37580,553,285,0,0,1
37658,553,281,0,0,1
37721,553,279,0,0,1
37799,555,277,0,0,1
37861,555,275,0,0,1
37939,559,273,0,0,1
38002,567,269,0,0,1
38080,603,257,0,0,1
38142,633,241,0,0,1
38220,641,235,0,0,1
38282,641,235,0,0,1
38360,641,235,0,0,1
38423,637,233,0,0,1
38501,631,229,0,0,1
38563,623,227,0,0,1
38641,615,225,0,0,1
38704,611,225,0,0,1
38782,607,225,0,0,1
38844,603,225,0,0,1
38922,599,225,0,0,1
38984,595,225,0,0,1
39062,583,223,0,0,1
39125,569,219,0,0,1
39203,561,217,0,0,1
39265,559,215,0,0,1
39343,555,215,0,0,1
39406,551,215,0,0,1
39484,539,217,0,0,1
39546,445,229,0,0,1
39624,301,241,0,0,1
39686,261,251,0,0,1
39764,253,251,0,0,1
39827,253,255,0,0,1
39905,253,255,0,0,1
39967,269,259,0,0,1
40045,279,259,0,0,1
40108,285,259,0,0,1
40186,287,259,0,0,1
40248,291,261,0,0,1
40326,291,261,0,0,1
40388,291,261,0,0,1
40466,293,263,0,0,1
40529,293,265,0,0,1
40607,293,265,0,0,1
40669,293,265,0,0,1
40747,293,267,0,0,1
40810,305,269,0,0,1
40888,371,249,0,0,1
40950,443,211,0,0,1
41028,459,199,0,0,1
41090,459,199,0,0,1
41168,459,199,0,0,1
41231,443,201,0,0,1
41293,435,201,0,0,1
41371,425,205,0,0,1
41434,419,209,0,0,1
41512,409,217,0,0,1
41574,401,223,0,0,1
41652,397,225,0,0,1
41714,393,227,0,0,1
41792,391,227,0,0,1
41855,389,227,0,0,1
41933,385,227,0,0,1
41995,377,229,0,0,1
42073,371,231,0,0,1
42136,365,233,0,0,1
42214,363,233,0,0,1
42276,363,235,0,0,1
42354,361,241,0,0,1
42416,361,245,0,0,1
42494,361,245,0,0,1
42557,359,247,0,0,1
42635,357,247,0,0,1
42697,353,247,0,0,1
42775,349,247,0,0,1
42838,347,247,0,0,1
42916,343,247,0,0,1
42978,339,249,0,0,1
43056,329,255,0,0,1
43118,321,259,0,0,1
43196,319,261,0,0,1
43259,319,263,0,0,1
43337,325,263,0,0,1
43399,335,267,0,0,1
43477,335,267,0,0,1
43540,335,269,0,0,1
43618,335,271,0,0,1
43680,329,273,0,0,1
43758,327,275,0,0,1
43820,321,275,0,0,1
43898,315,275,0,0,1
43961,309,275,0,0,1
44039,303,275,0,0,1
44101,299,275,0,0,1
44179,297,277,0,0,1
44242,293,275,0,0,1
44320,289,275,0,0,1
44382,287,277,0,0,1
44460,283,277,0,0,1
44522,277,283,0,0,1
44600,271,287,0,0,1
44663,267,287,0,0,1
44741,267,289,0,0,1
44803,263,289,0,0,1
44881,261,289,0,0,1
44944,259,289,0,0,1
45022,257,289,0,0,1
45084,257,289,0,0,1
45162,257,289,0,0,1
45224,255,289,0,0,1
45302,255,285,0,0,1
45365,265,269,0,0,1
45443,273,259,0,0,1
45505,277,259,0,0,1
45568,277,259,0,0,1
45646,277,261,0,0,1
45724,277,261,0,0,1
45786,277,261,0,0,1
45864,275,261,0,0,1
45926,273,263,0,0,1
46004,273,263,0,0,1
46067,273,263,0,0,1
46145,273,263,0,0,1
46207,273,263,0,0,1
46270,273,263,0,0,1
46348,271,263,0,0,1
46410,271,263,0,0,1
46488,271,263,0,0,1
46550,271,263,0,0,1
46628,271,261,0,0,1
46691,271,261,0,0,1
46769,271,261,0,0,1
46831,273,261,0,0,1
46909,273,261,0,0,1
46972,271,259,0,0,1
47050,271,255,0,0,1
47112,271,255,0,0,1
47190,271,255,0,0,1
47252,271,253,0,0,1
47330,273,253,0,0,1
47393,281,253,0,0,1
47471,283,253,0,0,1
47533,283,251,0,0,1
47611,285,251,0,0,1
47674,285,251,0,0,1
47752,289,251,0,0,1
47814,347,263,0,0,1
47892,415,263,0,0,1
47954,435,263,0,0,1
48032,443,263,0,0,1
48095,451,263,0,0,1
48173,465,263,0,0,1
48235,475,261,0,0,1
48313,477,261,0,0,1
48376,477,261,0,0,1
48454,471,261,0,0,1
48516,467,267,0,0,1
48594,467,269,0,0,1
48656,467,269,0,0,1
48734,467,269,0,0,1
48797,467,267,0,0,1
48875,467,267,0,0,1
48937,467,267,0,0,1
49015,469,267,0,0,1
49078,471,267,0,0,1
49156,471,267,0,0,1
49218,473,267,0,0,1
49296,473,269,0,0,1
49358,475,269,0,0,1
49436,477,271,0,0,1
49499,481,273,0,0,1
49577,485,281,0,0,1
49639,485,283,0,0,1
49717,485,285,0,0,1
49780,483,285,0,0,1
49858,477,289,0,0,1
49920,461,289,0,0,1
49998,453,293,0,0,1
50060,453,293,0,0,1
50138,483,283,0,0,1
50201,583,249,0,0,1
50279,659,201,0,0,1
50341,677,173,0,0,1
50419,679,169,0,0,1
50482,681,167,0,0,1
50560,683,165,0,0,1
50622,693,163,0,0,1
50700,695,161,0,0,1
50762,695,161,0,0,1
50840,695,161,1,0,1
50903,697,161,1,0,1
50981,699,159,1,0,1
51043,701,159,1,0,1
51121,703,159,1,0,1
51184,703,159,1,0,1
51262,707,159,1,0,1
51324,707,159,1,0,1
51402,707,157,1,0,1
51464,707,157,1,0,1
51527,707,155,1,0,1
51605,695,149,1,0,1
51667,673,141,1,0,1
51745,661,133,1,0,1
51808,655,131,1,0,1
51886,653,131,1,0,1
51948,653,131,1,0,1
52026,653,131,1,0,1
52088,651,131,1,0,1
52166,651,131,1,0,1
52229,651,131,0,0,1
52307,651,131,0,0,1
52369,651,129,0,0,1
52447,645,129,0,0,1
52510,629,127,0,0,1
52588,577,149,0,0,1
52650,469,201,0,0,1
52728,405,233,0,0,1
52790,401,237,0,0,1
52868,393,251,0,0,1
52931,377,263,0,0,1
53009,367,273,0,0,1
53071,365,277,0,0,1
53149,365,281,0,0,1
53212,365,289,0,0,1
53290,367,293,0,0,1
53352,367,293,0,0,1
53430,367,293,0,0,1
53492,367,293,0,0,1
53570,367,293,0,0,1
53633,367,295,0,0,1
53711,367,295,0,0,1
53773,367,295,0,0,1
53851,367,295,0,0,1
53914,367,295,0,0,1
53992,367,295,0,0,1
54054,367,295,0,0,1
54132,365,295,0,0,1
54194,363,295,0,0,1
54272,363,295,0,0,1
54335,361,295,0,0,1
54413,361,295,0,0,1
54475,361,295,0,0,1
54553,361,293,0,0,1
54616,359,293,0,0,1
54678,359,293,0,0,1
54756,359,291,0,0,1
54818,357,289,0,0,1
54896,349,285,0,0,1
54959,327,269,0,0,1
55037,291,251,0,0,1
55099,275,249,0,0,1
55177,267,247,0,0,1
55240,265,247,0,0,1
55318,261,249,0,0,1
55380,253,251,0,0,1
55458,249,251,0,0,1
55520,249,251,0,0,1
55598,249,251,0,0,1
55661,245,255,0,0,1
55739,243,255,0,0,1
55801,241,255,0,0,1
55879,241,255,0,0,1
55942,241,255,0,0,1
56020,241,255,0,0,1
56082,241,255,0,0,1
56160,239,259,0,0,1
56222,239,259,0,0,1
56300,239,263,0,0,1
56363,239,263,0,0,1
56441,241,265,0,0,1
56503,241,265,0,0,1
56581,241,265,0,0,1
56644,241,265,0,0,1
56722,241,265,0,0,1
56784,241,265,0,0,1
56862,241,265,0,0,1
56924,241,265,0,0,1
57002,215,263,0,0,1
57065,165,261,0,0,1
57143,127,267,0,0,1
57205,115,271,0,0,1
57283,113,271,0,0,1
57346,113,271,0,0,1
57424,113,271,0,0,1
57486,113,271,0,0,1
57564,113,271,0,0,1
57626,115,271,0,0,1
57704,117,275,0,0,1
57767,117,275,0,0,1
57845,121,275,0,0,1
57907,121,275,0,0,1
57985,121,275,0,0,1
58048,125,273,0,0,1
58126,125,273,0,0,1
58188,125,273,0,0,1
58250,125,273,0,0,1
58328,127,273,0,0,1
58391,127,273,0,0,1
58469,131,273,0,0,1
58531,133,271,0,0,1
58609,135,271,0,0,1
58672,137,271,0,0,1
58750,137,271,0,0,1
58812,139,271,0,0,1
58890,139,269,0,0,1
58952,139,267,0,0,1
59030,141,263,0,0,1
59093,141,261,0,0,1
59171,145,251,0,0,1
59233,147,249,0,0,1
59311,151,247,0,0,1
59374,155,245,0,0,1
59452,175,245,0,0,1
59514,247,249,0,0,1
59592,311,253,0,0,1
59654,327,253,0,0,1
59732,335,247,0,0,1
59795,349,247,0,0,1
59873,367,243,0,0,1
59935,385,241,0,0,1
60013,401,237,0,0,1
60076,411,237,0,0,1
60154,423,235,0,0,1
60216,439,235,0,0,1
60294,447,235,0,0,1
60356,411,247,0,0,1
60434,307,283,0,0,1
60497,239,293,0,0,1
60575,229,295,0,0,1
60637,227,295,0,0,1
60715,237,315,0,0,1
60778,247,321,0,0,1
60856,247,321,0,0,1
60918,249,321,0,0,1
60980,251,321,0,0,1
61058,255,321,0,0,1
61121,261,321,0,0,1
61199,265,321,0,0,1
61261,267,323,0,0,1
61339,269,323,0,0,1
61402,269,323,0,0,1
61480,269,323,0,0,1
61542,269,323,0,0,1
61620,271,323,0,0,1
61682,289,323,0,0,1
61760,345,313,0,0,1
61823,407,275,0,0,1
61901,479,223,0,0,1
61963,543,173,0,0,1
62041,569,149,0,0,1
62104,579,135,0,0,1
62182,583,129,0,0,1
62244,585,129,0,0,1
62322,585,147,0,0,1
62384,583,159,0,0,1
62462,579,165,0,0,1
62525,577,167,0,0,1
62603,575,173,0,0,1
62665,575,173,0,0,1
62743,575,173,0,0,1
62806,577,175,0,0,1
62884,579,175,0,0,1
62946,581,175,0,0,1
63024,585,179,0,0,1
63086,585,181,0,0,1
63164,585,183,0,0,1
63227,589,185,0,0,1
63305,593,193,0,0,1
63367,589,191,0,0,1
63445,575,191,0,0,1
63508,567,191,0,0,1
63586,559,191,0,0,1
63648,545,191,0,0,1
63710,543,191,0,0,1
63788,549,191,0,0,1
63851,557,197,0,0,1
63929,557,197,0,0,1
63991,557,197,0,0,1
64069,559,197,0,0,1
64132,561,201,0,0,1
64210,565,203,0,0,1
64272,565,207,0,0,1
64350,567,209,0,0,1
64428,569,209,0,0,1
64490,569,211,0,0,1
64568,569,211,0,0,1
64631,569,213,0,0,1
64709,569,215,0,0,1
64771,569,217,0,0,1
64834,569,219,0,0,1
64912,569,221,0,0,1
64974,569,223,0,0,1
65052,569,225,0,0,1
65114,571,225,0,0,1
65192,583,209,0,0,1
65255,591,195,0,0,1
65333,595,191,0,0,1
65395,597,191,0,0,1
65473,599,191,0,0,1
65536,599,191,0,0,1
65614,601,191,0,0,1
65676,603,193,0,0,1
65754,603,195,0,0,1
65816,603,197,0,0,1
65894,603,197,0,0,1
65957,603,197,0,0,1
66035,603,199,0,0,1
66097,605,199,0,0,1
66175,605,203,0,0,1
66238,607,207,0,0,1
66316,609,209,0,0,1
66378,611,211,0,0,1
66456,613,215,0,0,1
66518,615,219,0,0,1
66596,617,221,0,0,1
66659,617,223,0,0,1
66737,617,231,0,0,1
66799,619,259,0,0,1
66877,579,335,0,0,1
66940,547,371,0,0,1
67018,543,371,0,0,1
67080,541,367,0,0,1
67158,537,363,0,0,1
67220,535,363,0,0,1
67298,535,365,0,0,1
67361,533,369,0,0,1
67439,527,369,0,0,1
67501,515,373,0,0,1
67579,501,377,0,0,1
67642,489,377,0,0,1
67720,485,375,0,0,1
67782,485,371,0,0,1
67860,485,367,0,0,1
67923,483,363,0,0,1
67985,483,363,0,0,1
68063,483,363,0,0,1
68125,483,363,0,0,1
68203,483,363,0,0,1
68266,483,363,0,0,1
68344,483,365,0,0,1
68406,483,365,0,0,1
68484,483,367,0,0,1
68547,483,367,0,0,1
68625,491,369,0,0,1
68687,521,369,0,0,1
68765,529,369,0,0,1
68827,537,369,0,0,1
68905,537,371,0,0,1
68968,537,373,0,0,1
69046,535,373,0,0,1
69108,533,375,0,0,1
69186,533,375,0,0,1
69249,535,375,0,0,1
69327,535,375,0,0,1
69389,535,375,0,0,1
69467,535,377,0,0,1
69529,535,379,0,0,1
69607,535,381,0,0,1
69670,533,381,0,0,1
69748,533,381,0,0,1
69810,533,385,0,0,1
69888,533,387,0,0,1
69951,531,389,0,0,1
70029,531,393,0,0,1
70091,531,399,0,0,1
70169,531,401,0,0,1
70231,531,405,0,0,1
70309,531,405,0,0,1
70372,531,409,0,0,1
70450,533,413,0,0,1
70512,533,415,0,0,1
70590,533,415,0,0,1
70653,533,415,0,0,1
70731,521,413,0,0,1
70793,441,367,0,0,1
70871,235,307,0,0,1
70933,175,287,0,0,1
71011,167,281,0,0,1
71074,159,271,0,0,1
71152,155,269,0,0,1
71214,155,269,0,0,1
71292,159,277,0,0,1
71355,173,299,0,0,1
71417,183,311,0,0,1
71495,185,313,0,0,1
71557,189,313,0,0,1
71635,195,315,0,0,1
71698,203,315,0,0,1
71776,213,317,0,0,1
71838,219,317,0,0,1
71916,227,317,0,0,1
71979,231,317,0,0,1
72057,237,317,0,0,1
72119,243,317,0,0,1
72197,247,317,0,0,1
72259,253,317,0,0,1
72337,261,321,0,0,1
72400,285,329,0,0,1
72478,331,341,0,0,1
72540,423,359,0,0,1
72618,525,373,0,0,1
72681,577,385,0,0,1
72759,597,389,0,0,1
72821,601,391,0,0,1
72899,609,399,0,0,1
72961,621,411,0,0,1
73039,623,415,0,0,1
73102,625,417,0,0,1
73180,627,421,0,0,1
73242,629,427,0,0,1
73320,631,429,0,0,1
73383,633,433,0,0,1
73461,637,435,0,0,1
73523,641,441,0,0,1
73601,649,447,0,0,1
73663,651,451,0,0,1
73741,651,451,0,0,1
73804,651,451,0,0,1
73882,653,449,0,0,1
73944,657,427,0,0,1
74022,657,403,0,0,1
74085,647,393,0,0,1
74163,643,391,0,0,1
74225,637,389,0,0,1
74287,635,389,0,0,1
74365,631,389,0,0,1
74443,631,389,0,0,1
74506,629,389,0,0,1
74584,625,385,0,0,1
74646,621,381,0,0,1
74724,619,381,1,0,1
74787,617,381,1,0,1
74865,611,381,1,0,1
74927,603,381,1,0,1
75005,601,381,1,0,1
75067,595,381,1,0,1
75145,587,379,1,0,1
75208,577,379,1,0,1
75286,577,375,1,0,1
75348,593,373,1,0,1
75426,595,369,1,0,1
75489,595,369,1,0,1
75567,597,369,1,0,1
75629,597,369,1,0,1
75707,595,369,1,0,1
75769,591,369,1,0,1
75847,591,369,1,0,1
75910,589,369,1,0,1
75988,587,367,1,0,1
76050,581,367,1,0,1
76128,575,365,1,0,1
76191,569,363,1,0,1
76269,563,359,1,0,1
76331,559,359,1,0,1
76409,557,355,0,0,1
76471,557,355,0,0,1
76549,557,355,0,0,1
76612,557,355,0,0,1
76674,557,355,0,0,1
76752,557,355,0,0,1
76815,557,355,0,0,1
76893,555,355,0,0,1
76955,551,355,0,0,1
77033,549,355,0,0,1
77095,547,355,0,0,1
77173,543,337,0,0,1
77236,541,297,0,0,1
77314,535,287,0,0,1
77376,521,279,0,0,1
77454,513,275,0,0,1
77517,511,273,0,0,1
77595,511,273,0,0,1
77657,515,271,0,0,1
77735,555,291,0,0,1
77797,587,311,0,0,1
77875,593,319,0,0,1
77938,593,323,0,0,1
78016,589,325,0,0,1
78078,579,331,0,0,1
78156,571,335,0,0,1
78219,557,347,0,0,1
78297,547,349,0,0,1
78359,533,359,0,0,1
78437,527,365,0,0,1
78499,521,371,0,0,1
78577,511,379,0,0,1
78640,497,389,0,0,1
78718,489,395,0,0,1
78780,483,401,0,0,1
78858,475,407,0,0,1
78921,463,419,0,0,1
78999,451,433,0,0,1
79061,435,443,0,0,1
79139,431,443,0,0,1
79201,429,443,0,0,1
79279,425,429,0,0,1
79342,417,403,0,0,1
79420,413,359,0,0,1
79482,431,325,0,0,1
79560,441,305,0,0,1
79623,443,303,0,0,1
79701,425,299,0,0,1
79763,405,295,0,0,1
79841,399,295,0,0,1
79903,395,301,0,0,1
79981,389,305,0,0,1
80044,381,311,0,0,1
80122,373,317,0,0,1
80184,365,323,0,0,1
80247,355,331,0,0,1
80325,345,337,0,0,1
80387,337,343,0,0,1
80465,327,351,0,0,1
80527,323,355,0,0,1
80605,319,357,0,0,1
80668,313,365,0,0,1
80746,309,369,0,0,1
80808,301,373,0,0,1
80886,287,383,0,0,1
80949,277,389,0,0,1
81027,263,393,0,0,1
81089,249,395,0,0,1
81167,245,397,0,0,1
81229,241,397,0,0,1
81307,235,397,0,0,1
81370,229,397,0,0,1
81448,221,395,0,0,1
81510,209,395,0,0,1
81588,195,395,0,0,1
81651,189,393,0,0,1
81729,187,393,0,0,1
81791,181,383,0,0,1
81869,183,365,0,0,1
81931,203,343,0,0,1
82009,221,333,0,0,1
82072,229,333,0,0,1
82150,235,333,0,0,1
82212,239,333,0,0,1
82290,249,337,0,0,1
82353,271,341,0,0,1
82431,285,343,0,0,1
82493,295,343,0,0,1
82571,307,343,0,0,1
82633,315,343,0,0,1
82711,325,349,0,0,1
82774,335,353,0,0,1
82852,341,355,0,0,1
82914,347,359,0,0,1
82992,357,363,0,0,1
83055,363,367,0,0,1
83133,373,369,0,0,1
83195,389,369,0,0,1
83273,403,363,0,0,1
83335,417,357,0,0,1
83413,429,349,0,0,1
83476,437,341,0,0,1
83554,439,335,0,0,1
83616,441,329,0,0,1
83694,443,325,0,0,1
83757,447,323,0,0,1
83835,451,323,0,0,1
83897,453,323,0,0,1
83975,453,323,0,0,1
84037,453,323,0,0,1
84115,451,323,0,0,1
84178,447,323,0,0,1
84256,445,321,0,0,1
84318,443,319,0,0,1
84396,437,317,0,0,1
84459,437,317,0,0,1
84537,433,315,0,0,1
84599,433,315,0,0,1
84677,433,315,0,0,1
84739,433,315,0,0,1
84817,435,315,0,0,1
84880,453,305,0,0,1
84958,473,291,0,0,1
85020,485,273,0,0,1
85098,505,247,0,0,1
85161,521,233,0,0,1
85223,529,223,0,0,1
85301,529,223,0,0,1
85363,527,223,0,0,1
85441,527,223,0,0,1
85504,529,231,0,0,1
85582,503,257,0,0,1
85644,467,281,0,0,1
85722,443,291,0,0,1
85785,425,297,0,0,1
85863,417,303,0,0,1
85925,417,311,0,0,1
86003,423,313,0,0,1
86065,441,319,0,0,1
86143,455,327,0,0,1
86206,473,339,0,0,1
86284,493,357,0,0,1
86346,513,367,0,0,1
86424,533,371,0,0,1
86487,557,361,0,0,1
86565,577,347,0,0,1
86627,585,339,0,0,1
86705,585,339,0,0,1
86767,585,343,0,0,1
86845,585,345,0,0,1
86908,581,345,0,0,1
86986,573,343,0,0,1
87048,565,339,0,0,1
87126,553,335,0,0,1
87189,549,335,0,0,1
87267,545,335,0,0,1
87329,539,335,0,0,1
87407,533,335,0,0,1
87469,521,337,0,0,1
87547,513,339,0,0,1
87610,505,339,0,0,1
87688,499,345,0,0,1
87750,491,357,0,0,1
87828,491,361,0,0,1
87891,489,361,0,0,1
87969,485,361,0,0,1
88031,485,361,0,0,1
88109,483,363,0,0,1
88171,475,363,0,0,1
88249,455,363,0,0,1
88312,445,363,0,0,1
88390,437,363,0,0,1
88452,435,363,0,0,1
88530,431,363,0,0,1
88593,429,361,0,0,1
88655,425,357,0,0,1
88733,421,353,0,0,1
88795,419,353,0,0,1
88873,417,351,0,0,1
88936,417,351,0,0,1
89014,411,351,0,0,1
89076,409,349,0,0,1
89154,405,347,0,0,1
89217,405,345,0,0,1
89295,401,345,0,0,1
89357,397,341,0,0,1
89435,387,337,0,0,1
89497,383,337,0,0,1
89575,379,335,0,0,1
89638,377,335,0,0,1
89716,377,335,0,0,1
89778,377,335,0,0,1
89856,377,335,0,0,1
89919,377,337,0,0,1
89997,381,337,0,0,1
90059,401,337,0,0,1
90137,445,337,0,0,1
90199,473,339,0,0,1
90277,487,343,0,0,1
90340,499,347,0,0,1
90418,501,349,0,0,1
90480,499,349,0,0,1
90558,479,347,0,0,1
90621,445,343,0,0,1
90699,399,339,0,0,1
90761,377,337,0,0,1
90839,367,337,0,0,1
90901,361,337,0,0,1
90979,359,337,0,0,1
91042,359,337,0,0,1
91120,359,337,0,0,1
91182,359,337,0,0,1
91260,359,335,0,0,1
91323,359,335,0,0,1
91401,359,335,0,0,1
91463,359,335,0,0,1
91541,359,335,0,0,1
91603,359,335,0,0,1
91681,359,335,0,0,1
91744,359,335,0,0,1
91822,359,335,0,0,1
91884,359,335,0,0,1
91962,359,335,0,0,1
92025,359,335,0,0,1
92103,359,337,0,0,1
92165,359,339,0,0,1
92243,355,343,0,0,1
92305,341,359,0,0,1
92383,323,371,0,0,1
92446,309,375,0,0,1
92524,299,383,0,0,1
92586,297,387,0,0,1
92664,299,395,0,0,1
92727,319,405,0,0,1
92805,345,411,0,0,1
92867,367,411,0,0,1
92929,389,413,0,0,1
93007,415,413,0,0,1
93070,435,413,0,0,1
93148,455,415,0,0,1
93210,475,415,0,0,1
93288,493,419,0,0,1
93351,509,421,0,0,1
93429,525,423,0,0,1
93491,539,423,0,0,1
93569,551,421,0,0,1
93631,567,421,0,0,1
93709,583,415,0,0,1
93772,601,409,0,0,1
93850,613,403,0,0,1
93912,619,397,0,0,1
93990,623,387,0,0,1
94053,621,379,0,0,1
94131,607,363,0,0,1
94193,575,333,0,0,1
94271,553,311,0,0,1
94333,537,301,0,0,1
94411,533,297,0,0,1
94474,531,295,0,0,1
94552,529,291,0,0,1
94614,527,287,0,0,1
94692,523,283,0,0,1
94755,523,283,0,0,1
94833,523,283,0,0,1
94895,523,283,0,0,1
94973,523,283,0,0,1
95035,523,283,0,0,1
95113,525,287,0,0,1
95176,531,295,0,0,1
95254,537,303,0,0,1
95316,541,309,0,0,1
95394,545,317,0,0,1
95457,551,327,0,0,1
95535,557,341,0,0,1
95597,557,345,0,0,1
95675,559,353,0,0,1
95737,561,359,0,0,1
95815,561,363,0,0,1
95878,561,367,0,0,1
95956,561,367,0,0,1
96018,561,371,0,0,1
96096,559,375,0,0,1
96159,559,381,0,0,1
96237,559,381,0,0,1
96299,559,381,0,0,1
96377,561,381,0,0,1
96439,561,381,0,0,1
96517,557,369,0,0,1
96580,531,335,0,0,1
96658,513,313,0,0,1
96720,503,297,0,0,1
96798,499,295,0,0,1
96861,501,295,0,0,1
96939,509,301,0,0,1
97001,519,319,0,0,1
97063,531,335,0,0,1
97141,539,349,0,0,1
97204,549,363,0,0,1
97282,551,367,0,0,1
97344,553,371,0,0,1
97422,553,371,0,0,1
97485,553,371,0,0,1
97563,553,371,1,0,1
97625,553,371,1,0,1
97703,553,371,0,0,1
97765,551,371,0,0,1
97843,551,371,0,0,1
97906,549,371,0,0,1
97984,547,377,0,0,1
98046,535,383,0,0,1
98124,515,397,0,0,1
98187,503,399,0,0,1
98265,485,401,0,0,1
98327,463,397,0,0,1
98405,449,395,0,0,1
98467,441,395,0,0,1
98545,441,397,0,0,1
98608,441,407,0,0,1
98686,449,429,0,0,1
98748,451,435,0,0,1
98826,451,435,0,0,1
98889,453,435,0,0,1
98967,465,435,0,0,1
99029,493,431,0,0,1
99107,513,421,0,0,1
99170,525,413,0,0,1
99248,535,407,0,0,1
99310,549,403,0,0,1
99388,553,401,0,0,1
99450,551,393,0,0,1
99528,545,385,0,0,1
99591,539,383,0,0,1
99669,531,381,0,0,1
99731,525,379,0,0,1
99809,521,379,0,0,1
99872,519,377,0,0,1
99950,513,377,0,0,1
100012,509,373,0,0,1
100090,507,369,0,0,1
100152,501,369,0,0,1
100230,499,369,0,0,1
100293,499,369,0,0,1
100371,497,365,0,0,1
100433,495,361,0,0,1
100511,489,353,0,0,1
100574,485,343,0,0,1
100652,473,327,0,0,1
100714,463,309,0,0,1
100792,455,287,0,0,1
100854,449,265,0,0,1
100917,443,243,0,0,1
100995,443,227,0,0,1
101057,443,213,0,0,1
101135,445,183,0,0,1
101198,445,165,0,0,1
101276,445,155,0,0,1
101338,443,153,0,0,1
101416,427,159,0,0,1
101478,413,165,0,0,1
101556,411,167,0,0,1
101619,407,173,0,0,1
101697,401,185,0,0,1
101759,401,209,0,0,1
101837,399,213,0,0,1
101900,391,185,0,0,1
101978,379,145,0,0,1
102040,379,137,0,0,1
102118,375,131,0,0,1
102180,375,131,0,0,1
102258,371,131,0,0,1
102321,369,131,0,0,1
102399,367,141,0,0,1
102461,365,151,0,0,1
102539,365,171,0,0,1
102602,361,187,0,0,1
102680,351,207,0,0,1
102742,345,227,0,0,1
102820,339,259,0,0,1
102882,339,293,0,0,1
102960,341,301,0,0,1
103023,341,301,0,0,1
103101,341,303,0,0,1
103163,339,315,0,0,1
103241,335,327,0,0,1
103304,331,335,0,0,1
103382,329,337,0,0,1
103444,329,339,0,0,1
103522,327,343,0,0,1
103584,327,345,0,0,1
103647,329,351,0,0,1
103725,333,351,0,0,1
103787,335,345,0,0,1
103865,337,341,0,0,1
103928,337,341,0,0,1
104006,337,341,0,0,1
104068,339,341,0,0,1
104146,347,349,0,0,1
104208,351,349,0,0,1
104286,357,343,0,0,1
104349,393,295,0,0,1
104427,421,241,0,0,1
104489,435,217,0,0,1
104567,439,207,0,0,1
104630,443,205,0,0,1
104708,443,205,0,0,1
104770,435,207,0,0,1
104848,423,213,0,0,1
104910,417,219,0,0,1
104988,417,219,0,0,1
105051,417,219,0,0,1
105129,417,221,0,0,1
105191,413,229,0,0,1
105269,409,235,0,0,1
105332,407,241,0,0,1
105410,407,243,0,0,1
105472,405,247,0,0,1
105550,403,251,0,0,1
105612,403,253,0,0,1
105690,403,255,0,0,1
105753,401,257,0,0,1
105831,401,261,0,0,1
105893,403,263,0,0,1
105971,405,261,0,0,1
106034,409,259,0,0,1
106112,409,259,0,0,1
106174,409,257,0,0,1
106252,409,257,0,0,1
106314,411,253,0,0,1
106392,413,251,0,0,1
106455,409,249,0,0,1
106517,403,253,0,0,1
106595,395,259,0,0,1
106673,389,265,0,0,1
106736,383,269,0,0,1
106798,379,275,0,0,1
106876,377,279,0,0,1
106938,375,283,0,0,1
107016,371,285,0,0,1
107079,371,285,0,0,1
107157,371,285,0,0,1
107219,369,285,0,0,1
107297,365,287,0,0,1
107360,365,287,0,0,1
107438,365,289,0,0,1
107500,373,289,0,0,1
107578,379,287,0,0,1
107640,389,283,0,0,1
107718,391,281,0,0,1
107781,405,263,0,0,1
107859,417,251,0,0,1
107921,417,251,0,0,1
107999,417,251,0,0,1
108062,417,251,0,0,1
108140,417,251,0,0,1
108202,417,253,0,0,1
108280,417,253,0,0,1
108342,417,253,0,0,1
108420,415,253,0,0,1
108483,415,253,0,0,1
108561,415,249,0,0,1
108623,415,247,0,0,1
108701,417,247,0,0,1
108764,417,249,0,0,1
108842,421,253,0,0,1
108904,425,253,0,0,1
108982,427,253,0,0,1
109044,429,255,0,0,1
109122,429,257,0,0,1
109185,429,255,0,0,1
109263,429,255,0,0,1
109325,433,257,0,0,1
109403,429,269,0,0,1
109466,425,281,0,0,1
109544,413,289,0,0,1
109606,407,303,0,0,1
109684,407,307,0,0,1
109746,409,291,0,0,1
109824,421,263,0,0,1
109887,425,253,0,0,1
109965,425,251,0,0,1
110027,431,253,0,0,1
110105,447,273,0,0,1
110168,465,301,0,0,1
110246,469,309,0,0,1
110308,471,321,0,0,1
110386,477,335,0,0,1
110448,483,347,0,0,1
110526,485,355,0,0,1
110589,485,357,0,0,1
110667,485,325,0,0,1
110729,465,261,0,0,1
110807,443,223,0,0,1
110870,437,207,0,0,1
110948,435,187,0,0,1
111010,435,173,0,0,1
111088,435,167,0,0,1
111150,433,167,0,0,1
111228,433,189,0,0,1
111291,429,225,0,0,1
111369,429,263,0,0,1
111431,439,305,0,0,1
111509,453,341,0,0,1
111572,473,371,0,0,1
111650,487,379,0,0,1
111712,491,353,0,0,1
111790,481,297,0,0,1
111852,467,251,0,0,1
111930,451,215,0,0,1
111993,439,181,0,0,1
112055,429,159,0,0,1
112133,421,147,0,0,1
112196,407,129,0,0,1
112274,395,123,0,0,1
112336,387,119,0,0,1
112414,381,119,0,0,1
112476,379,119,0,0,1
112554,381,143,0,0,1
112617,389,179,0,0,1
112695,391,203,0,0,1
112757,395,233,0,0,1
112835,401,259,0,0,1
112898,409,287,0,0,1
112976,417,317,0,0,1
113038,427,341,0,0,1
113116,433,361,0,0,1
113178,433,365,0,0,1
113256,423,351,0,0,1
113319,407,321,0,0,1
113397,387,279,0,0,1
113459,375,251,0,0,1
113537,365,235,0,0,1
113600,359,225,0,0,1
113678,351,217,0,0,1
113740,349,211,0,0,1
113834,347,207,0,0,1
113896,345,205,0,0,1
113974,343,205,0,0,1
114036,341,205,0,0,1
114114,339,207,0,0,1
114177,339,211,0,0,1
114255,345,229,0,0,1
114317,365,259,0,0,1
114395,383,287,0,0,1
114458,389,295,0,0,1
114536,391,305,0,0,1
114598,395,311,0,0,1
114676,405,325,0,0,1
114738,409,329,0,0,1
114816,415,331,0,0,1
114879,419,333,0,0,1
114957,427,345,0,0,1
115019,437,361,0,0,1
115097,441,363,0,0,1
115160,441,367,0,0,1
115238,441,369,0,0,1
115300,441,371,0,0,1
115378,441,373,0,0,1
115440,437,373,0,0,1
115518,437,373,0,0,1
115581,437,373,0,0,1
115659,433,373,0,0,1
115721,427,373,0,0,1
115799,423,373,0,0,1
115862,419,375,0,0,1
115940,413,375,0,0,1
116002,405,377,0,0,1
116080,399,379,0,0,1
116142,393,379,0,0,1
116220,387,375,0,0,1
116283,381,369,0,0,1
116361,375,365,0,0,1
116423,369,363,0,0,1
116501,363,361,0,0,1
116564,361,359,0,0,1
116642,357,359,0,0,1
116704,357,361,0,0,1
116782,357,361,0,0,1
116844,357,361,0,0,1
116922,353,359,0,0,1
116985,335,347,0,0,1
117063,319,341,0,0,1
117125,303,329,0,0,1
117188,295,323,0,0,1
117266,295,321,0,0,1
117328,313,335,0,0,1
117406,349,373,0,0,1
117468,383,409,0,0,1
117546,395,439,0,0,1
117609,401,461,0,0,1
117687,403,465,0,0,1
117749,403,467,0,0,1
117827,403,467,0,0,1
117890,403,467,0,0,1
117968,411,475,0,0,1
118030,417,477,0,0,1
118108,421,475,0,0,1
118170,421,475,0,0,1
118248,421,471,0,0,1
118311,421,467,0,0,1
118389,421,463,0,0,1
118451,421,455,0,0,1
118529,421,453,0,0,1
118592,421,447,0,0,1
118670,423,441,0,0,1
118732,429,431,0,0,1
118810,433,425,0,0,1
118872,433,415,0,0,1
118950,427,407,0,0,1
119013,417,397,0,0,1
119091,405,389,0,0,1
119153,395,381,0,0,1
119231,379,375,0,0,1
119294,369,367,0,0,1
119372,361,365,0,0,1
119434,357,363,0,0,1
119512,349,361,0,0,1
119574,327,381,0,0,1
119652,291,407,0,0,1
119715,273,407,0,0,1
119793,263,405,0,0,1
119855,255,405,0,0,1
119933,251,405,0,0,1
119996,251,403,0,0,1
120074,251,399,0,0,1
120136,251,397,0,0,1
120214,245,399,0,0,1
120276,239,385,0,0,1
120354,237,373,0,0,1
120417,237,367,0,0,1
120495,233,361,0,0,1
120557,227,357,0,0,1
120635,225,351,0,0,1
120698,225,349,0,0,1
120760,229,345,0,0,1
120838,237,343,0,0,1
120900,245,345,0,0,1
120978,249,343,0,0,1
121041,253,343,0,0,1
121119,255,341,0,0,1
121181,259,337,0,0,1
121259,261,335,0,0,1
121322,265,335,0,0,1
121400,267,333,0,0,1
121462,269,333,0,0,1
121540,269,333,0,0,1
121602,269,333,0,0,1
121680,269,333,0,0,1
121743,269,331,0,0,1
121821,251,323,0,0,1
121883,209,307,0,0,1
121961,197,303,0,0,1
122024,197,303,0,0,1
122102,199,307,0,0,1
122164,211,315,0,0,1
122242,221,319,0,0,1
122304,227,319,0,0,1
122382,231,319,0,0,1
122445,231,319,0,0,1
122523,235,319,0,0,1
122585,237,319,0,0,1
122663,239,319,0,0,1
122726,239,319,0,0,1
122804,239,319,0,0,1
122866,241,319,0,0,1
122944,239,319,0,0,1
123006,239,319,0,0,1
123084,239,321,0,0,1
123147,239,327,0,0,1
123225,241,337,0,0,1
123287,239,341,0,0,1
123365,239,341,0,0,1
123428,239,341,0,0,1
123506,239,339,0,0,1
123568,245,333,0,0,1
123646,247,333,0,0,1
123708,249,333,0,0,1
123771,249,333,0,0,1
123849,249,333,0,0,1
123927,249,333,0,0,1
123989,249,333,0,0,1
124067,257,333,0,0,1
124130,267,335,0,0,1
124208,311,333,0,0,1
124270,381,313,0,0,1
124348,457,291,0,0,1
124410,491,273,0,0,1
124488,501,265,0,0,1
124551,503,261,0,0,1
124613,511,257,0,0,1
124691,519,255,0,0,1
124754,537,267,0,0,1
124832,569,323,0,0,1
124894,569,359,0,0,1
124972,569,373,0,0,1
125034,569,379,0,0,1
125112,565,379,0,0,1
125175,555,381,0,0,1
125253,537,381,0,0,1
125315,527,383,0,0,1
125393,523,383,0,0,1
125456,523,381,0,0,1
125534,523,381,0,0,1
125596,523,381,0,0,1
125674,523,379,0,0,1
125736,523,379,0,0,1
125814,511,373,0,0,1
125877,493,367,0,0,1
125955,485,363,0,0,1
126017,483,359,0,0,1
126095,481,359,0,0,1
126158,479,359,0,0,1
126236,473,359,0,0,1
126298,471,359,0,0,1
126376,463,365,0,0,1
126438,439,365,0,0,1
126516,421,361,0,0,1
126579,407,359,0,0,1
126657,397,351,0,0,1
126719,369,339,0,0,1
126797,341,333,0,0,1
126860,325,333,0,0,1
126938,309,333,0,0,1
127000,301,333,0,0,1
127078,301,333,0,0,1
127140,301,333,0,0,1
127218,301,331,0,0,1
127281,299,331,0,0,1
127359,297,329,0,0,1
127421,297,329,0,0,1
127499,297,325,0,0,1
127562,295,323,0,0,1
127640,281,317,0,0,1
127702,263,311,0,0,1
127780,253,311,0,0,1
127842,239,307,0,0,1
127920,225,303,0,0,1
127983,219,303,0,0,1
128061,219,303,0,0,1
128123,219,301,0,0,1
128201,219,301,0,0,1
128264,221,297,0,0,1
128342,227,297,0,0,1
128404,231,297,0,0,1
128466,235,299,0,0,1
128544,245,305,0,0,1
128607,247,307,0,0,1
128685,251,311,0,0,1
128747,251,311,0,0,1
128825,255,311,0,0,1
128888,259,313,0,0,1
128966,261,307,0,0,1
129028,263,307,0,0,1
129106,265,307,0,0,1
129168,275,307,0,0,1
129246,295,303,0,0,1
129309,325,293,0,0,1
129387,333,287,0,0,1
129449,335,285,0,0,1
129527,329,285,0,0,1
129590,321,285,0,0,1
129668,321,287,0,0,1
129730,321,289,0,0,1
129808,321,291,0,0,1
129870,321,291,0,0,1
129948,313,299,0,0,1
130011,305,301,0,0,1
130089,305,303,0,0,1
130151,305,303,0,0,1
130229,305,303,0,0,1
130292,309,303,0,0,1
130370,327,303,0,0,1
130432,331,301,0,0,1
130510,351,257,0,0,1
130573,369,227,0,0,1
130651,427,253,0,0,1
130713,527,327,0,0,1
130791,551,349,0,0,1
130853,551,347,0,0,1
130931,551,343,0,0,1
130994,541,335,0,0,1
131072,539,333,0,0,1
131134,531,333,0,0,1
131212,523,333,0,0,1
131275,515,333,0,0,1
131353,507,333,0,0,1
131415,501,337,0,0,1
131477,497,337,0,0,1
131555,495,337,0,0,1
131618,495,337,0,0,1
131696,495,337,0,0,1
131758,495,337,0,0,1
131836,489,345,0,0,1
131899,481,357,0,0,1
131977,473,365,0,0,1
132039,467,363,0,0,1
132117,461,359,0,0,1
132179,453,353,0,0,1
132257,441,351,0,0,1
132320,429,349,0,0,1
132398,419,349,0,0,1
132460,415,349,0,0,1
132538,411,349,0,0,1
132601,413,349,0,0,1
132679,413,349,0,0,1
132741,413,349,0,0,1
132819,413,349,0,0,1
132881,413,349,0,0,1
132959,413,345,0,0,1
133022,407,331,0,0,1
133100,395,315,0,0,1
133162,349,281,0,0,1
133240,275,255,0,0,1
133303,269,253,0,0,1
133381,269,253,0,0,1
133443,269,253,0,0,1
133521,263,253,0,0,1
133583,257,253,0,0,1
133661,257,251,0,0,1
133724,257,249,0,0,1
133802,257,245,0,0,1
133864,255,245,1,0,1
133942,251,241,1,0,1
134005,247,237,1,0,1
134083,241,227,1,0,1
134145,241,221,1,0,1
134223,269,219,1,0,1
134285,309,209,1,0,1
134363,343,193,1,0,1
134426,363,181,1,0,1
134504,369,179,1,0,1
134566,389,183,1,0,1
134644,403,185,1,0,1
134707,407,185,1,0,1
134785,409,185,1,0,1
134847,409,185,1,0,1
134925,411,185,1,0,1
134987,411,185,1,0,1
135065,409,185,0,0,1
135128,405,185,0,0,1
135206,399,185,0,0,1
135268,395,185,0,0,1
135346,395,185,0,0,1
135409,395,181,0,0,1
135487,397,179,0,0,1
135549,401,177,0,0,1
135627,401,175,0,0,1
135689,401,173,0,0,1
135767,403,173,0,0,1
135830,403,173,0,0,1
135908,403,173,0,0,1
135970,405,173,0,0,1
136048,405,179,0,0,1
136111,405,183,0,0,1
136173,401,193,0,0,1
136251,401,193,0,0,1
136313,403,193,0,0,1
136391,425,181,0,0,1
136454,443,161,0,0,1
136532,449,157,0,0,1
136594,449,157,0,0,1
136672,449,159,0,0,1
136735,449,163,0,0,1
136813,449,167,0,0,1
136875,449,171,0,0,1
136953,449,173,0,0,1
137015,445,181,0,0,1
137093,443,187,0,0,1
137156,441,201,0,0,1
137234,441,211,0,0,1
137296,439,219,0,0,1
137374,435,225,0,0,1
137437,431,231,0,0,1
137515,429,241,0,0,1
137577,427,247,0,0,1
137655,427,249,0,0,1
137717,427,249,0,0,1
137795,423,255,0,0,1
137858,423,259,0,0,1
137936,421,261,0,0,1
137998,423,261,0,0,1
138076,423,263,0,0,1
138139,423,269,0,0,1
138217,423,269,0,0,1
138279,423,273,0,0,1
138357,423,269,0,0,1
138419,417,263,0,0,1
138497,411,263,0,0,1
138560,409,265,0,0,1
138638,409,271,0,0,1
138700,407,271,0,0,1
138778,407,271,0,0,1
138841,407,271,0,0,1
138919,409,271,0,0,1
138981,411,273,0,0,1
139059,415,275,0,0,1
139121,415,275,0,0,1
139199,417,279,0,0,1
139262,417,279,0,0,1
139340,419,281,0,0,1
139402,421,287,0,0,1
139480,423,291,0,0,1
139543,423,291,0,0,1
139605,425,291,0,0,1
139683,425,291,0,0,1
139745,431,295,0,0,1
139823,435,297,0,0,1
139886,437,297,0,0,1
139964,441,297,0,0,1
140026,443,297,0,0,1
140104,447,297,0,0,1
140167,451,299,0,0,1
140245,455,301,0,0,1
140307,459,303,0,0,1
140385,459,309,0,0,1
140447,459,317,0,0,1
140525,455,327,0,0,1
140588,433,327,0,0,1
140666,419,333,0,0,1
140728,421,333,0,0,1
140806,447,333,0,0,1
140869,453,331,0,0,1
140947,445,323,0,0,1
141009,401,295,0,0,1
141087,309,261,0,0,1
141149,263,245,0,0,1
141227,243,239,0,0,1
141290,219,231,0,0,1
141368,189,221,0,0,1
141430,169,217,0,0,1
141508,165,215,0,0,1
141571,165,215,1,0,1
141649,161,215,1,0,1
141711,155,211,1,0,1
141789,151,207,1,0,1
141851,133,191,1,0,1
141929,129,191,1,0,1
141992,127,191,1,0,1
142070,125,197,1,0,1
142132,133,221,1,0,1
142210,137,227,1,0,1
142273,137,229,1,0,1
142351,137,229,1,0,1
142413,137,229,1,0,1
142491,137,229,1,0,1
142553,139,229,0,0,1
142631,139,225,0,0,1
142694,137,225,0,0,1
142772,135,221,0,0,1
142834,135,221,0,0,1
142912,133,217,0,0,1
142975,131,213,0,0,1
143037,127,209,0,0,1
143115,121,205,0,0,1
143177,121,195,0,0,1
143255,125,179,0,0,1
143318,133,161,0,0,1
143396,137,145,0,0,1
143458,141,131,0,0,1
143536,139,125,0,0,1
143599,133,119,0,0,1
143677,125,115,0,0,1
143739,115,113,0,0,1
143817,115,111,0,0,1
143879,113,111,0,0,1
143957,109,109,0,0,1
144020,107,109,0,0,1
144098,105,109,0,0,1
144160,103,109,0,0,1
144238,101,109,0,0,1
144301,101,109,0,0,1
144379,101,109,0,0,1
144441,101,109,0,0,1
144519,101,109,0,0,1
144581,101,109,0,0,1
144659,101,109,0,0,1
144722,101,109,0,0,1
144800,101,109,0,0,1
144862,109,109,0,0,1
144940,153,117,0,0,1
145003,223,131,0,0,1
145081,275,163,0,0,1
145143,307,213,0,0,1
145221,319,241,0,0,1
145283,349,281,0,0,1
145361,453,349,0,0,1
145424,565,399,0,0,1
145502,629,417,0,0,1
145564,621,413,0,0,1
145642,607,411,0,0,1
145705,581,393,0,0,1
145783,565,385,0,0,1
145845,557,385,0,0,1
145923,545,383,0,0,1
145985,535,381,0,0,1
146063,527,377,0,0,1
146126,527,377,0,0,1
146204,527,377,0,0,1
146266,527,377,0,0,1
146344,525,377,0,0,1
146407,523,375,0,0,1
146485,517,371,0,0,1
146547,515,369,0,0,1
146625,515,369,0,0,1
146687,515,369,0,0,1
146765,515,369,0,0,1
146828,515,369,0,0,1
146890,493,365,0,0,1
146968,361,315,0,0,1
147031,261,259,0,0,1
147109,253,243,0,0,1
147171,253,237,0,0,1
147249,267,233,0,0,1
147311,291,243,0,0,1
147389,299,245,0,0,1
147452,303,247,0,0,1
147530,303,247,0,0,1
147592,305,247,0,0,1
147670,311,249,0,0,1
147733,315,249,0,0,1
147811,319,249,0,0,1
147873,323,249,0,0,1
147951,327,253,0,0,1
148013,329,253,0,0,1
148091,331,255,0,0,1
148154,333,257,0,0,1
148232,335,257,0,0,1
148294,337,259,0,0,1
148372,337,259,0,0,1
148435,339,259,0,0,1
148513,341,261,0,0,1
148575,349,261,0,0,1
148653,365,259,0,0,1
148715,373,259,0,0,1
148793,381,259,0,0,1
148856,387,259,0,0,1
148934,393,259,0,0,1
148996,397,259,0,0,1
149074,407,261,0,0,1
149137,419,263,0,0,1
149215,423,263,0,0,1
149277,425,273,0,0,1
149355,403,297,0,0,1
149417,329,333,0,0,1
149495,283,347,0,0,1
149558,255,359,0,0,1
149636,253,363,0,0,1
149698,253,363,0,0,1
149776,255,363,0,0,1
149839,257,343,0,0,1
149917,277,271,0,0,1
149979,291,209,0,0,1
150057,309,181,0,0,1
150119,323,171,0,0,1
150197,335,159,0,0,1
150260,339,157,0,0,1
150338,347,153,0,0,1
150400,359,149,1,0,1
150463,367,149,1,0,1
150541,371,147,1,0,1
150603,375,143,1,0,1
150681,383,129,1,0,1
150743,395,117,1,0,1
150821,399,111,1,0,1
150884,403,107,1,0,1
150962,411,105,1,0,1
151024,427,101,1,0,1
151102,433,99,1,0,1
151165,435,97,1,0,1
151243,439,103,1,0,1
151305,449,123,0,0,1
151383,453,143,0,0,1
151445,411,213,0,0,1
151523,289,329,0,0,1
151586,247,341,0,0,1
151664,241,341,0,0,1
151726,241,341,0,0,1
151804,247,337,0,0,1
151867,247,333,0,0,1
151945,255,329,0,0,1
152007,261,329,0,0,1
152085,267,329,0,0,1
152147,273,329,0,0,1
152225,275,329,0,0,1
152288,275,331,0,0,1
152366,277,331,0,0,1
152428,279,331,0,0,1
152506,281,329,0,0,1
152569,289,327,0,0,1
152647,289,325,0,0,1
152709,289,325,0,0,1
152787,289,325,0,0,1
152849,289,325,0,0,1
152927,289,325,0,0,1
152990,289,325,0,0,1
153068,279,333,0,0,1
153130,243,359,0,0,1
153193,219,373,0,0,1
153271,215,375,0,0,1
153333,215,377,0,0,1
153411,217,377,0,0,1
153473,225,371,0,0,1
153551,233,367,0,0,1
153614,241,361,0,0,1
153692,241,361,0,0,1
153754,241,361,0,0,1
153832,241,361,0,0,1
153895,239,361,0,0,1
153973,239,361,0,0,1
154035,237,361,0,0,1
154113,235,361,0,0,1
154175,231,361,0,0,1
154253,231,361,0,0,1
154316,231,361,0,0,1
154394,231,361,0,0,1
154456,231,361,0,0,1
154534,231,361,0,0,1
154597,231,361,0,0,1
154675,237,361,0,0,1
154737,239,361,0,0,1
154815,241,361,0,0,1
154877,241,361,0,0,1
154955,241,361,0,0,1
155018,221,353,0,0,1
155096,197,347,0,0,1
155158,193,343,0,0,1
155236,195,341,0,0,1
155299,199,329,0,0,1
155377,211,319,0,0,1
155439,223,313,0,0,1
155517,231,313,0,0,1
155579,239,325,0,0,1
155657,243,327,0,0,1
155720,245,327,0,0,1
155798,245,327,0,0,1
155860,247,327,0,0,1
155938,249,325,0,0,1
156001,249,325,0,0,1
156079,249,325,0,0,1
156141,251,325,0,0,1
156219,261,325,0,0,1
156281,269,325,0,0,1
156344,273,325,0,0,1
156422,281,325,0,0,1
156484,281,325,0,0,1
156562,247,303,0,0,1
156625,199,297,0,0,1
156703,173,311,0,0,1
156765,169,325,0,0,1
156843,175,327,0,0,1
156905,197,325,0,0,1
156983,217,323,0,0,1
157046,225,323,0,0,1
157124,233,319,0,0,1
157186,239,319,0,0,1
157264,245,319,0,0,1
157327,253,315,0,0,1
157405,255,315,0,0,1
157467,255,315,0,0,1
157545,253,315,0,0,1
157607,239,319,0,0,1
157685,219,343,0,0,1
157748,215,347,0,0,1
157826,215,347,0,0,1
157888,223,345,0,0,1
157966,229,339,0,0,1
158029,237,331,0,0,1
158107,241,323,0,0,1
158169,245,323,0,0,1
158247,249,323,0,0,1
158309,251,323,0,0,1
158387,253,323,0,0,1
158450,253,323,0,0,1
158528,253,323,0,0,1
158590,255,323,0,0,1
158668,263,323,0,0,1
158731,277,321,0,0,1
158809,269,323,0,0,1
158871,231,337,0,0,1
158949,223,347,0,0,1
159011,237,337,0,0,1
159089,287,313,0,0,1
159152,291,315,0,0,1
159230,245,339,0,0,1
159292,229,341,0,0,1
159370,263,311,0,0,1
159433,311,283,0,0,1
159511,269,287,0,0,1
159573,183,285,0,0,1
159651,165,279,0,0,1
159713,151,277,0,0,1
159791,143,277,0,0,1
159854,141,279,0,0,1
159932,137,259,0,0,1
159994,139,253,0,0,1
160072,141,251,0,0,1
160135,157,249,0,0,1
160213,191,243,0,0,1
160275,203,245,0,0,1
160353,211,249,0,0,1
160415,219,255,0,0,1
160493,231,255,0,0,1
160556,243,257,0,0,1
160618,249,257,0,0,1
160696,255,257,0,0,1
160759,263,261,0,0,1
160837,275,265,0,0,1
160899,283,269,0,0,1
160977,295,275,0,0,1
161039,307,277,0,0,1
161117,327,291,0,0,1
161180,333,299,0,0,1
161258,341,309,0,0,1
161320,341,313,0,0,1
161398,341,319,0,0,1
161461,345,321,0,0,1
161539,353,329,0,0,1
161601,355,329,0,0,1
161679,361,331,0,0,1
161742,361,337,0,0,1
161820,369,337,0,0,1
161882,409,341,0,0,1
161960,427,341,0,0,1
162022,435,341,0,0,1
162100,439,341,0,0,1
162163,441,341,0,0,1
162241,441,341,0,0,1
162303,443,341,0,0,1
162381,443,341,0,0,1
162444,443,341,0,0,1
162522,443,341,0,0,1
162584,443,341,0,0,1
162662,443,341,0,0,1
162724,441,341,0,0,1
162802,439,341,0,0,1
162865,435,343,0,0,1
162943,433,347,0,0,1
163005,427,353,0,0,1
163083,423,363,0,0,1
163146,419,361,0,0,1
163224,425,341,0,0,1
163286,493,233,0,0,1
163364,521,175,0,0,1
163426,521,159,0,0,1
163504,515,151,0,0,1
163567,509,145,0,0,1
163645,507,143,1,0,1
163707,505,141,1,0,1
163785,501,137,1,0,1
163848,499,135,1,0,1
163926,495,137,1,0,1
163988,491,141,1,0,1
164066,489,143,1,0,1
164128,481,151,1,0,1
164206,429,189,0,0,1
164269,365,225,0,0,1
164347,305,261,0,0,1
164409,271,283,0,0,1
164487,255,293,0,0,1
164550,249,299,0,0,1
164628,249,299,0,0,1
164690,249,301,0,0,1
164768,251,301,0,0,1
164830,259,303,0,0,1
164908,267,303,0,0,1
164971,273,303,0,0,1
165049,275,303,0,0,1
165111,279,303,0,0,1
165189,279,303,0,0,1
165252,279,303,0,0,1
165330,281,303,0,0,1
165392,283,303,0,0,1
165470,285,303,0,0,1
165532,287,303,0,0,1
165610,287,305,0,0,1
165673,287,305,0,0,1
165751,287,305,0,0,1
165813,291,309,0,0,1
165876,303,327,0,0,1
165954,313,343,0,0,1
166016,315,343,0,0,1
166094,315,337,0,0,1
166156,315,329,0,0,1
166234,315,329,0,0,1
166297,315,329,0,0,1
166375,317,329,0,0,1
166437,317,329,0,0,1
166515,319,329,0,0,1
166578,319,331,0,0,1
166656,319,331,0,0,1
166718,319,331,0,0,1
166796,319,331,0,0,1
166858,319,331,0,0,1
166936,319,331,0,0,1
166999,319,331,0,0,1
167077,319,331,0,0,1
167139,319,331,0,0,1
167217,319,331,0,0,1
167280,317,331,0,0,1
167358,317,331,0,0,1
167420,313,331,0,0,1
167498,301,333,0,0,1
167560,265,325,0,0,1
167638,257,319,0,0,1
167701,255,315,0,0,1
167779,271,309,0,0,1
167841,273,307,0,0,1
167919,283,305,0,0,1
167982,289,303,0,0,1
168060,263,303,0,0,1
168122,223,301,0,0,1
168200,223,305,0,0,1
168262,263,321,0,0,1
168340,293,325,0,0,1
168403,297,325,0,0,1
168481,291,329,0,0,1
168543,291,335,0,0,1
168621,281,335,0,0,1
168684,229,317,0,0,1
168762,201,307,0,0,1
168824,195,299,0,0,1
168902,193,303,0,0,1
168964,197,311,0,0,1
169027,207,319,0,0,1
169105,215,319,0,0,1
169167,223,319,0,0,1
169245,231,319,0,0,1
169308,237,319,0,0,1
169386,241,319,0,0,1
169448,243,319,0,0,1
169526,247,317,0,0,1
169588,249,317,0,0,1
169666,257,315,0,0,1
169729,259,315,0,0,1
169807,259,313,0,0,1
169869,259,313,0,0,1
169947,247,307,0,0,1
170010,245,293,0,0,1
170088,259,269,0,0,1
170150,289,259,0,0,1
170228,321,287,0,0,1
170290,337,319,0,0,1
170368,339,327,0,0,1
170431,323,323,0,0,1
170509,273,301,0,0,1
170571,249,279,0,0,1
170649,231,255,0,0,1
170712,215,235,0,0,1
170790,215,231,0,0,1
170852,213,231,0,0,1
170930,211,231,0,0,1
170992,209,227,0,0,1
171070,211,223,0,0,1
171133,213,213,0,0,1
171211,205,193,0,0,1
171273,201,175,0,0,1
171351,201,155,0,0,1
171414,211,145,0,0,1
171492,223,141,0,0,1
171554,231,141,0,0,1
171632,231,141,0,0,1
171694,217,137,0,0,1
171772,171,127,0,0,1
171835,157,131,0,0,1
171913,151,137,0,0,1
171975,147,143,0,0,1
172053,147,149,0,0,1
172116,147,165,0,0,1
172178,159,181,0,0,1
172256,183,193,0,0,1
172318,215,197,0,0,1
172396,247,197,0,0,1
172459,267,201,0,0,1
172537,283,209,0,0,1
172599,303,221,0,0,1
172677,323,229,0,0,1
172740,349,235,0,0,1
172818,369,239,0,0,1
172880,385,243,0,0,1
172958,403,247,0,0,1
173020,413,251,0,0,1
173098,425,257,0,0,1
173161,427,259,0,0,1
173239,417,269,0,0,1
173301,375,297,0,0,1
173379,345,317,0,0,1
173442,333,329,0,0,1
173520,333,337,0,0,1
173582,345,341,0,0,1
173660,351,341,0,0,1
173722,349,333,0,0,1
173800,349,325,0,0,1
173863,349,319,0,0,1
173941,351,317,0,0,1
174003,361,313,0,0,1
174081,371,309,0,0,1
174144,373,305,0,0,1
174222,373,305,0,0,1
174284,373,305,0,0,1
174362,373,305,0,0,1
174424,373,309,0,0,1
174502,381,313,0,0,1
174565,381,315,0,0,1
174643,381,315,0,0,1
174705,381,315,0,0,1
174783,381,315,0,0,1
174846,365,307,0,0,1
174924,303,305,0,0,1
174986,233,315,0,0,1
175064,207,325,0,0,1
175126,199,325,0,0,1
175189,195,321,0,0,1
175267,195,321,0,0,1
175329,193,315,0,0,1
175407,193,293,0,0,1
175470,193,275,0,0,1
175548,197,271,0,0,1
175610,201,273,0,0,1
175688,217,283,0,0,1
175750,227,285,0,0,1
175828,235,285,0,0,1
175891,243,285,0,0,1
175969,247,285,0,0,1
176031,249,285,0,0,1
176109,249,285,0,0,1
176172,249,285,0,0,1
176250,249,285,0,0,1
176312,251,287,0,0,1
176390,253,289,0,0,1
176452,257,291,0,0,1
176530,263,295,0,0,1
176593,291,313,0,0,1
176671,307,329,0,0,1
176733,311,333,0,0,1
176811,313,333,0,0,1
176874,321,333,0,0,1
176952,329,331,0,0,1
177014,327,331,0,0,1
177092,323,331,0,0,1
177154,323,333,0,0,1
177232,311,337,0,0,1
177295,307,337,0,0,1
177373,307,337,0,0,1
177435,307,337,0,0,1
177513,307,335,0,0,1
177576,307,333,0,0,1
177654,313,333,0,0,1
177716,315,331,0,0,1
177794,319,329,0,0,1
177856,319,329,0,0,1
177934,319,329,0,0,1
177997,319,329,0,0,1
178075,319,329,0,0,1
178137,319,329,0,0,1
178215,319,329,0,0,1
178278,319,329,0,0,1
178356,319,329,0,0,1
178418,319,329,0,0,1
178496,319,329,0,0,1
178558,319,329,0,0,1
178636,319,329,0,0,1
178699,351,323,0,0,1
178777,457,283,0,0,1
178839,541,217,0,0,1
178917,561,175,0,0,1
178980,567,165,0,0,1
179058,567,163,0,0,1
179120,567,161,0,0,1
179198,565,163,0,0,1
179260,563,167,0,0,1
179338,557,169,0,0,1
179401,553,169,0,0,1
179479,547,167,0,0,1
179541,539,165,0,0,1
179619,533,163,0,0,1
179682,529,159,0,0,1
179760,523,159,0,0,1
179822,515,155,0,0,1
179900,507,155,0,0,1
179962,503,149,0,0,1
180040,497,149,0,0,1
180103,491,149,0,0,1
180181,489,147,0,0,1
180243,485,147,0,0,1
180321,481,147,0,0,1
180384,477,145,0,0,1
180462,471,143,0,0,1
180524,467,141,0,0,1
180602,461,135,0,0,1
180664,459,135,0,0,1
180742,461,135,0,0,1
180805,461,135,0,0,1
180867,461,135,0,0,1
180945,463,135,0,0,1
181008,475,135,0,0,1
181086,487,129,0,0,1
181148,493,125,0,0,1
181226,493,121,0,0,1
181288,477,113,0,0,1
181366,459,105,0,0,1
181429,441,103,0,0,1
181507,425,103,0,0,1
181569,419,107,0,0,1
181647,419,109,0,0,1
181710,421,109,0,0,1
181788,429,103,0,0,1
181850,441,103,0,0,1
181928,451,103,0,0,1
181990,459,119,0,0,1
182068,441,127,0,0,1
182131,405,127,0,0,1
182209,379,127,0,0,1
182271,363,119,0,0,1
182349,355,109,0,0,1
182412,371,103,0,0,1
182490,391,99,0,0,1
182552,411,107,0,0,1
182630,443,143,0,0,1
182692,483,199,0,0,1
182770,539,271,0,0,1
182833,573,317,0,0,1
182911,579,327,0,0,1
182973,583,331,0,0,1
183051,587,335,0,0,1
183114,591,335,0,0,1
183192,593,339,0,0,1
183254,597,341,0,0,1
183332,601,341,0,0,1
183394,605,335,0,0,1
183472,609,335,0,0,1
183535,609,341,0,0,1
183613,603,341,0,0,1
183675,601,345,0,0,1
183753,595,345,0,0,1
183816,591,345,1,0,1
183894,587,345,1,0,1
183956,581,349,1,0,1
184018,575,351,1,0,1
184096,569,353,1,0,1
184159,563,355,1,0,1
184237,549,357,1,0,1
184299,535,355,1,0,1
184377,529,355,1,0,1
184440,525,359,1,0,1
184518,513,373,1,0,1
184580,507,383,1,0,1
184658,505,383,1,0,1
184720,501,389,1,0,1
184798,497,389,1,0,1
184861,489,389,1,0,1
184939,485,391,1,0,1
185001,475,387,1,0,1
185079,463,383,1,0,1
185142,453,379,1,0,1
185220,447,373,1,0,1
185282,447,373,1,0,1
185360,445,369,0,0,1
185422,437,361,0,0,1
185500,431,355,0,0,1
185563,429,351,0,0,1
185641,431,347,0,0,1
185703,433,343,0,0,1
185781,433,335,0,0,1
185844,431,329,0,0,1
185922,431,317,0,0,1
185984,429,301,0,0,1
186062,427,291,0,0,1
186124,423,283,0,0,1
186202,421,275,0,0,1
186265,417,265,0,0,1
186343,413,261,0,0,1
186405,409,259,0,0,1
186483,397,259,0,0,1
186546,371,257,0,0,1
186624,365,259,0,0,1
186686,367,267,0,0,1
186764,379,281,0,0,1
186826,397,303,0,0,1
186904,417,323,0,0,1
186967,441,353,0,0,1
187045,475,381,0,0,1
187107,507,419,0,0,1
187185,537,445,0,0,1
187248,563,465,0,0,1
187326,583,479,0,0,1
187388,605,495,0,0,1
187466,631,515,0,0,1
187528,645,531,0,0,1
187606,653,537,0,0,1
187669,657,537,0,0,1
187747,657,537,0,0,1
187809,659,537,0,0,1
187872,659,537,0,0,1
187950,663,541,0,0,1
188012,665,541,0,0,1
188090,665,541,0,0,1
188152,665,541,0,0,1
188230,665,541,0,0,1
188293,665,541,0,0,1
188371,665,541,0,0,1
188433,665,541,1,0,1
188511,665,541,0,0,1
188574,663,541,0,0,1
188652,663,541,0,0,1
188714,663,541,1,0,1
188792,663,541,1,0,1
188854,663,541,1,0,1
188932,663,541,0,0,1
188995,663,541,0,0,1
189073,663,541,0,0,1
189135,663,541,0,0,1
189213,663,541,0,0,1
189276,663,541,0,0,1
189354,663,541,1,0,1
189416,663,541,0,0,1
189494,663,541,0,0,1
189556,663,543,0,0,1
189634,663,543,0,0,1
189697,663,543,0,0,1
189775,663,543,0,0,1
189837,663,543,0,0,1
189915,663,543,0,0,1
189978,663,543,0,0,1
190056,663,543,0,0,1
190118,663,543,0,0,1
190196,663,543,0,0,1
190258,663,543,0,0,1
190336,663,543,0,0,1
