31,365,361,0,0,1
93,365,361,0,0,1
171,365,361,0,0,1
234,365,361,0,0,1
312,365,361,0,0,1
374,365,361,0,0,1
452,365,361,0,0,1
514,367,361,0,0,1
592,371,359,0,0,1
655,385,357,0,0,1
733,395,351,0,0,1
795,403,349,0,0,1
873,403,349,0,0,1
936,403,349,0,0,1
1014,403,349,0,0,1
1076,403,351,0,0,1
1154,403,351,0,0,1
1232,401,351,0,0,1
1294,399,351,0,0,1
1357,397,351,0,0,1
1435,393,351,0,0,1
1497,391,349,0,0,1
1575,391,349,0,0,1
1638,389,349,0,0,1
1716,385,349,0,0,1
1778,383,347,0,0,1
1856,383,347,0,0,1
1918,383,347,0,0,1
1996,383,341,0,0,1
2059,385,339,0,0,1
2137,389,337,0,0,1
2215,391,335,0,0,1
2277,393,331,0,0,1
2355,399,327,0,0,1
2418,407,325,0,0,1
2496,411,325,0,0,1
2558,413,325,0,0,1
2636,413,325,0,0,1
2698,413,325,0,0,1
2776,411,325,0,0,1
2839,411,323,0,0,1
2917,411,323,0,0,1
2979,411,323,0,0,1
3057,411,323,0,0,1
3120,411,321,0,0,1
3198,411,319,0,0,1
3260,411,319,0,0,1
3338,409,303,0,0,1
3400,407,301,0,0,1
3478,407,301,0,0,1
3541,407,301,0,0,1
3619,407,301,0,0,1
3681,407,301,0,0,1
3759,407,301,0,0,1
3822,407,301,0,0,1
3900,407,301,0,0,1
3962,407,301,0,0,1
4040,409,305,0,0,1
4102,411,305,0,0,1
4180,413,305,0,0,1
4243,423,301,0,0,1
4321,431,301,0,0,1
4383,433,297,0,0,1
4461,433,297,0,0,1
4524,431,297,0,0,1
4602,425,297,0,0,1
4664,421,297,0,0,1
4742,419,297,0,0,1
4804,413,295,0,0,1
4882,385,271,0,0,1
4945,371,257,0,0,1
5023,369,255,0,0,1
5085,365,255,0,0,1
5163,353,253,0,0,1
5226,349,251,0,0,1
5304,349,251,0,0,1
5366,349,255,0,0,1
5444,349,255,0,0,1
5506,349,255,0,0,1
5584,349,257,0,0,1
5647,349,257,1,0,1
5709,349,257,1,0,1
5787,349,257,1,0,1
5850,347,257,1,0,1
5928,345,257,1,0,1
5990,341,257,1,0,1
6068,341,257,1,0,1
6130,341,259,1,0,1
6208,347,261,1,0,1
6271,351,261,1,0,1
6349,359,263,1,0,1
6411,363,267,1,0,1
6489,363,267,1,0,1
6552,363,267,1,0,1
6630,361,267,1,0,1
6692,359,267,1,0,1
6770,355,267,1,0,1
6832,355,267,1,0,1
6910,355,267,1,0,1
6973,355,267,1,0,1
7051,357,267,0,0,1
7113,357,267,0,0,1
7191,367,273,0,0,1
7254,369,275,0,0,1
7332,369,275,0,0,1
7394,369,275,0,0,1
7472,371,277,0,0,1
7534,371,277,0,0,1
7612,373,277,0,0,1
7675,385,285,0,0,1
7753,405,299,0,0,1
7815,407,299,0,0,1
7893,415,301,0,0,1
7956,423,305,0,0,1
8034,429,309,0,0,1
8096,433,309,0,0,1
8174,451,319,0,0,1
8236,465,327,0,0,1
8314,483,343,0,0,1
8377,485,347,0,0,1
8455,493,351,0,0,1
8517,503,359,0,0,1
8595,505,361,0,0,1
8658,507,361,0,0,1
8736,517,365,0,0,1
8798,537,377,0,0,1
8876,539,377,0,0,1
8938,541,377,0,0,1
9016,541,377,0,0,1
9079,541,377,0,0,1
9157,535,377,0,0,1
9219,527,375,0,0,1
9297,501,369,0,0,1
9360,483,367,0,0,1
9438,437,337,0,0,1
9500,409,327,0,0,1
9578,381,307,0,0,1
9640,373,299,0,0,1
9718,365,269,0,0,1
9781,363,263,0,0,1
9859,363,263,0,0,1
9921,363,263,0,0,1
9999,361,263,0,0,1
10062,359,263,0,0,1
10140,353,269,0,0,1
10202,351,277,0,0,1
10280,349,277,0,0,1
10342,349,277,0,0,1
10420,349,277,0,0,1
10483,349,277,0,0,1
10545,345,277,0,0,1
10623,341,277,0,0,1
10686,339,277,0,0,1
10764,335,277,0,0,1
10842,335,277,0,0,1
10904,333,277,0,0,1
10982,329,277,0,0,1
11044,325,279,0,0,1
11122,323,279,0,0,1
11185,323,281,0,0,1
11263,323,291,0,0,1
11325,323,291,0,0,1
11388,323,291,0,0,1
11466,323,293,0,0,1
11528,327,297,0,0,1
11606,331,299,0,0,1
11668,351,309,0,0,1
11746,353,313,0,0,1
11809,357,317,0,0,1
11887,357,317,0,0,1
11949,357,317,0,0,1
12027,357,323,0,0,1
12090,357,325,0,0,1
12168,357,325,0,0,1
12230,359,333,0,0,1
12308,363,349,0,0,1
12370,365,351,0,0,1
12448,365,353,0,0,1
12511,365,355,0,0,1
12589,367,359,0,0,1
12651,367,363,0,0,1
12729,367,367,0,0,1
12792,371,381,0,0,1
12870,373,385,0,0,1
12932,373,385,0,0,1
13010,371,379,0,0,1
13072,351,369,0,0,1
13150,343,367,0,0,1
13213,329,361,0,0,1
13291,293,347,0,0,1
13353,285,343,0,0,1
13431,285,343,0,0,1
13494,285,343,0,0,1
13572,285,345,0,0,1
13634,285,355,0,0,1
13712,285,357,0,0,1
13775,285,357,0,0,1
13853,283,359,0,0,1
13915,279,361,0,0,1
13993,277,363,0,0,1
14055,275,365,0,0,1
14133,271,367,0,0,1
14196,269,369,0,0,1
14274,267,369,0,0,1
14336,265,369,0,0,1
14414,263,373,0,0,1
14477,259,373,0,0,1
14555,253,373,0,0,1
14617,247,373,0,0,1
14695,243,373,0,0,1
14757,239,375,0,0,1
14835,237,375,0,0,1
14898,237,375,0,0,1
14976,237,375,0,0,1
15038,245,361,0,0,1
15101,259,345,0,0,1
15179,269,337,0,0,1
15241,279,333,0,0,1
15319,279,325,0,0,1
15381,279,325,0,0,1
15459,279,325,0,0,1
15522,279,325,0,0,1
15600,279,325,0,0,1
15662,279,325,0,0,1
15740,279,327,0,0,1
15803,281,327,0,0,1
15881,285,327,0,0,1
15943,285,325,0,0,1
16021,289,325,0,0,1
16083,289,321,0,0,1
16161,291,321,0,0,1
16224,293,321,0,0,1
16302,293,321,0,0,1
16364,293,321,0,0,1
16442,293,321,0,0,1
16505,293,315,0,0,1
16583,293,309,0,0,1
16645,293,305,0,0,1
16723,293,301,0,0,1
16785,295,301,0,0,1
16863,349,345,0,0,1
16926,399,391,0,0,1
17004,405,399,0,0,1
17066,423,419,0,0,1
17144,443,437,0,0,1
17207,449,443,0,0,1
17285,451,443,0,0,1
17347,457,437,0,0,1
17425,459,433,0,0,1
17487,457,423,0,0,1
17565,457,423,0,0,1
17628,457,421,0,0,1
17706,457,421,0,0,1
17768,457,417,0,0,1
17846,457,415,0,0,1
17909,457,413,0,0,1
17987,457,411,0,0,1
18049,457,405,0,0,1
18127,457,399,0,0,1
18189,457,397,0,0,1
18267,461,389,0,0,1
18330,463,387,0,0,1
18408,467,385,0,0,1
18470,469,385,0,0,1
18548,469,383,0,0,1
18611,471,381,0,0,1
18689,473,379,0,0,1
18751,475,375,0,0,1
18829,477,371,0,0,1
18891,477,371,0,0,1
18954,477,369,0,0,1
19032,477,369,0,0,1
19094,479,367,0,0,1
19172,479,363,0,0,1
19250,481,359,0,0,1
19313,475,355,0,0,1
19375,375,321,0,0,1
19453,315,315,0,0,1
19515,293,315,0,0,1
19593,281,315,0,0,1
19656,275,315,0,0,1
19734,267,315,0,0,1
19796,267,315,0,0,1
19874,267,315,0,0,1
19937,269,315,0,0,1
20015,275,315,0,0,1
20077,281,315,0,0,1
20155,283,317,0,0,1
20217,283,317,0,0,1
20295,283,317,0,0,1
20358,283,317,0,0,1
20436,283,317,0,0,1
20498,283,317,0,0,1
20576,283,317,0,0,1
20639,283,317,0,0,1
20717,283,317,0,0,1
20779,283,317,0,0,1
20857,285,317,0,0,1
20919,345,337,0,0,1
20997,443,355,0,0,1
21060,479,355,0,0,1
21138,509,355,0,0,1
21200,527,351,0,0,1
21278,529,345,0,0,1
21341,501,337,0,0,1
21419,479,337,0,0,1
21481,477,341,0,0,1
21559,475,347,0,0,1
21621,471,355,0,0,1
21699,469,357,0,0,1
21762,467,361,0,0,1
21840,463,367,0,0,1
21902,461,373,0,0,1
21980,461,381,0,0,1
22043,465,387,0,0,1
22121,469,391,0,0,1
22183,471,391,0,0,1
22261,473,393,0,0,1
22323,473,395,0,0,1
22401,477,397,0,0,1
22464,479,399,0,0,1
22542,481,401,0,0,1
22604,483,403,0,0,1
22682,483,405,0,0,1
22745,485,407,0,0,1
22823,485,409,0,0,1
22885,487,411,0,0,1
22963,491,413,0,0,1
23025,493,415,0,0,1
23103,493,415,0,0,1
23166,495,415,0,0,1
23244,495,415,0,0,1
23306,495,415,0,0,1
23384,495,415,0,0,1
23447,497,415,0,0,1
23525,497,415,0,0,1
23587,497,413,0,0,1
23649,497,413,0,0,1
23727,499,411,0,0,1
23805,499,411,0,0,1
23868,501,409,0,0,1
23946,505,409,0,0,1
24008,507,407,0,0,1
24086,509,405,0,0,1
24149,511,405,0,0,1
24227,511,403,0,0,1
24289,511,403,0,0,1
24367,511,403,0,0,1
24429,511,403,0,0,1
24507,511,403,0,0,1
24570,511,403,0,0,1
24648,511,403,0,0,1
24710,511,401,0,0,1
24788,511,401,0,0,1
24851,511,399,0,0,1
24929,509,399,0,0,1
24991,509,399,0,0,1
25069,505,397,0,0,1
25131,501,395,0,0,1
25209,495,389,0,0,1
25272,491,385,0,0,1
25350,489,385,0,0,1
25412,487,385,0,0,1
25490,479,387,0,0,1
25553,469,391,0,0,1
25631,465,395,0,0,1
25693,459,399,0,0,1
25755,457,401,0,0,1
25833,449,405,0,0,1
25896,441,413,0,0,1
25974,429,419,0,0,1
26036,417,427,0,0,1
26114,407,437,0,0,1
26177,403,447,0,0,1
26255,393,457,0,0,1
26317,383,463,0,0,1
26395,377,469,0,0,1
26457,373,469,0,0,1
26535,373,469,0,0,1
26598,377,469,0,0,1
26676,377,469,0,0,1
26738,381,469,0,0,1
26816,381,469,0,0,1
26879,387,469,0,0,1
26957,391,467,0,0,1
27019,395,465,0,0,1
27097,395,465,0,0,1
27159,395,465,0,0,1
27237,397,463,0,0,1
27300,401,459,0,0,1
27378,405,455,0,0,1
27440,407,451,0,0,1
27518,409,447,0,0,1
27581,409,447,0,0,1
27659,411,445,0,0,1
27721,413,443,0,0,1
27799,417,441,0,0,1
27861,419,439,0,0,1
27939,425,437,0,0,1
28002,431,435,0,0,1
28080,445,433,0,0,1
28142,455,433,0,0,1
28220,459,433,0,0,1
28283,465,433,0,0,1
28361,469,437,0,0,1
28423,475,437,0,0,1
28501,479,439,0,0,1
28563,485,439,0,0,1
28641,493,441,0,0,1
28704,501,443,0,0,1
28782,511,447,0,0,1
28844,519,449,0,0,1
28922,525,451,0,0,1
28985,533,453,0,0,1
29063,541,453,0,0,1
29125,549,455,0,0,1
29203,557,455,0,0,1
29265,563,455,0,0,1
29343,573,455,0,0,1
29406,577,455,0,0,1
29484,583,457,0,0,1
29546,587,457,0,0,1
29624,589,459,0,0,1
29687,593,459,0,0,1
29765,597,461,0,0,1
29827,603,463,0,0,1
29905,607,467,1,0,1
29967,611,469,0,0,1
30045,613,469,1,0,1
30108,619,473,0,0,1
30186,623,475,1,0,1
30248,631,477,0,0,1
30326,635,479,1,0,1
30389,639,481,0,0,1
30467,641,481,1,0,1
30529,643,483,0,0,1
30607,645,483,1,0,1
30669,647,483,0,0,1
30747,649,485,1,0,1
30810,651,487,0,0,1
30888,657,487,1,0,1
30950,659,489,0,0,1
31028,663,489,1,0,1
31091,665,489,0,0,1
31169,667,489,1,0,1
31231,669,489,0,0,1
31309,673,491,1,0,1
31371,679,491,0,0,1
31449,681,491,1,0,1
31512,685,491,1,0,1
31590,689,491,1,0,1
31652,691,491,1,0,1
31730,695,491,1,0,1
31793,699,493,1,0,1
31871,701,493,1,0,1
31933,701,493,1,0,1
32011,703,493,1,0,1
32073,705,493,1,0,1
32151,705,493,1,0,1
32214,707,493,1,0,1
32292,707,493,1,0,1
32354,711,493,1,0,1
32432,711,493,1,0,1
32495,711,493,1,0,1
32573,711,493,1,0,1
32635,711,493,1,0,1
32713,711,493,1,0,1
32775,711,493,1,0,1
32853,711,493,1,0,1
32916,711,493,1,0,1
32994,711,493,1,0,1
33056,711,493,1,0,1
33134,711,493,0,0,1
33197,711,493,0,0,1
33275,711,493,0,0,1
33337,673,473,0,0,1
33415,567,415,0,0,1
33477,433,387,0,0,1
33555,391,367,0,0,1
33618,363,349,0,0,1
33696,343,345,0,0,1
33758,337,343,0,0,1
33836,327,335,0,0,1
33899,325,331,0,0,1
33977,325,331,0,0,1
34039,325,329,0,0,1
34117,325,327,0,0,1
34179,325,325,0,0,1
34242,325,325,0,0,1
34320,327,325,0,0,1
34382,329,321,0,0,1
34460,331,321,0,0,1
34523,331,321,0,0,1
34601,331,319,0,0,1
34663,333,317,0,0,1
34741,333,317,0,0,1
34803,333,317,0,0,1
34881,333,317,0,0,1
34944,333,317,0,0,1
35022,333,317,0,0,1
35084,335,315,0,0,1
35162,337,313,0,0,1
35225,341,309,0,0,1
35303,351,299,0,0,1
35365,357,293,0,0,1
35443,359,289,0,0,1
35505,361,289,0,0,1
35583,361,289,0,0,1
35646,361,289,0,0,1
35724,361,287,0,0,1
35786,363,281,0,0,1
35864,365,281,0,0,1
35927,367,279,0,0,1
36005,369,279,0,0,1
36067,373,279,0,0,1
36145,381,279,0,0,1
36207,391,279,0,0,1
36285,395,279,0,0,1
36348,399,277,0,0,1
36426,403,277,0,0,1
36488,411,273,0,0,1
36566,421,269,0,0,1
36629,433,263,0,0,1
36707,443,255,0,0,1
36769,457,241,0,0,1
36847,463,233,0,0,1
36909,463,229,0,0,1
36987,463,221,0,0,1
37050,463,213,0,0,1
37128,453,201,0,0,1
37190,451,199,0,0,1
37268,449,199,0,0,1
37331,449,205,0,0,1
37409,455,213,0,0,1
37471,459,217,0,0,1
37549,459,217,0,0,1
37611,465,217,0,0,1
37689,491,201,0,0,1
37752,517,143,0,0,1
37830,519,117,0,0,1
37892,511,107,0,0,1
37970,491,89,0,0,1
38033,479,83,0,0,1
38111,473,79,0,0,1
38173,465,77,0,0,1
38251,451,69,0,0,1
38313,437,63,0,0,1
38376,421,61,0,0,1
38454,411,61,0,0,1
38516,399,61,0,0,1
38594,397,61,0,0,1
38657,393,59,0,0,1
38735,389,57,0,0,1
38797,387,57,0,0,1
38875,385,57,0,0,1
38937,381,57,0,0,1
39015,373,57,0,0,1
39078,361,57,0,0,1
39156,347,57,0,0,1
39218,333,57,0,0,1
39296,319,61,0,0,1
39359,309,63,0,0,1
39437,299,65,0,0,1
39499,289,69,0,0,1
39577,281,69,0,0,1
39639,277,71,0,0,1
39717,273,71,0,0,1
39780,269,71,0,0,1
39858,261,73,0,0,1
39920,251,73,0,0,1
39998,235,75,0,0,1
40061,225,77,0,0,1
40139,213,89,0,0,1
40201,201,101,0,0,1
40279,197,117,0,0,1
40341,195,153,0,0,1
40419,209,197,0,0,1
40482,239,233,0,0,1
40560,287,271,0,0,1
40622,333,295,0,0,1
40700,375,307,0,0,1
40763,419,319,0,0,1
40841,441,321,0,0,1
40903,463,319,0,0,1
40981,477,309,0,0,1
41043,491,289,0,0,1
41121,525,267,0,0,1
41184,549,251,0,0,1
41262,561,245,0,0,1
41324,567,243,0,0,1
41402,567,247,0,0,1
41465,575,309,0,0,1
41543,571,357,0,0,1
41605,553,389,0,0,1
41683,537,419,0,0,1
41745,527,431,0,0,1
41823,513,439,0,0,1
41886,503,441,0,0,1
41964,495,439,0,0,1
42026,487,435,0,0,1
42104,479,431,0,0,1
42167,479,427,0,0,1
42245,479,427,0,0,1
42307,479,425,0,0,1
42385,477,419,0,0,1
42447,473,409,0,0,1
42525,469,403,0,0,1
42588,469,401,0,0,1
42666,467,395,0,0,1
42728,467,389,0,0,1
42806,467,383,0,0,1
42869,465,377,0,0,1
42947,463,377,0,0,1
43009,463,375,0,0,1
43087,461,371,0,0,1
43149,461,369,0,0,1
43227,461,369,0,0,1
43290,459,369,0,0,1
43368,459,367,0,0,1
43430,459,365,0,0,1
43508,459,361,0,0,1
43571,459,361,0,0,1
43649,459,359,0,0,1
43711,459,357,0,0,1
43789,457,355,0,0,1
43851,457,353,0,0,1
43929,457,351,0,0,1
43992,455,349,0,0,1
44070,455,349,0,0,1
44132,455,347,0,0,1
44210,453,347,0,0,1
44273,453,347,0,0,1
44351,453,347,0,0,1
44413,453,347,0,0,1
44491,453,349,0,0,1
44553,451,351,0,0,1
44631,437,357,0,0,1
44694,427,357,0,0,1
44772,415,353,0,0,1
44834,387,315,0,0,1
44912,351,247,0,0,1
44975,347,221,0,0,1
45053,355,205,0,0,1
45115,363,201,0,0,1
45193,365,201,0,0,1
45256,367,201,0,0,1
45334,367,201,0,0,1
45396,367,201,0,0,1
45474,371,201,1,0,1
45536,377,201,1,0,1
45614,381,201,1,0,1
45677,385,201,1,0,1
45755,385,201,1,0,1
45817,385,201,1,0,1
45895,383,201,1,0,1
45958,379,201,1,0,1
46036,375,201,1,0,1
46098,375,201,1,0,1
46160,375,201,1,0,1
46238,377,201,1,0,1
46301,377,201,1,0,1
46379,377,201,1,0,1
46441,379,201,1,0,1
46519,379,201,1,0,1
46582,381,207,1,0,1
46660,381,211,1,0,1
46722,385,215,1,0,1
46800,385,217,1,0,1
46862,387,217,1,0,1
46940,387,217,1,0,1
47003,391,219,1,0,1
47081,395,219,1,0,1
47143,397,219,1,0,1
47221,399,219,1,0,1
47284,403,219,1,0,1
47362,407,221,1,0,1
47424,411,223,0,0,1
47502,415,227,0,0,1
47564,419,231,0,0,1
47642,421,233,0,0,1
47705,425,233,0,0,1
47783,429,237,0,0,1
47845,429,237,0,0,1
47923,429,237,0,0,1
47986,429,237,0,0,1
48064,421,237,0,0,1
48126,391,227,0,0,1
48204,343,219,0,0,1
48266,329,219,0,0,1
48344,321,221,0,0,1
48407,313,229,0,0,1
48485,303,239,0,0,1
48547,303,239,0,0,1
48625,307,239,0,0,1
48688,343,245,0,0,1
48766,377,247,0,0,1
48828,383,247,0,0,1
48906,383,247,0,0,1
48968,383,249,0,0,1
49046,383,249,0,0,1
49109,383,249,0,0,1
49187,383,249,0,0,1
49249,383,249,0,0,1
49327,383,249,0,0,1
49390,387,249,0,0,1
49468,393,251,0,0,1
49530,397,253,0,0,1
49608,399,253,0,0,1
49670,399,253,0,0,1
49748,401,253,0,0,1
49811,403,253,0,0,1
49889,405,253,0,0,1
49951,409,253,0,0,1
50029,411,249,0,0,1
50092,415,249,0,0,1
50170,415,247,0,0,1
50232,417,247,0,0,1
50310,417,245,0,0,1
50372,419,245,0,0,1
50450,423,245,0,0,1
50513,429,243,0,0,1
50591,435,243,0,0,1
50653,441,241,0,0,1
50731,443,241,0,0,1
50794,445,239,0,0,1
50872,447,237,0,0,1
50934,449,235,0,0,1
51012,449,235,0,0,1
51074,449,235,0,0,1
51152,451,233,0,0,1
51215,451,231,0,0,1
51293,455,231,0,0,1
51355,457,229,0,0,1
51433,463,225,0,0,1
51496,467,225,0,0,1
51574,471,223,0,0,1
51636,475,223,0,0,1
51714,477,221,0,0,1
51776,481,221,0,0,1
51854,487,219,0,0,1
51917,497,219,0,0,1
51995,505,217,0,0,1
52057,511,217,0,0,1
52135,515,217,0,0,1
52198,519,217,0,0,1
52276,525,217,0,0,1
52338,531,217,0,0,1
52416,537,217,0,0,1
52478,543,217,0,0,1
52556,549,217,0,0,1
52619,553,215,0,0,1
52697,555,215,0,0,1
52759,561,215,0,0,1
52837,563,215,0,0,1
52900,565,215,0,0,1
52978,565,215,0,0,1
53040,565,215,0,0,1
53118,565,215,0,0,1
53180,565,215,0,0,1
53258,565,215,0,0,1
53321,565,215,0,0,1
53399,565,215,0,0,1
53461,565,215,0,0,1
53539,579,243,0,0,1
53602,589,307,0,0,1
53680,591,337,0,0,1
53742,583,345,0,0,1
53820,571,355,0,0,1
53882,563,361,0,0,1
53960,557,363,0,0,1
54023,549,363,0,0,1
54101,537,363,0,0,1
54163,525,361,0,0,1
54241,519,361,0,0,1
54304,517,361,0,0,1
54366,515,361,0,0,1
54444,513,361,0,0,1
54506,511,361,0,0,1
54584,511,361,0,0,1
54647,511,361,0,0,1
54725,511,359,0,0,1
54787,511,357,0,0,1
54865,503,351,0,0,1
54928,499,345,0,0,1
55006,497,341,0,0,1
55068,497,341,0,0,1
55146,495,341,0,0,1
55208,495,341,0,0,1
55286,495,341,0,0,1
55349,493,339,0,0,1
55427,491,339,0,0,1
55489,489,337,0,0,1
55567,487,337,0,0,1
55630,485,337,0,0,1
55708,481,337,0,0,1
55770,479,337,0,0,1
55848,477,337,0,0,1
55910,475,337,0,0,1
55988,473,337,0,0,1
56051,469,339,0,0,1
56129,461,341,0,0,1
56191,457,343,0,0,1
56269,449,333,0,0,1
56332,411,271,0,0,1
56410,395,239,0,0,1
56472,393,231,0,0,1
56550,391,229,0,0,1
56612,391,229,0,0,1
56690,391,229,0,0,1
56753,389,231,0,0,1
56831,389,231,0,0,1
56893,387,233,1,0,1
56971,387,233,1,0,1
57034,387,235,1,0,1
57112,387,241,1,0,1
57174,387,247,1,0,1
57252,387,251,1,0,1
57314,389,253,1,0,1
57392,393,255,1,0,1
57455,395,257,1,0,1
57533,395,259,1,0,1
57595,395,259,1,0,1
57673,395,261,1,0,1
57736,393,265,1,0,1
57814,387,267,1,0,1
57876,375,271,1,0,1
57954,373,273,1,0,1
58016,371,273,1,0,1
58094,371,273,1,0,1
58157,371,273,1,0,1
58235,371,273,1,0,1
58297,371,275,1,0,1
58375,371,281,1,0,1
58438,371,285,1,0,1
58516,371,289,1,0,1
58578,371,291,0,0,1
58656,371,291,0,0,1
58718,367,293,0,0,1
58796,345,299,0,0,1
58859,323,307,0,0,1
58921,301,307,0,0,1
58999,289,307,0,0,1
59062,283,307,0,0,1
59140,283,307,0,0,1
59202,283,307,0,0,1
59280,283,307,0,0,1
59342,287,307,0,0,1
59420,287,307,0,0,1
59498,291,309,0,0,1
59561,295,309,0,0,1
59639,297,309,0,0,1
59701,297,309,0,0,1
59779,299,309,0,0,1
59842,299,309,0,0,1
59920,301,309,0,0,1
59982,303,309,0,0,1
60060,305,305,0,0,1
60122,307,303,0,0,1
60200,309,303,0,0,1
60263,309,303,0,0,1
60341,309,303,0,0,1
60403,309,303,0,0,1
60481,309,303,0,0,1
60544,309,305,0,0,1
60622,309,309,0,0,1
60684,309,319,0,0,1
60762,309,329,0,0,1
60824,309,329,0,0,1
60902,309,329,0,0,1
60965,311,329,0,0,1
61043,311,327,0,0,1
61105,311,327,0,0,1
61183,311,327,0,0,1
61246,313,327,0,0,1
61324,317,327,0,0,1
61386,321,327,0,0,1
61464,323,327,0,0,1
61526,323,327,0,0,1
61604,323,327,0,0,1
61667,323,327,0,0,1
61745,323,327,0,0,1
61807,323,327,0,0,1
61885,323,325,0,0,1
61948,323,325,0,0,1
62026,323,321,0,0,1
62088,325,321,0,0,1
62166,325,321,0,0,1
62228,329,317,0,0,1
62306,335,317,0,0,1
62369,337,315,0,0,1
62447,337,315,0,0,1
62509,337,315,0,0,1
62587,365,317,0,0,1
62650,415,319,0,0,1
62728,477,319,0,0,1
62790,519,319,0,0,1
62852,531,319,0,0,1
62930,543,319,0,0,1
62993,545,321,0,0,1
63071,547,323,0,0,1
63133,551,345,0,0,1
63211,543,399,0,0,1
63274,541,419,0,0,1
63352,531,445,0,0,1
63414,515,461,0,0,1
63492,503,471,0,0,1
63554,485,475,0,0,1
63632,465,475,0,0,1
63695,445,471,0,0,1
63773,437,471,0,0,1
63835,431,469,0,0,1
63913,425,469,0,0,1
63976,417,469,0,0,1
64054,411,469,0,0,1
64116,409,469,0,0,1
64194,411,467,0,0,1
64256,413,461,0,0,1
64334,413,457,0,0,1
64397,413,457,0,0,1
64475,413,453,0,0,1
64537,413,447,0,0,1
64615,413,443,0,0,1
64678,411,439,0,0,1
64756,411,437,0,0,1
64818,411,435,0,0,1
64896,411,435,0,0,1
64958,409,433,0,0,1
65036,409,433,0,0,1
65099,409,433,0,0,1
65177,409,433,0,0,1
65239,409,433,0,0,1
65317,409,433,0,0,1
65380,411,433,0,0,1
65458,411,429,0,0,1
65520,413,409,0,0,1
65598,421,397,0,0,1
65660,423,389,0,0,1
65738,423,389,0,0,1
65801,423,389,0,0,1
65879,411,379,0,0,1
65941,367,353,0,0,1
66019,333,343,0,0,1
66082,309,335,0,0,1
66160,301,333,0,0,1
66222,293,337,0,0,1
66300,281,339,0,0,1
66362,277,339,0,0,1
66440,277,339,0,0,1
66503,281,339,0,0,1
66581,281,339,0,0,1
66643,283,337,0,0,1
66721,283,337,0,0,1
66784,285,335,0,0,1
66862,287,333,0,0,1
66924,287,329,0,0,1
67002,287,329,0,0,1
67064,289,327,0,0,1
67142,289,325,0,0,1
67205,291,323,0,0,1
67283,293,323,0,0,1
67345,297,319,0,0,1
67408,297,319,0,0,1
67486,301,317,0,0,1
67548,303,317,0,0,1
67626,305,317,0,0,1
67688,307,317,0,0,1
67766,309,317,0,0,1
67829,313,317,0,0,1
67907,315,317,0,0,1
67969,315,317,0,0,1
68047,315,317,0,0,1
68110,315,315,0,0,1
68188,315,315,0,0,1
68250,315,315,0,0,1
68328,315,315,0,0,1
68390,325,323,0,0,1
68468,369,351,0,0,1
68531,431,377,0,0,1
68609,479,395,0,0,1
68671,531,407,0,0,1
68749,539,409,0,0,1
68812,545,413,0,0,1
68890,547,413,0,0,1
68952,551,415,0,0,1
69030,551,415,0,0,1
69092,551,415,0,0,1
69170,551,415,0,0,1
69233,551,415,0,0,1
69311,551,415,0,0,1
69373,551,415,0,0,1
69451,551,415,0,0,1
69514,551,415,0,0,1
69592,551,413,0,0,1
69654,555,381,0,0,1
69732,561,351,0,0,1
69794,561,349,0,0,1
69872,561,349,0,0,1
69935,561,349,0,0,1
70013,559,349,0,0,1
70075,559,349,0,0,1
70153,559,353,0,0,1
70216,565,355,0,0,1
70294,573,361,0,0,1
70356,579,367,0,0,1
70434,583,369,0,0,1
70496,587,371,0,0,1
70574,591,375,0,0,1
70637,601,379,0,0,1
70715,609,381,0,0,1
70777,619,383,0,0,1
70855,631,385,0,0,1
70918,639,387,0,0,1
70996,645,387,0,0,1
71058,649,387,0,0,1
71136,659,387,0,0,1
71198,671,387,0,0,1
71276,683,389,0,0,1
71339,685,389,0,0,1
71417,685,389,0,0,1
71479,689,391,0,0,1
71557,695,393,0,0,1
71620,705,395,0,0,1
71682,703,395,0,0,1
71760,629,381,0,0,1
71822,397,375,0,0,1
71900,313,361,0,0,1
71963,267,341,0,0,1
72041,225,331,0,0,1
72103,213,325,0,0,1
72181,215,325,0,0,1
72244,227,325,0,0,1
72322,235,325,0,0,1
72384,249,325,0,0,1
72462,259,323,0,0,1
72524,263,323,0,0,1
72602,265,323,0,0,1
72665,265,323,0,0,1
72743,265,323,0,0,1
72805,265,323,0,0,1
72883,265,323,0,0,1
72946,265,323,0,0,1
73024,269,323,0,0,1
73086,271,323,0,0,1
73164,273,323,0,0,1
73226,273,323,0,0,1
73304,273,323,0,0,1
73367,273,323,0,0,1
73445,271,323,0,0,1
73507,267,323,0,0,1
73585,259,323,0,0,1
73648,255,323,0,0,1
73726,255,323,0,0,1
73788,255,323,0,0,1
73866,255,321,0,0,1
73928,257,319,0,0,1
74006,257,319,0,0,1
74069,259,319,0,0,1
74147,261,317,0,0,1
74209,263,315,0,0,1
74287,267,313,0,0,1
74350,269,313,0,0,1
74428,273,311,0,0,1
74490,277,309,0,0,1
74568,281,309,0,0,1
74630,283,307,0,0,1
74708,283,307,0,0,1
74771,283,307,0,0,1
74849,283,309,0,0,1
74911,281,313,0,0,1
74989,277,317,0,0,1
75052,273,319,0,0,1
75114,271,319,0,0,1
75192,271,319,0,0,1
75254,273,319,0,0,1
75332,277,317,0,0,1
75395,279,315,0,0,1
75473,283,313,0,0,1
75535,283,311,0,0,1
75613,285,311,0,0,1
75676,285,311,0,0,1
75754,287,311,0,0,1
75816,287,311,0,0,1
75894,287,311,0,0,1
75956,287,311,0,0,1
76035,287,311,0,0,1
76097,287,311,0,0,1
76175,287,311,0,0,1
76237,287,311,0,0,1
76315,287,311,0,0,1
76378,287,311,0,0,1
76456,287,311,0,0,1
76518,287,311,0,0,1
76596,287,311,0,0,1
76659,323,335,0,0,1
76737,365,357,0,0,1
76799,377,363,0,0,1
76877,383,367,0,0,1
76939,383,367,0,0,1
77017,387,371,0,0,1
77080,387,371,0,0,1
77158,387,371,0,0,1
77220,387,371,0,0,1
77298,385,371,0,0,1
77361,385,371,0,0,1
77439,383,371,0,0,1
77501,383,371,0,0,1
77579,381,371,0,0,1
77641,381,371,0,0,1
77719,381,371,0,0,1
77782,381,371,0,0,1
77860,379,371,0,0,1
77922,379,371,0,0,1
78000,377,371,0,0,1
78063,377,371,0,0,1
78141,375,373,0,0,1
78203,373,373,0,0,1
78265,373,377,0,0,1
78343,371,379,0,0,1
78406,371,381,0,0,1
78484,371,381,0,0,1
78546,371,383,0,0,1
78624,371,383,0,0,1
78687,371,387,0,0,1
78765,373,395,0,0,1
78827,397,417,0,0,1
78905,467,435,0,0,1
78967,539,421,0,0,1
79045,557,399,0,0,1
79108,561,385,0,0,1
79186,561,369,0,0,1
79248,561,361,0,0,1
79326,559,359,0,0,1
79389,557,355,0,0,1
79467,553,353,0,0,1
79529,551,349,0,0,1
79607,547,345,0,0,1
79669,543,343,0,0,1
79747,541,341,0,0,1
79810,539,339,0,0,1
79888,537,339,0,0,1
79950,535,337,0,0,1
80028,535,337,0,0,1
80091,533,337,0,0,1
80169,529,337,0,0,1
80231,523,337,0,0,1
80309,519,339,0,0,1
80371,515,339,0,0,1
80449,507,341,0,0,1
80512,489,349,0,0,1
80590,479,351,0,0,1
80652,477,351,0,0,1
80730,473,351,0,0,1
80793,473,349,0,0,1
80871,473,347,0,0,1
80933,471,345,0,0,1
81011,471,345,0,0,1
81073,469,341,0,0,1
81151,467,337,0,0,1
81214,465,335,0,0,1
81292,463,333,0,0,1
81354,461,331,0,0,1
81432,461,331,0,0,1
81495,461,331,0,0,1
81573,461,331,0,0,1
81635,461,331,0,0,1
81713,461,331,0,0,1
81775,459,329,0,0,1
81853,457,329,0,0,1
81916,455,327,0,0,1
81994,455,327,0,0,1
82056,455,329,0,0,1
82134,451,347,0,0,1
82197,429,393,0,0,1
82275,415,415,0,0,1
82337,409,423,0,0,1
82415,405,427,0,0,1
82477,405,427,0,0,1
82555,405,429,0,0,1
82618,405,429,0,0,1
82696,405,431,0,0,1
82758,405,433,0,0,1
82836,405,435,0,0,1
82899,405,435,0,0,1
82977,405,435,0,0,1
83039,405,435,0,0,1
83117,405,435,0,0,1
83179,405,435,0,0,1
83257,405,437,0,0,1
83320,405,437,0,0,1
83398,405,437,0,0,1
83460,405,437,0,0,1
83538,405,435,0,0,1
83601,405,435,0,0,1
83679,405,435,0,0,1
83741,383,431,0,0,1
83819,353,425,0,0,1
83881,351,425,0,0,1
83959,351,423,0,0,1
84022,355,423,0,0,1
84100,355,423,0,0,1
84162,357,423,0,0,1
84240,357,423,0,0,1
84303,359,423,0,0,1
84381,361,423,0,0,1
84443,361,425,0,0,1
84521,361,425,0,0,1
84583,363,425,0,0,1
84661,363,425,0,0,1
84724,365,423,0,0,1
84802,367,423,0,0,1
84864,369,423,0,0,1
84942,371,421,0,0,1
85005,373,421,0,0,1
85083,373,421,0,0,1
85145,373,421,0,0,1
85223,375,419,0,0,1
85285,379,419,0,0,1
85363,381,419,0,0,1
85426,383,419,0,0,1
85504,385,419,0,0,1
85566,385,419,0,0,1
85644,389,419,0,0,1
85707,399,419,0,0,1
85785,413,419,0,0,1
85847,419,419,0,0,1
85925,421,419,0,0,1
85987,427,417,0,0,1
86065,441,397,0,0,1
86128,457,381,0,0,1
86206,467,369,0,0,1
86268,475,361,0,0,1
86346,477,359,0,0,1
86409,479,357,0,0,1
86487,481,355,0,0,1
86549,483,355,0,0,1
86627,483,353,0,0,1
86689,483,353,0,0,1
86767,485,351,0,0,1
86830,487,349,0,0,1
86908,489,345,0,0,1
86970,489,343,0,0,1
87048,491,341,0,0,1
87111,491,341,0,0,1
87189,493,339,0,0,1
87251,495,337,0,0,1
87329,499,331,0,0,1
87391,503,325,0,0,1
87469,505,323,0,0,1
87532,507,323,0,0,1
87610,507,323,0,0,1
87672,507,323,0,0,1
87750,507,323,0,0,1
87813,507,323,0,0,1
87891,507,323,0,0,1
87953,507,323,0,0,1
88031,509,323,0,0,1
88093,509,323,0,0,1
88171,511,323,0,0,1
88234,513,323,0,0,1
88312,513,323,0,0,1
88374,517,321,0,0,1
88452,519,319,0,0,1
88515,519,319,0,0,1
88593,523,319,0,0,1
88655,525,317,0,0,1
88733,529,315,0,0,1
88795,535,311,0,0,1
88873,537,309,0,0,1
88936,539,309,0,0,1
89014,539,307,0,0,1
89076,539,307,0,0,1
89154,541,307,0,0,1
89217,541,307,0,0,1
89295,545,307,0,0,1
89357,553,307,0,0,1
89435,561,307,0,0,1
89497,569,307,0,0,1
89575,575,305,0,0,1
89638,581,305,0,0,1
89716,585,303,0,0,1
89778,587,299,0,0,1
89856,587,295,0,0,1
89919,589,287,0,0,1
89997,589,283,0,0,1
90059,589,283,0,0,1
90137,589,281,0,0,1
90199,589,281,0,0,1
90277,589,281,0,0,1
90340,589,279,0,0,1
90402,589,279,0,0,1
90480,589,279,0,0,1
90558,589,279,0,0,1
90621,589,281,0,0,1
90683,589,283,0,0,1
90761,581,285,0,0,1
90839,411,309,0,0,1
90901,299,317,0,0,1
90979,289,313,0,0,1
91042,263,301,0,0,1
91120,245,299,0,0,1
91182,237,301,0,0,1
91260,233,311,0,0,1
91323,233,313,0,0,1
91401,237,315,0,0,1
91463,243,317,0,0,1
91541,249,319,0,0,1
91603,253,319,0,0,1
91681,255,319,0,0,1
91744,255,319,0,0,1
91806,257,319,0,0,1
91884,263,319,0,0,1
91947,269,317,0,0,1
92025,271,317,0,0,1
92087,271,317,0,0,1
92165,273,317,0,0,1
92227,273,317,0,0,1
92305,273,317,0,0,1
92368,273,315,0,0,1
92446,273,315,0,0,1
92508,271,315,0,0,1
92586,269,315,0,0,1
92649,267,315,0,0,1
92727,265,317,0,0,1
92789,263,319,0,0,1
92867,263,321,0,0,1
92929,265,323,0,0,1
93007,281,329,0,0,1
93070,345,349,0,0,1
93148,435,357,0,0,1
93210,505,353,0,0,1
93288,525,349,0,0,1
93351,529,347,0,0,1
93429,531,347,0,0,1
93491,531,347,0,0,1
93569,531,347,0,0,1
93631,531,347,0,0,1
93709,531,347,0,0,1
93772,531,347,0,0,1
93850,533,347,0,0,1
93912,549,345,0,0,1
93990,569,339,0,0,1
94053,579,333,0,0,1
94131,581,331,0,0,1
94193,581,329,0,0,1
94271,581,329,0,0,1
94333,579,327,0,0,1
94411,577,325,0,0,1
94474,573,325,0,0,1
94552,569,323,0,0,1
94630,567,323,0,0,1
94692,563,323,0,0,1
94770,559,321,0,0,1
94833,555,321,0,0,1
94911,553,319,0,0,1
94973,551,319,0,0,1
95051,545,317,0,0,1
95113,543,317,0,0,1
95191,543,317,1,0,1
95254,543,317,1,0,1
95332,543,317,1,0,1
95394,541,319,1,0,1
95472,529,323,1,0,1
95535,519,325,1,0,1
95613,505,325,1,0,1
95675,503,323,1,0,1
95753,503,323,1,0,1
95815,503,323,1,0,1
95893,503,323,1,0,1
95956,501,323,1,0,1
96034,499,323,1,0,1
96096,499,323,1,0,1
96174,497,327,1,0,1
96237,495,329,1,0,1
96315,491,333,1,0,1
96377,489,333,1,0,1
96455,489,333,1,0,1
96517,487,333,1,0,1
96595,483,335,1,0,1
96658,479,337,1,0,1
96720,475,339,1,0,1
96798,475,339,1,0,1
96861,475,339,0,0,1
96939,475,341,0,0,1
97001,475,343,0,0,1
97079,473,349,0,0,1
97141,473,349,0,0,1
97219,471,351,0,0,1
97282,471,353,0,0,1
97360,469,355,0,0,1
97422,467,359,0,0,1
97500,465,359,0,0,1
97563,465,361,0,0,1
97641,465,361,0,0,1
97703,463,361,0,0,1
97781,461,361,0,0,1
97843,453,363,0,0,1
97921,431,363,0,0,1
97984,343,349,0,0,1
98062,285,321,0,0,1
98124,269,313,0,0,1
98202,243,295,0,0,1
98265,229,289,0,0,1
98343,229,289,0,0,1
98405,233,295,0,0,1
98483,237,299,0,0,1
98545,241,303,0,0,1
98623,247,303,0,0,1
98686,247,303,0,0,1
98764,251,303,0,0,1
98826,253,303,0,0,1
98904,255,303,0,0,1
98967,259,305,0,0,1
99045,261,305,0,0,1
99107,267,307,0,0,1
99185,271,307,0,0,1
99247,275,309,0,0,1
99325,283,311,0,0,1
99388,293,313,0,0,1
99466,303,313,0,0,1
99528,309,311,0,0,1
99606,309,311,0,0,1
99669,309,315,0,0,1
99747,309,323,0,0,1
99809,309,325,0,0,1
99887,309,325,0,0,1
99949,309,325,0,0,1
100027,309,325,0,0,1
100090,309,325,0,0,1
100168,309,325,0,0,1
100230,309,325,0,0,1
100293,309,325,0,0,1
100371,309,325,0,0,1
100464,309,325,0,0,1
100527,309,325,0,0,1
100605,309,325,0,0,1
100667,309,325,0,0,1
100729,309,325,0,0,1
100807,309,325,0,0,1
100870,309,325,0,0,1
100948,309,325,0,0,1
101010,309,325,0,0,1
101088,309,325,0,0,1
101151,309,325,0,0,1
101229,309,325,0,0,1
101291,309,325,0,0,1
101369,309,325,0,0,1
101431,309,325,0,0,1
101509,309,325,0,0,1
101572,309,325,0,0,1
101650,309,325,0,0,1
101712,309,325,0,0,1
101790,309,325,0,0,1
101853,309,323,0,0,1
101931,309,323,0,0,1
101993,309,323,0,0,1
102071,309,323,0,0,1
102133,309,323,0,0,1
102211,309,323,0,0,1
102274,309,319,0,0,1
102352,307,319,0,0,1
102414,305,311,0,0,1
102492,299,297,0,0,1
102555,289,275,0,0,1
102633,285,257,0,0,1
102695,283,235,0,0,1
102773,287,233,0,0,1
102835,289,229,0,0,1
102913,291,229,0,0,1
102976,291,231,0,0,1
103054,291,233,0,0,1
103116,291,233,0,0,1
103194,291,233,0,0,1
103257,293,239,0,0,1
103335,293,239,0,0,1
103397,299,243,0,0,1
103475,335,263,0,0,1
103537,365,275,0,0,1
103615,367,275,0,0,1
103678,369,275,0,0,1
103756,371,275,0,0,1
103818,377,275,0,0,1
103881,379,275,0,0,1
103959,379,273,0,0,1
104021,381,273,0,0,1
104099,385,271,0,0,1
104161,387,269,0,0,1
104239,387,269,0,0,1
104302,389,269,0,0,1
104380,389,269,0,0,1
104442,389,269,0,0,1
104520,389,269,0,0,1
104583,389,269,0,0,1
104661,389,267,0,0,1
104723,389,267,0,0,1
104801,389,267,0,0,1
104863,389,267,0,0,1
104941,389,267,0,0,1
105004,389,267,0,0,1
105082,389,267,0,0,1
105144,389,267,0,0,1
105222,389,267,0,0,1
105285,389,267,0,0,1
105363,389,267,0,0,1
105425,387,267,0,0,1
105503,387,267,0,0,1
105565,383,267,0,0,1
105643,373,267,0,0,1
105706,345,257,0,0,1
105784,337,257,0,0,1
105846,355,281,0,0,1
105924,453,343,0,0,1
105987,499,369,0,0,1
106065,513,381,0,0,1
106127,521,387,0,0,1
106205,523,387,0,0,1
106267,525,387,0,0,1
106345,525,383,0,0,1
106408,525,377,0,0,1
106486,525,365,0,0,1
106548,525,365,0,0,1
106626,525,365,0,0,1
106689,525,365,0,0,1
106767,523,365,0,0,1
106829,521,365,0,0,1
106907,515,365,0,0,1
106969,511,365,0,0,1
107047,509,363,0,0,1
107110,509,361,0,0,1
107188,507,361,0,0,1
107250,503,355,0,0,1
107328,503,355,0,0,1
107391,503,355,0,0,1
107469,503,355,0,0,1
107531,501,347,0,0,1
107609,501,343,0,0,1
107672,497,339,0,0,1
107750,497,339,0,0,1
107812,497,337,0,0,1
107890,497,337,0,0,1
107952,495,337,0,0,1
108030,487,337,0,0,1
108093,467,329,0,0,1
108171,463,329,0,0,1
108233,407,315,0,0,1
108311,363,299,0,0,1
108374,327,283,0,0,1
108452,307,281,0,0,1
108514,295,279,0,0,1
108592,295,279,0,0,1
108654,307,279,0,0,1
108732,311,283,0,0,1
108795,313,283,0,0,1
108873,315,283,0,0,1
108935,319,283,0,0,1
109013,323,283,0,0,1
109076,323,283,0,0,1
109154,323,283,0,0,1
109216,325,283,0,0,1
109294,327,283,0,0,1
109356,327,283,0,0,1
109434,329,283,0,0,1
109497,329,283,0,0,1
109575,329,283,0,0,1
109637,329,283,0,0,1
109715,331,283,0,0,1
109778,333,283,0,0,1
109856,335,285,0,0,1
109918,335,285,0,0,1
109996,335,285,0,0,1
110058,337,285,0,0,1
110136,337,285,0,0,1
110199,337,285,0,0,1
110261,337,285,0,0,1
110339,339,285,0,0,1
110402,339,285,0,0,1
110480,339,285,0,0,1
110542,341,285,0,0,1
110620,341,287,0,0,1
110682,341,287,0,0,1
110760,343,287,0,0,1
110823,343,287,0,0,1
110901,343,289,0,0,1
110963,343,289,0,0,1
111041,343,289,0,0,1
111104,343,289,0,0,1
111182,345,289,0,0,1
111244,345,289,0,0,1
111322,347,289,0,0,1
111384,349,291,0,0,1
111462,349,291,0,0,1
111525,351,291,0,0,1
111603,351,293,0,0,1
111665,351,293,0,0,1
111743,351,293,0,0,1
111806,351,293,0,0,1
111884,351,293,0,0,1
111946,353,293,0,0,1
112024,353,293,0,0,1
112086,353,293,0,0,1
112164,353,293,0,0,1
112227,355,293,0,0,1
112305,385,329,0,0,1
112367,419,369,0,0,1
112445,459,407,0,0,1
112508,481,427,0,0,1
112586,501,443,0,0,1
112648,503,443,0,0,1
112726,503,443,0,0,1
112788,503,443,0,0,1
112866,501,441,0,0,1
112929,499,437,0,0,1
112991,495,433,0,0,1
113069,495,431,0,0,1
113132,493,425,0,0,1
113210,493,425,0,0,1
113272,489,417,0,0,1
113350,485,413,0,0,1
113412,479,405,0,0,1
113490,473,399,0,0,1
113553,471,397,0,0,1
113631,471,395,0,0,1
113693,469,395,0,0,1
113771,467,393,0,0,1
113834,467,393,0,0,1
113912,465,389,0,0,1
113974,463,389,0,0,1
114052,461,385,0,0,1
114114,461,385,0,0,1
114192,461,373,0,0,1
114255,465,359,0,0,1
114333,465,357,0,0,1
114395,465,357,0,0,1
114473,465,357,0,0,1
114551,465,357,0,0,1
114614,465,357,0,0,1
114692,465,357,0,0,1
114754,461,357,0,0,1
114816,453,353,0,0,1
114894,445,351,0,0,1
114957,445,349,0,0,1
115035,443,349,0,0,1
115097,443,349,0,0,1
115175,443,349,0,0,1
115238,441,349,0,0,1
115316,441,349,0,0,1
115378,441,349,0,0,1
115456,439,349,0,0,1
115518,437,349,0,0,1
115596,433,351,0,0,1
115659,425,353,0,0,1
115737,419,357,0,0,1
115815,417,357,0,0,1
115877,417,359,0,0,1
115940,417,359,0,0,1
116018,415,359,0,0,1
116080,409,359,0,0,1
116158,403,359,0,0,1
116220,399,359,0,0,1
116298,399,359,0,0,1
116361,397,355,0,0,1
116439,403,339,0,0,1
116501,409,321,0,0,1
116579,413,297,0,0,1
116642,413,293,0,0,1
116720,413,293,0,0,1
116782,413,293,0,0,1
116860,413,293,0,0,1
116922,413,293,0,0,1
117000,413,293,0,0,1
117063,413,293,0,0,1
117141,413,291,0,0,1
117203,413,289,0,0,1
117281,413,289,0,0,1
117344,415,289,0,0,1
117422,415,287,0,0,1
117484,421,283,0,0,1
117562,425,279,0,0,1
117624,429,279,0,0,1
117702,431,279,0,0,1
117765,433,279,0,0,1
117843,437,283,0,0,1
117905,439,285,0,0,1
117983,441,287,0,0,1
118046,441,287,0,0,1
118124,441,287,0,0,1
118186,441,287,0,0,1
118264,441,287,0,0,1
118326,443,287,0,0,1
118404,445,289,0,0,1
118467,447,289,0,0,1
118545,453,289,0,0,1
118607,453,289,0,0,1
118685,457,289,0,0,1
118748,457,289,0,0,1
118826,461,287,0,0,1
118888,461,285,0,0,1
118966,463,285,0,0,1
119028,463,285,0,0,1
119091,465,285,0,0,1
119169,467,285,0,0,1
119231,471,285,0,0,1
119309,477,285,0,0,1
119372,479,285,0,0,1
119450,479,287,0,0,1
119512,485,307,0,0,1
119590,489,323,0,0,1
119652,489,323,0,0,1
119730,489,323,0,0,1
119793,489,323,0,0,1
119871,489,323,0,0,1
119933,489,323,0,0,1
120011,489,321,0,0,1
120074,479,311,0,0,1
120152,475,307,0,0,1
120214,475,307,0,0,1
120292,473,307,0,0,1
120354,471,307,0,0,1
120432,463,303,0,0,1
120495,461,303,0,0,1
120573,457,303,0,0,1
120635,457,303,0,0,1
120713,451,303,0,0,1
120776,449,305,0,0,1
120854,447,305,0,0,1
120916,445,305,0,0,1
120994,443,305,0,0,1
121056,441,305,0,0,1
121134,437,309,0,0,1
121197,425,319,0,0,1
121275,417,333,0,0,1
121337,417,333,0,0,1
121415,417,333,0,0,1
121478,417,333,0,0,1
121556,417,333,0,0,1
121618,417,333,0,0,1
121696,417,333,0,0,1
121758,417,333,0,0,1
121836,417,335,0,0,1
121899,417,335,0,0,1
121977,417,335,0,0,1
122039,415,335,0,0,1
122117,415,335,0,0,1
122180,413,335,0,0,1
122258,409,337,0,0,1
122320,405,345,0,0,1
122398,399,347,0,0,1
122460,397,349,0,0,1
122523,395,351,0,0,1
122601,395,351,0,0,1
122663,393,351,0,0,1
122741,391,351,0,0,1
122804,387,351,0,0,1
122882,387,351,0,0,1
122944,385,349,0,0,1
123022,383,343,0,0,1
123084,357,313,0,0,1
123162,299,273,0,0,1
123225,267,239,0,0,1
123303,261,229,0,0,1
123365,261,229,0,0,1
123443,261,229,0,0,1
123506,261,229,0,0,1
123584,263,229,0,0,1
123646,273,235,0,0,1
123724,275,237,0,0,1
123786,283,237,0,0,1
123864,287,239,0,0,1
123927,289,241,0,0,1
124005,295,243,0,0,1
124067,297,243,0,0,1
124145,305,249,0,0,1
124208,311,251,0,0,1
124286,313,251,0,0,1
124348,315,251,0,0,1
124426,315,251,0,0,1
124488,315,251,0,0,1
124566,323,255,0,0,1
124629,395,285,0,0,1
124707,471,311,0,0,1
124769,475,313,0,0,1
124847,481,311,0,0,1
124910,497,309,0,0,1
124988,503,307,0,0,1
125050,505,305,0,0,1
125128,505,305,0,0,1
125190,511,305,0,0,1
125268,515,303,0,0,1
125331,519,301,0,0,1
125409,521,299,0,0,1
125471,523,295,0,0,1
125549,525,295,0,0,1
125612,529,291,0,0,1
125690,529,291,0,0,1
125752,531,289,0,0,1
125830,531,287,0,0,1
125892,531,285,0,0,1
125970,531,283,0,0,1
126033,531,283,0,0,1
126111,531,283,0,0,1
126173,531,283,0,0,1
126251,533,281,0,0,1
126314,533,281,0,0,1
126392,535,279,0,0,1
126454,537,279,0,0,1
126532,537,277,1,0,1
126594,541,275,0,0,1
126672,541,275,1,0,1
126735,541,275,0,0,1
126813,541,273,1,0,1
126875,541,273,0,0,1
126953,541,273,1,0,1
127016,543,271,0,0,1
127094,543,271,1,0,1
127156,543,269,0,0,1
127234,543,267,1,0,1
127296,545,263,0,0,1
127374,545,263,1,0,1
127437,545,263,0,0,1
127515,545,261,1,0,1
127577,545,259,0,0,1
127655,545,259,1,0,1
127718,545,257,0,0,1
127796,545,257,1,0,1
127858,545,257,0,0,1
127936,545,255,1,0,1
127998,545,255,1,0,1
128076,547,255,1,0,1
128139,547,253,1,0,1
128201,547,253,1,0,1
128279,559,253,0,0,1
128342,563,251,0,0,1
128420,565,251,0,0,1
128498,565,249,0,0,1
128560,565,249,0,0,1
128638,565,245,0,0,1
128700,565,243,0,0,1
128778,565,241,0,0,1
128841,565,239,0,0,1
128919,565,239,0,0,1
128981,565,239,0,0,1
129059,565,239,0,0,1
129122,567,239,0,0,1
129184,567,239,0,0,1
129262,569,239,0,0,1
129324,571,237,0,0,1
129402,573,237,0,0,1
129465,575,235,0,0,1
129543,575,235,0,0,1
129605,575,235,0,0,1
129683,575,233,0,0,1
129746,577,231,0,0,1
129824,577,229,0,0,1
129886,577,229,0,0,1
129964,577,229,0,0,1
130026,577,229,0,0,1
130104,577,231,0,0,1
130167,577,235,0,0,1
130245,575,235,0,0,1
130307,573,237,0,0,1
130385,573,237,0,0,1
130448,569,237,0,0,1
130526,563,237,0,0,1
130588,559,237,0,0,1
130666,557,237,0,0,1
130728,557,239,0,0,1
130806,557,239,0,0,1
130869,557,239,0,0,1
130947,557,239,0,0,1
131009,557,239,0,0,1
131087,555,241,0,0,1
131150,549,243,0,0,1
131228,543,249,0,0,1
131290,539,251,0,0,1
131368,533,253,0,0,1
131430,529,255,0,0,1
131508,527,255,0,0,1
131571,527,255,0,0,1
131649,527,257,0,0,1
131711,527,257,0,0,1
131789,527,257,0,0,1
131852,527,257,0,0,1
131930,527,257,0,0,1
131992,527,257,0,0,1
132070,525,259,0,0,1
132132,523,261,0,0,1
132210,519,265,0,0,1
132273,517,269,0,0,1
132351,513,271,0,0,1
132413,511,273,0,0,1
132491,509,275,0,0,1
132554,507,277,0,0,1
132632,505,277,0,0,1
132694,503,279,0,0,1
132772,503,279,0,0,1
132834,501,279,0,0,1
132912,495,281,0,0,1
132975,493,283,0,0,1
133053,489,285,0,0,1
133115,483,287,0,0,1
133193,481,287,0,0,1
133256,477,287,0,0,1
133334,473,291,0,0,1
133396,471,291,0,0,1
133474,469,291,0,0,1
133536,467,295,0,0,1
133614,465,299,0,0,1
133677,461,303,0,0,1
133755,459,305,0,0,1
133817,459,307,0,0,1
133895,459,307,0,0,1
133958,459,307,0,0,1
134036,457,307,0,0,1
134098,457,307,0,0,1
134176,455,307,0,0,1
134238,453,307,0,0,1
134316,453,307,0,0,1
134379,451,307,0,0,1
134457,449,307,0,0,1
134519,449,307,1,0,1
134597,447,309,0,0,1
134660,447,311,1,0,1
134738,445,313,0,0,1
134800,443,315,1,0,1
134878,441,319,0,0,1
134940,439,321,1,0,1
135018,437,325,0,0,1
135081,435,325,1,0,1
135159,435,327,0,0,1
135221,433,327,1,0,1
135299,433,327,0,0,1
135362,431,331,1,0,1
135440,429,333,1,0,1
135502,427,337,1,0,1
135580,425,339,1,0,1
135642,425,341,1,0,1
135720,419,341,1,0,1
135783,389,337,1,0,1
135861,343,329,1,0,1
135923,289,319,1,0,1
136001,283,319,1,0,1
136064,283,319,1,0,1
136142,283,319,1,0,1
136204,283,319,1,0,1
136282,283,317,1,0,1
136344,287,313,1,0,1
136422,289,311,1,0,1
136485,289,311,1,0,1
136563,289,311,1,0,1
136625,289,311,1,0,1
136703,291,311,1,0,1
136766,291,311,1,0,1
136844,291,311,1,0,1
136906,293,313,1,0,1
136984,295,313,1,0,1
137046,295,313,1,0,1
137124,295,313,1,0,1
137187,295,313,0,0,1
137265,295,313,0,0,1
137327,295,315,0,0,1
137405,293,315,0,0,1
137468,285,313,0,0,1
137546,285,313,0,0,1
137608,285,313,0,0,1
137686,285,313,0,0,1
137748,283,311,0,0,1
137811,283,311,0,0,1
137889,283,309,0,0,1
137951,285,309,0,0,1
138029,287,309,0,0,1
138092,287,307,0,0,1
138170,291,305,0,0,1
138232,293,305,0,0,1
138310,295,303,0,0,1
138372,303,301,0,0,1
138451,303,301,0,0,1
138513,305,301,0,0,1
138591,305,303,0,0,1
138653,305,309,0,0,1
138731,319,335,0,0,1
138794,347,361,0,0,1
138872,351,369,0,0,1
138934,355,385,0,0,1
139012,355,395,0,0,1
139075,351,409,0,0,1
139153,345,417,0,0,1
139215,339,423,0,0,1
139293,335,429,0,0,1
139355,329,435,0,0,1
139433,325,441,0,0,1
139496,321,445,0,0,1
139574,317,449,0,0,1
139636,313,449,0,0,1
139714,309,451,0,0,1
139777,305,455,0,0,1
139855,301,457,0,0,1
139917,295,463,0,0,1
139995,287,467,0,0,1
140057,281,473,0,0,1
140135,277,475,0,0,1
140198,277,475,0,0,1
140276,277,477,0,0,1
140338,277,477,0,0,1
140416,275,477,0,0,1
140479,275,477,1,0,1
140557,275,477,1,0,1
140619,275,477,1,0,1
140697,275,479,1,0,1
140759,275,479,1,0,1
140837,273,481,1,0,1
140900,271,485,1,0,1
140978,267,487,1,0,1
141040,265,489,1,0,1
141118,265,489,1,0,1
141181,265,489,0,0,1
141259,265,489,0,0,1
141321,265,489,0,0,1
141399,265,489,0,0,1
141461,265,489,0,0,1
141539,265,489,0,0,1
141602,265,489,0,0,1
141680,265,489,0,0,1
141742,265,489,0,0,1
141820,265,489,0,0,1
141883,265,489,0,0,1
141961,265,489,0,0,1
142023,265,489,0,0,1
142101,265,487,0,0,1
142163,269,487,0,0,1
142241,355,469,0,0,1
142304,531,403,0,0,1
142366,555,389,0,0,1
142444,563,371,0,0,1
142507,567,367,0,0,1
142585,565,361,0,0,1
142647,553,349,0,0,1
142725,545,345,0,0,1
142787,545,345,0,0,1
142865,541,343,0,0,1
142928,539,341,0,0,1
143006,531,337,0,0,1
143068,523,331,0,0,1
143146,521,331,0,0,1
143209,519,329,0,0,1
143287,519,329,0,0,1
143349,519,329,0,0,1
143427,519,329,0,0,1
143489,519,329,0,0,1
143567,517,329,0,0,1
143630,507,329,0,0,1
143708,475,329,0,0,1
143770,465,331,0,0,1
143848,459,331,0,0,1
143911,453,329,0,0,1
143989,449,327,0,0,1
144051,449,327,0,0,1
144129,449,327,0,0,1
144191,451,327,0,0,1
144269,459,331,0,0,1
144332,461,333,0,0,1
144410,463,333,0,0,1
144472,463,333,0,0,1
144550,463,333,0,0,1
144613,463,333,0,0,1
144691,463,333,0,0,1
144753,463,333,0,0,1
144831,463,333,0,0,1
144893,463,333,0,0,1
144971,463,333,0,0,1
145034,463,333,0,0,1
145096,461,335,0,0,1
145174,455,337,0,0,1
145237,441,343,0,0,1
145315,429,347,0,0,1
145377,421,349,0,0,1
145455,419,349,0,0,1
145517,419,349,0,0,1
145595,419,349,0,0,1
145658,413,343,0,0,1
145736,367,323,0,0,1
145798,281,305,0,0,1
145876,273,313,0,0,1
145939,273,313,0,0,1
146017,279,315,0,0,1
146079,279,315,0,0,1
146157,279,315,0,0,1
146219,279,315,0,0,1
146297,279,315,0,0,1
146360,285,321,0,0,1
146438,287,323,0,0,1
146500,291,323,0,0,1
146578,291,323,0,0,1
146641,293,323,0,0,1
146719,293,323,0,0,1
146781,295,323,0,0,1
146859,295,321,0,0,1
146921,295,321,0,0,1
146999,281,313,0,0,1
147062,269,307,0,0,1
147140,261,305,0,0,1
147202,261,309,0,0,1
147280,261,309,0,0,1
147343,263,309,0,0,1
147421,265,309,0,0,1
147483,269,309,0,0,1
147561,271,309,0,0,1
147623,271,307,0,0,1
147701,273,307,0,0,1
147764,277,307,0,0,1
147842,279,307,0,0,1
147904,281,307,0,0,1
147982,285,307,0,0,1
148045,287,307,0,0,1
148123,287,307,0,0,1
148185,287,307,0,0,1
148247,285,307,0,0,1
148325,283,307,0,0,1
148388,281,307,0,0,1
148466,281,307,0,0,1
148528,281,307,0,0,1
148606,283,307,0,0,1
148669,285,305,0,0,1
148747,285,305,0,0,1
148809,285,305,0,0,1
148887,285,305,0,0,1
148949,287,305,0,0,1
149027,295,307,0,0,1
149090,301,307,0,0,1
149168,303,307,0,0,1
149246,303,307,0,0,1
149308,303,307,0,0,1
149386,303,307,0,0,1
149449,303,307,0,0,1
149527,305,307,0,0,1
149589,305,307,0,0,1
149651,305,307,0,0,1
149729,305,307,0,0,1
149792,309,311,0,0,1
149870,323,317,0,0,1
149932,329,319,0,0,1
150010,337,321,0,0,1
150073,359,329,0,0,1
150151,391,337,0,0,1
150213,415,343,0,0,1
150291,431,351,0,0,1
150353,455,369,0,0,1
150431,509,391,0,0,1
150494,551,403,0,0,1
150572,557,405,0,0,1
150634,581,417,0,0,1
150712,591,419,0,0,1
150775,591,419,0,0,1
150853,591,419,0,0,1
150915,591,419,0,0,1
150993,591,419,0,0,1
151055,591,419,0,0,1
151133,591,419,0,0,1
151196,591,419,0,0,1
151274,591,419,0,0,1
151336,591,415,0,0,1
151414,579,401,0,0,1
151477,577,399,0,0,1
151555,567,387,0,0,1
151617,559,381,0,0,1
151695,551,377,0,0,1
151757,551,377,0,0,1
151835,551,377,0,0,1
151898,551,377,0,0,1
151976,551,377,0,0,1
152038,551,377,0,0,1
152116,547,371,0,0,1
152179,543,371,0,0,1
152257,543,371,0,0,1
152319,543,371,0,0,1
152397,543,371,0,0,1
152459,543,371,0,0,1
152537,547,371,0,0,1
152600,547,369,0,0,1
152678,547,369,0,0,1
152740,537,363,0,0,1
152818,533,359,0,0,1
152881,521,347,0,0,1
152959,515,337,0,0,1
153021,515,337,0,0,1
153099,515,337,0,0,1
153161,515,337,0,0,1
153239,509,331,0,0,1
153302,509,329,0,0,1
153380,507,325,0,0,1
153442,507,325,0,0,1
153520,503,321,0,0,1
153583,487,297,0,0,1
153661,433,231,0,0,1
153723,409,207,0,0,1
153801,387,195,0,0,1
153863,373,193,0,0,1
153941,365,195,0,0,1
154004,355,199,0,0,1
154082,351,209,0,0,1
154144,351,215,0,0,1
154207,351,215,0,0,1
154285,351,215,0,0,1
154347,351,215,0,0,1
154425,351,215,0,0,1
154487,351,213,1,0,1
154565,349,213,1,0,1
154628,349,213,1,0,1
154706,349,211,1,0,1
154768,347,211,1,0,1
154846,341,225,1,0,1
154909,337,231,1,0,1
154987,331,235,1,0,1
155049,319,239,1,0,1
155127,305,245,1,0,1
155189,297,247,1,0,1
155267,295,247,1,0,1
155345,293,247,1,0,1
155408,293,245,1,0,1
155486,291,245,1,0,1
155548,289,243,1,0,1
155626,289,243,1,0,1
155689,291,243,1,0,1
155767,293,241,1,0,1
155829,277,229,1,0,1
155907,265,223,1,0,1
155969,261,221,1,0,1
156047,261,219,0,0,1
156110,257,217,0,0,1
156188,253,215,0,0,1
156250,249,203,0,0,1
156328,239,195,0,0,1
156391,235,191,0,0,1
156469,231,187,0,0,1
156531,227,179,0,0,1
156609,221,171,0,0,1
156671,221,171,0,0,1
156749,221,171,0,0,1
156812,229,171,0,0,1
156890,261,181,0,0,1
156952,321,207,0,0,1
157030,365,235,0,0,1
157093,393,265,0,0,1
157171,437,331,0,0,1
157233,521,401,0,0,1
157311,533,401,0,0,1
157373,537,393,0,0,1
157451,525,381,0,0,1
157514,507,361,0,0,1
157592,503,355,0,0,1
157654,499,341,0,0,1
157732,497,341,0,0,1
157795,495,335,0,0,1
157873,491,329,0,0,1
157935,485,317,0,0,1
158013,485,317,0,0,1
158075,483,311,0,0,1
158153,483,311,0,0,1
158216,483,311,0,0,1
158294,483,311,0,0,1
158356,483,311,0,0,1
158434,483,311,0,0,1
158497,483,311,0,0,1
158575,483,311,0,0,1
158637,481,309,0,0,1
158715,475,305,0,0,1
158777,473,303,0,0,1
158855,473,303,0,0,1
158918,473,311,0,0,1
158996,465,317,0,0,1
159058,455,327,0,0,1
159136,453,331,0,0,1
159199,453,331,0,0,1
159277,451,327,0,0,1
159339,451,327,0,0,1
159417,449,327,0,0,1
159479,447,327,0,0,1
159542,435,323,0,0,1
159620,431,323,0,0,1
159698,429,323,0,0,1
159760,427,323,0,0,1
159838,425,323,0,0,1
159901,425,323,0,0,1
159963,425,325,0,0,1
160041,427,325,0,0,1
160103,439,331,0,0,1
160181,449,337,0,0,1
160244,453,337,0,0,1
160322,457,337,0,0,1
160400,457,343,0,0,1
160462,463,361,0,0,1
160540,465,367,0,0,1
160603,467,371,0,0,1
160665,469,377,0,0,1
160743,469,381,0,0,1
160805,469,381,0,0,1
160883,469,381,0,0,1
160961,469,381,0,0,1
161024,469,379,0,0,1
161086,461,375,0,0,1
161164,447,367,0,0,1
161227,445,367,0,0,1
161305,445,367,0,0,1
161367,445,367,0,0,1
161445,447,367,0,0,1
161507,447,367,0,0,1
161585,447,367,0,0,1
161648,447,365,0,0,1
161726,451,365,0,0,1
161788,461,365,0,0,1
161866,461,363,0,0,1
161929,461,363,0,0,1
162007,461,363,0,0,1
162069,457,359,0,0,1
162147,455,357,0,0,1
162209,451,355,0,0,1
162287,449,355,0,0,1
162350,445,357,0,0,1
162428,443,361,0,0,1
162490,439,359,0,0,1
162568,437,361,0,0,1
162631,437,361,0,0,1
162709,435,361,0,0,1
162771,433,361,0,0,1
162849,431,361,0,0,1
162911,429,361,0,0,1
162989,427,361,0,0,1
163052,427,361,0,0,1
163130,427,361,0,0,1
163192,427,361,0,0,1
163270,427,357,0,0,1
163333,427,357,0,0,1
163411,433,357,0,0,1
163473,455,357,0,0,1
163551,457,357,0,0,1
163613,457,357,0,0,1
163691,457,355,0,0,1
163754,457,353,0,0,1
163832,455,345,0,0,1
163894,455,345,0,0,1
163972,455,345,0,0,1
164035,455,345,0,0,1
164113,455,345,0,0,1
164175,455,345,0,0,1
164253,455,343,0,0,1
164315,453,341,0,0,1
164393,453,339,0,0,1
164456,453,339,0,0,1
164534,451,339,0,0,1
164596,451,339,0,0,1
164674,451,339,0,0,1
164737,451,339,0,0,1
164815,451,339,0,0,1
164877,441,325,0,0,1
164955,433,315,0,0,1
165017,431,315,0,0,1
165095,431,315,0,0,1
165158,429,315,0,0,1
165236,423,315,0,0,1
165298,415,317,0,0,1
165376,411,317,0,0,1
165439,409,317,0,0,1
165517,409,317,0,0,1
165579,409,317,0,0,1
165657,409,317,0,0,1
165719,409,317,0,0,1
165797,409,317,0,0,1
165860,409,317,0,0,1
165938,409,317,0,0,1
166000,407,321,0,0,1
166078,395,321,0,0,1
166141,385,321,0,0,1
166219,373,317,0,0,1
166281,371,317,0,0,1
166343,371,317,0,0,1
166421,371,317,0,0,1
166484,369,317,0,0,1
166562,365,317,0,0,1
166624,353,317,0,0,1
166702,339,317,0,0,1
166765,305,307,0,0,1
166843,301,307,0,0,1
166905,301,307,0,0,1
166983,301,307,0,0,1
167045,301,307,0,0,1
167123,303,309,0,0,1
167186,307,309,0,0,1
167264,309,307,0,0,1
167326,309,307,0,0,1
167404,309,307,0,0,1
167467,309,307,0,0,1
167545,311,307,0,0,1
167607,311,307,0,0,1
167685,311,307,0,0,1
167747,311,307,0,0,1
167825,311,307,0,0,1
167888,311,307,0,0,1
167966,311,307,0,0,1
168028,311,307,0,0,1
168106,299,299,0,0,1
168169,299,299,0,0,1
168247,297,299,0,0,1
168309,297,299,0,0,1
168387,297,299,0,0,1
168449,299,299,0,0,1
168527,303,297,0,0,1
168590,305,291,0,0,1
168668,305,291,0,0,1
168730,305,291,0,0,1
168808,307,291,0,0,1
168871,309,291,0,0,1
168949,313,293,0,0,1
169011,319,293,0,0,1
169089,321,293,0,0,1
169151,323,291,0,0,1
169229,323,291,0,0,1
169292,323,291,0,0,1
169370,323,291,0,0,1
169432,323,291,0,0,1
169510,323,291,0,0,1
169573,323,291,0,0,1
169651,325,291,0,0,1
169713,331,291,0,0,1
169791,337,293,0,0,1
169854,339,293,0,0,1
169932,341,293,0,0,1
169994,343,295,0,0,1
170072,345,295,0,0,1
170134,355,295,0,0,1
170212,365,289,0,0,1
170275,385,285,0,0,1
170353,389,283,0,0,1
170415,391,283,0,0,1
170493,379,291,0,0,1
170556,365,315,0,0,1
170634,361,319,0,0,1
170696,359,319,0,0,1
170774,359,321,0,0,1
170852,365,321,0,0,1
170914,363,317,0,0,1
170977,347,303,0,0,1
171055,339,299,0,0,1
171117,331,299,0,0,1
171195,327,299,0,0,1
171258,311,297,0,0,1
171336,303,297,0,0,1
171414,293,297,0,0,1
171476,287,297,0,0,1
171554,261,293,0,0,1
171616,255,295,0,0,1
171694,249,295,0,0,1
171757,249,295,0,0,1
171835,249,295,0,0,1
171897,253,293,0,0,1
171975,257,291,0,0,1
172038,259,291,0,0,1
172116,261,287,0,0,1
172178,265,283,0,0,1
172256,273,257,0,0,1
172318,275,211,0,0,1
172381,273,199,0,0,1
172459,273,195,0,0,1
172521,275,193,0,0,1
172599,277,191,0,0,1
172662,279,193,0,0,1
172740,279,195,0,0,1
172802,273,195,0,0,1
172880,265,197,0,0,1
172942,251,197,0,0,1
173020,249,197,0,0,1
173083,241,195,0,0,1
173161,239,195,0,0,1
173223,229,193,0,0,1
173301,223,189,0,0,1
173364,217,189,0,0,1
173442,211,187,0,0,1
173504,207,185,0,0,1
173582,201,185,0,0,1
173644,189,181,0,0,1
173722,171,175,0,0,1
173785,151,173,0,0,1
173863,143,173,0,0,1
173925,133,171,0,0,1
174003,123,167,0,0,1
174066,117,167,0,0,1
174144,115,167,0,0,1
174206,115,167,0,0,1
174284,115,167,0,0,1
174346,121,169,0,0,1
174424,155,193,0,0,1
174487,257,233,0,0,1
174565,311,259,0,0,1
174627,361,283,0,0,1
174705,387,293,0,0,1
174768,407,299,0,0,1
174846,429,315,0,0,1
174908,459,327,0,0,1
174986,473,333,0,0,1
175048,485,339,0,0,1
175126,517,359,0,0,1
175189,537,367,0,0,1
175267,555,371,0,0,1
175329,567,371,0,0,1
175407,601,379,0,0,1
175470,625,377,0,0,1
175548,643,379,0,0,1
175610,649,383,0,0,1
175688,669,389,0,0,1
175750,671,389,0,0,1
175828,671,389,0,0,1
175891,671,389,0,0,1
175969,671,389,0,0,1
176031,671,389,0,0,1
176109,671,389,0,0,1
176172,671,389,0,0,1
176250,671,389,0,0,1
176312,671,389,0,0,1
176390,671,389,0,0,1
176452,671,389,0,0,1
176530,671,389,0,0,1
176593,671,389,0,0,1
176671,671,389,0,0,1
176733,671,389,0,0,1
176811,671,389,0,0,1
176874,671,389,0,0,1
176952,671,389,0,0,1
177014,671,389,0,0,1
177092,671,389,0,0,1
177154,671,387,0,0,1
177232,671,381,0,0,1
177295,675,345,0,0,1
177373,689,277,0,0,1
177435,687,239,0,0,1
177513,683,207,0,0,1
177576,683,189,0,0,1
177654,683,181,0,0,1
177716,681,171,0,0,1
177794,681,171,0,0,1
177856,679,159,0,0,1
177934,679,157,0,0,1
177997,677,155,0,0,1
178075,677,157,0,0,1
178137,677,157,0,0,1
178215,677,163,0,0,1
178278,677,169,0,0,1
178356,677,173,0,0,1
178418,677,187,0,0,1
178496,667,263,0,0,1
178558,657,385,0,0,1
178636,647,437,0,0,1
178699,643,461,0,0,1
178777,641,475,0,0,1
178839,643,487,0,0,1
178917,647,495,0,0,1
178980,647,499,0,0,1
179058,647,499,0,0,1
179120,631,495,0,0,1
179198,497,449,0,0,1
179260,275,373,0,0,1
179338,195,341,0,0,1
179401,177,325,0,0,1
179479,173,317,0,0,1
179541,171,313,0,0,1
179619,193,321,0,0,1
179682,207,321,0,0,1
179760,229,321,0,0,1
179822,233,319,0,0,1
179900,241,313,0,0,1
179962,241,313,0,0,1
180040,241,313,0,0,1
180103,241,313,0,0,1
180181,241,313,0,0,1
180243,243,313,0,0,1
180321,245,311,0,0,1
180384,249,311,0,0,1
180446,249,311,0,0,1
180524,249,311,0,0,1
180602,249,311,0,0,1
180680,249,311,0,0,1
180758,249,311,0,0,1
180820,249,311,0,0,1
180898,249,311,0,0,1
180961,249,311,0,0,1
181039,249,311,0,0,1
181101,249,311,0,0,1
181179,249,311,0,0,1
181242,249,311,0,0,1
181320,249,311,0,0,1
181382,263,323,0,0,1
181460,405,357,0,0,1
181522,557,371,0,0,1
181600,581,369,0,0,1
181663,583,367,0,0,1
181741,595,355,0,0,1
181803,597,349,0,0,1
181881,593,339,0,0,1
181944,591,339,0,0,1
182022,581,335,0,0,1
182084,559,333,0,0,1
182162,545,333,0,0,1
182224,541,333,0,0,1
182302,539,333,0,0,1
182365,537,333,0,0,1
182443,537,333,0,0,1
182505,537,333,0,0,1
182583,537,333,0,0,1
182646,535,333,0,0,1
182724,535,335,0,0,1
182786,529,339,0,0,1
182848,507,339,0,0,1
182926,479,353,0,0,1
182989,471,355,0,0,1
183067,471,357,0,0,1
183129,471,357,0,0,1
183207,485,353,0,0,1
183270,491,349,0,0,1
183348,493,349,0,0,1
183410,495,349,0,0,1
183488,495,349,0,0,1
183550,493,349,0,0,1
183628,479,335,0,0,1
183691,467,333,0,0,1
183769,463,333,0,0,1
183831,463,333,0,0,1
183909,463,333,0,0,1
183972,463,333,0,0,1
184050,457,333,0,0,1
184112,445,333,0,0,1
184190,437,337,0,0,1
184252,437,337,0,0,1
184330,441,337,0,0,1
184393,445,335,0,0,1
184471,445,335,0,0,1
184533,445,335,0,0,1
184611,439,333,0,0,1
184674,331,309,0,0,1
184752,245,297,0,0,1
184814,231,293,0,0,1
184892,219,281,0,0,1
184954,211,277,0,0,1
185032,215,283,0,0,1
185095,217,287,0,0,1
185173,217,291,0,0,1
185235,217,295,0,0,1
185313,215,295,0,0,1
185376,211,295,0,0,1
185454,203,291,0,0,1
185516,197,291,0,0,1
185594,191,291,0,0,1
185656,183,293,0,0,1
185734,177,295,0,0,1
185797,171,295,0,0,1
185875,169,295,0,0,1
185937,163,295,0,0,1
186015,153,293,0,0,1
186078,143,293,0,0,1
186156,141,293,0,0,1
186218,133,293,0,0,1
186280,131,293,0,0,1
186358,125,291,0,0,1
186421,125,291,0,0,1
186499,125,291,0,0,1
186561,151,297,0,0,1
186639,227,323,0,0,1
186702,313,341,0,0,1
186780,331,339,0,0,1
186842,333,339,0,0,1
186920,333,339,0,0,1
186982,341,343,0,0,1
187060,357,345,0,0,1
187123,359,345,0,0,1
187201,359,345,0,0,1
187263,359,345,0,0,1
187341,359,345,0,0,1
187404,357,345,0,0,1
187482,355,345,0,0,1
187544,355,345,0,0,1
187622,355,343,0,0,1
187684,357,343,0,0,1
187762,361,343,0,0,1
187825,375,333,0,0,1
187903,383,327,0,0,1
187965,387,323,0,0,1
188043,391,323,0,0,1
188106,391,321,0,0,1
188184,399,319,0,0,1
188246,411,313,0,0,1
188324,411,311,0,0,1
188386,411,311,0,0,1
188464,411,317,0,0,1
188527,405,321,0,0,1
188605,401,323,0,0,1
188667,401,323,0,0,1
188745,401,325,0,0,1
188808,401,325,0,0,1
188886,401,325,0,0,1
188948,401,325,0,0,1
189026,399,325,0,0,1
189088,393,325,0,0,1
189166,385,325,0,0,1
189229,379,323,0,0,1
189307,373,323,0,0,1
189369,369,321,0,0,1
189447,359,319,0,0,1
189510,353,321,0,0,1
189588,337,323,0,0,1
189650,333,323,0,0,1
189728,327,331,0,0,1
189790,327,335,0,0,1
189868,325,335,0,0,1
189931,323,335,0,0,1
190009,321,335,0,0,1
190071,299,327,0,0,1
190149,289,325,0,0,1
190212,283,329,0,0,1
190290,281,349,0,0,1
190352,295,355,0,0,1
190430,311,361,0,0,1
190492,323,365,0,0,1
190570,329,363,0,0,1
190633,383,331,0,0,1
190711,449,257,0,0,1
190773,457,253,0,0,1
190851,457,249,0,0,1
190914,443,241,0,0,1
190992,425,237,0,0,1
191054,407,239,0,0,1
191132,407,239,0,0,1
191194,401,245,0,0,1
191272,399,259,0,0,1
191335,397,261,0,0,1
191413,395,263,0,0,1
191475,391,271,0,0,1
191553,389,279,0,0,1
191616,385,289,0,0,1
191694,381,301,0,0,1
191756,377,309,0,0,1
191834,371,315,0,0,1
191896,365,323,0,0,1
191959,361,331,0,0,1
192037,355,341,0,0,1
192099,349,357,0,0,1
192177,343,367,0,0,1
192240,337,369,0,0,1
192318,337,375,0,0,1
192380,335,381,0,0,1
192458,333,381,0,0,1
192520,335,375,0,0,1
192598,341,359,0,0,1
192661,351,335,0,0,1
192739,361,315,0,0,1
192817,367,319,0,0,1
192879,371,321,0,0,1
192957,373,331,0,0,1
193020,373,345,0,0,1
193082,373,357,0,0,1
193160,365,357,0,0,1
193222,355,361,0,0,1
193300,349,365,0,0,1
193363,349,367,0,0,1
193441,341,373,0,0,1
193503,341,385,0,0,1
193581,337,397,0,0,1
193644,335,407,0,0,1
193722,343,411,0,0,1
193784,377,413,0,0,1
193862,433,387,0,0,1
193924,439,309,0,0,1
194002,419,257,0,0,1
194065,415,247,0,0,1
194143,413,239,0,0,1
194205,409,229,0,0,1
194283,407,223,0,0,1
194346,405,223,0,0,1
194424,399,221,0,0,1
194486,393,221,0,0,1
194564,391,221,0,0,1
194626,391,221,0,0,1
194704,391,221,0,0,1
194767,391,221,0,0,1
194845,391,221,0,0,1
194907,391,221,0,0,1
194985,391,221,1,0,1
195048,393,221,1,0,1
195126,397,221,1,0,1
195188,401,223,1,0,1
195266,403,223,1,0,1
195328,405,225,1,0,1
195406,407,227,1,0,1
195469,409,227,1,0,1
195547,409,229,1,0,1
195609,409,229,1,0,1
195687,409,231,1,0,1
195750,401,231,1,0,1
195828,377,223,1,0,1
195890,361,215,1,0,1
195968,355,211,1,0,1
196030,351,207,1,0,1
196108,353,207,1,0,1
196171,363,207,1,0,1
196249,367,209,1,0,1
196311,371,209,1,0,1
196389,371,209,1,0,1
196452,371,211,1,0,1
196530,369,211,0,0,1
196592,357,207,0,0,1
196670,335,191,0,0,1
196732,325,187,0,0,1
196810,323,183,0,0,1
196873,323,183,0,0,1
196951,329,183,0,0,1
197013,345,185,0,0,1
197091,347,185,0,0,1
197154,347,183,0,0,1
197232,323,171,0,0,1
197294,299,161,0,0,1
197372,285,159,0,0,1
197434,283,157,0,0,1
197512,287,157,0,0,1
197575,337,175,0,0,1
197653,361,179,0,0,1
197715,361,181,0,0,1
197793,339,179,0,0,1
197856,305,169,0,0,1
197934,285,163,0,0,1
197996,283,163,0,0,1
198074,299,171,0,0,1
198136,351,191,0,0,1
198214,409,211,0,0,1
198277,437,219,0,0,1
198355,469,235,0,0,1
198417,499,253,0,0,1
198495,533,281,0,0,1
198558,567,317,0,0,1
198636,591,349,0,0,1
198698,603,369,0,0,1
198776,607,377,0,0,1
198838,613,385,0,0,1
198916,619,387,0,0,1
198979,627,391,0,0,1
199041,623,391,0,0,1
199119,567,377,0,0,1
199182,367,351,0,0,1
199260,251,337,0,0,1
199322,251,337,0,0,1
199400,251,337,0,0,1
199462,239,331,0,0,1
199540,229,331,0,0,1
199603,229,329,0,0,1
199681,239,329,0,0,1
199743,249,329,0,0,1
199821,255,331,0,0,1
199884,259,331,0,0,1
199962,259,327,0,0,1
200024,259,327,0,0,1
200102,261,325,0,0,1
200164,265,321,0,0,1
200242,267,323,0,0,1
200305,275,325,0,0,1
200383,277,325,0,0,1
200445,277,325,0,0,1
200523,277,327,0,0,1
200586,277,327,0,0,1
200664,277,327,0,0,1
200726,277,327,0,0,1
200804,277,327,0,0,1
200867,273,327,0,0,1
200945,247,329,0,0,1
201007,201,337,0,0,1
201085,193,339,0,0,1
201147,191,339,0,0,1
201225,189,337,0,0,1
201288,189,337,0,0,1
201366,189,337,0,0,1
201428,189,337,0,0,1
201506,189,305,0,0,1
201569,209,253,0,0,1
201647,219,221,0,0,1
201709,243,207,0,0,1
201787,359,213,0,0,1
201849,525,261,0,0,1
201927,549,269,0,0,1
201990,559,287,0,0,1
202068,525,315,0,0,1
202130,509,335,0,0,1
202208,501,335,0,0,1
202271,489,331,0,0,1
202349,477,331,0,0,1
202411,471,333,0,0,1
202489,469,333,0,0,1
202551,457,333,0,0,1
202629,443,337,0,0,1
202692,423,337,0,0,1
202770,415,337,0,0,1
202832,407,337,0,0,1
202910,391,337,0,0,1
202973,381,337,0,0,1
203051,379,337,0,0,1
203113,379,337,0,0,1
203191,381,339,0,0,1
203253,403,347,0,0,1
203331,541,389,0,0,1
203394,613,395,0,0,1
203472,637,397,0,0,1
203534,639,399,0,0,1
203612,639,399,0,0,1
203675,645,399,0,0,1
203753,651,399,0,0,1
203815,659,401,0,0,1
203893,659,401,0,0,1
203955,659,401,0,0,1
204033,639,391,0,0,1
204096,491,375,0,0,1
204174,329,365,0,0,1
204236,235,335,0,0,1
204314,209,325,0,0,1
204377,191,313,0,0,1
204455,191,313,0,0,1
204517,207,317,0,0,1
204595,225,323,0,0,1
204657,235,323,0,0,1
204735,237,321,0,0,1
204798,239,321,0,0,1
204876,243,319,0,0,1
204938,249,319,0,0,1
205001,253,319,0,0,1
205079,253,319,0,0,1
205141,253,319,0,0,1
205219,245,317,0,0,1
205281,229,301,0,0,1
205359,207,263,0,0,1
205422,195,235,0,0,1
205500,193,227,0,0,1
205562,191,217,0,0,1
205640,191,209,0,0,1
205703,213,193,0,0,1
205781,241,185,0,0,1
205843,265,173,0,0,1
205921,313,179,0,0,1
205983,345,213,0,0,1
206061,373,253,0,0,1
206124,367,271,0,0,1
206202,337,287,0,0,1
206264,321,301,0,0,1
206342,315,305,0,0,1
206405,309,307,0,0,1
206483,295,311,0,0,1
206545,291,315,0,0,1
206623,287,317,0,0,1
206685,283,317,0,0,1
206763,279,321,0,0,1
206826,271,321,0,0,1
206904,267,321,0,0,1
206966,259,323,0,0,1
207044,253,327,0,0,1
207107,239,327,0,0,1
207185,227,323,0,0,1
207247,217,321,0,0,1
207325,211,321,0,0,1
207387,205,321,0,0,1
207465,195,317,0,0,1
207528,189,319,0,0,1
207606,185,319,0,0,1
207668,173,319,0,0,1
207731,155,319,0,0,1
207809,147,321,0,0,1
207871,141,321,0,0,1
207949,129,321,0,0,1
208011,123,321,0,0,1
208089,117,315,0,0,1
208152,109,305,0,0,1
208230,107,297,0,0,1
208292,105,293,0,0,1
208370,101,287,0,0,1
208433,101,281,0,0,1
208511,107,275,0,0,1
208573,123,255,0,0,1
208651,141,223,0,0,1
208713,159,205,0,0,1
208791,189,195,0,0,1
208854,215,183,0,0,1
208932,245,171,0,0,1
208994,277,165,0,0,1
209072,319,165,0,0,1
209135,349,159,0,0,1
209213,365,157,0,0,1
209275,381,155,0,0,1
209353,387,157,0,0,1
209415,389,157,0,0,1
209493,389,157,0,0,1
209556,397,161,0,0,1
209634,425,169,0,0,1
209696,429,167,0,0,1
209774,439,159,0,0,1
209837,443,159,0,0,1
209915,443,157,0,0,1
209977,443,157,0,0,1
210055,441,155,0,0,1
210117,441,155,0,0,1
210195,441,155,0,0,1
210258,437,155,0,0,1
210336,403,155,0,0,1
210398,377,161,0,0,1
210476,333,145,0,0,1
210539,289,129,0,0,1
210617,265,125,0,0,1
210679,265,125,0,0,1
210757,273,121,0,0,1
210819,287,113,0,0,1
210897,289,113,0,0,1
210960,297,115,0,0,1
211038,297,115,0,0,1
211100,299,115,0,0,1
211178,301,117,0,0,1
211241,301,117,0,0,1
211319,301,117,0,0,1
211381,301,117,0,0,1
211459,301,119,0,0,1
211521,301,119,0,0,1
211599,305,119,0,0,1
211662,309,123,0,0,1
211740,317,129,0,0,1
211802,319,129,0,0,1
211880,321,131,0,0,1
211943,327,151,0,0,1
212021,331,161,0,0,1
212083,331,163,0,0,1
212161,331,163,0,0,1
212223,333,161,0,0,1
212301,335,159,0,0,1
212364,339,153,0,0,1
212442,341,147,0,0,1
212504,343,147,0,0,1
212582,343,147,0,0,1
212645,347,147,0,0,1
212723,359,145,0,0,1
212785,373,151,0,0,1
212863,373,151,0,0,1
212925,373,151,0,0,1
213003,373,159,0,0,1
213066,373,161,0,0,1
213128,375,165,0,0,1
213206,375,171,0,0,1
213269,385,187,0,0,1
213347,385,189,0,0,1
213409,389,191,0,0,1
213487,391,207,0,0,1
213549,397,219,0,0,1
213627,399,223,0,0,1
213690,399,227,0,0,1
213768,395,251,0,0,1
213830,393,255,0,0,1
213908,385,267,0,0,1
213971,381,279,0,0,1
214049,381,301,0,0,1
214111,387,305,0,0,1
214189,397,313,0,0,1
214251,411,319,0,0,1
214329,417,321,0,0,1
214392,419,321,0,0,1
214470,421,321,0,0,1
214532,423,321,0,0,1
214610,423,321,0,0,1
214673,423,325,0,0,1
214751,429,335,0,0,1
214813,429,339,0,0,1
214891,431,339,0,0,1
214953,435,353,0,0,1
215031,435,357,0,0,1
215094,439,359,0,0,1
215172,439,367,0,0,1
215234,441,379,0,0,1
215312,441,381,0,0,1
215375,439,385,0,0,1
215453,439,399,0,0,1
215515,439,409,0,0,1
215593,439,413,0,0,1
215655,439,423,0,0,1
215733,439,445,0,0,1
215796,439,449,0,0,1
215874,437,451,0,0,1
215936,429,463,0,0,1
216014,429,469,0,0,1
216077,427,469,0,0,1
216155,425,469,0,0,1
216217,425,469,0,0,1
216295,417,457,0,0,1
216357,403,385,0,0,1
216435,393,287,0,0,1
216498,393,283,0,0,1
216576,387,273,0,0,1
216638,381,259,0,0,1
216716,379,257,0,0,1
216779,379,257,0,0,1
216857,377,255,0,0,1
216919,377,251,0,0,1
216997,377,251,0,0,1
217059,373,247,0,0,1
217137,375,241,0,0,1
217200,397,213,0,0,1
217278,447,195,0,0,1
217340,487,175,0,0,1
217418,543,175,0,0,1
217481,593,191,0,0,1
217559,633,215,0,0,1
217621,639,219,0,0,1
217699,631,227,0,0,1
217761,609,247,0,0,1
217839,589,247,0,0,1
217902,573,245,0,0,1
217980,559,241,0,0,1
218042,557,243,0,0,1
218120,549,245,0,0,1
218183,541,247,0,0,1
218261,529,253,0,0,1
218323,521,263,0,0,1
218385,513,265,0,0,1
218463,497,265,0,0,1
218526,485,273,0,0,1
218604,477,281,0,0,1
218666,467,285,0,0,1
218744,459,287,0,0,1
218807,453,299,0,0,1
218885,453,301,0,0,1
218947,453,301,0,0,1
219025,453,305,0,0,1
219087,453,311,0,0,1
219165,449,315,0,0,1
219228,437,319,0,0,1
219306,427,341,0,0,1
219368,421,359,0,0,1
219446,413,363,0,0,1
219509,397,363,0,0,1
219587,379,379,0,0,1
219649,375,381,0,0,1
219727,369,381,0,0,1
219789,353,377,0,0,1
219867,337,363,0,0,1
219930,297,315,0,0,1
220008,281,279,0,0,1
220070,273,245,0,0,1
220148,279,233,0,0,1
220211,281,211,0,0,1
220289,285,203,0,0,1
220351,305,199,0,0,1
220429,397,215,0,0,1
220491,519,239,0,0,1
220569,577,259,0,0,1
220632,595,303,0,0,1
220710,591,325,0,0,1
220772,581,333,0,0,1
220850,575,335,0,0,1
220913,571,339,0,0,1
220991,571,339,0,0,1
221053,559,333,0,0,1
221131,545,327,0,0,1
221193,541,327,0,0,1
221271,539,327,0,0,1
221334,535,327,0,0,1
221412,531,327,0,0,1
221474,531,327,0,0,1
221552,531,327,0,0,1
221615,529,329,0,0,1
221693,521,351,0,0,1
221755,519,357,0,0,1
221833,509,363,0,0,1
221895,501,367,0,0,1
221973,497,371,0,0,1
222036,495,371,0,0,1
222114,495,369,0,0,1
222176,495,367,0,0,1
222254,495,367,0,0,1
222317,495,361,0,0,1
222395,495,361,0,0,1
222457,495,361,0,0,1
222535,495,361,0,0,1
222597,491,359,0,0,1
222675,479,341,0,0,1
222738,477,339,0,0,1
222816,477,341,0,0,1
222878,477,341,0,0,1
222941,477,343,0,0,1
223019,477,349,0,0,1
223081,477,349,0,0,1
223159,477,349,0,0,1
223221,477,349,0,0,1
223299,477,349,0,0,1
223362,473,349,0,0,1
223440,455,327,0,0,1
223502,363,241,0,0,1
223580,339,215,0,0,1
223643,329,203,0,0,1
223721,325,203,0,0,1
223783,315,215,0,0,1
223861,309,239,0,0,1
223923,311,251,0,0,1
224001,327,261,0,0,1
224064,327,263,0,0,1
224142,327,263,0,0,1
224204,327,263,0,0,1
224282,327,261,0,0,1
224345,331,261,0,0,1
224423,337,263,0,0,1
224485,341,265,0,0,1
224563,341,265,0,0,1
224625,341,267,0,0,1
224703,341,267,0,0,1
224766,341,267,0,0,1
224844,337,267,0,0,1
224906,313,255,0,0,1
224984,273,227,0,0,1
225047,209,177,0,0,1
225125,201,171,0,0,1
225187,191,163,0,0,1
225265,189,159,0,0,1
225327,187,157,0,0,1
225405,187,157,0,0,1
225468,187,157,0,0,1
225546,187,157,0,0,1
225608,203,161,0,0,1
225686,291,183,0,0,1
225749,443,207,0,0,1
225827,461,215,0,0,1
225889,495,257,0,0,1
225967,509,273,0,0,1
226029,531,307,0,0,1
226107,539,333,0,0,1
226170,551,355,0,0,1
226248,553,357,0,0,1
226310,553,357,0,0,1
226388,553,357,0,0,1
226451,553,361,0,0,1
226529,553,361,0,0,1
226591,555,361,0,0,1
226669,557,365,0,0,1
226731,557,365,0,0,1
226809,557,365,0,0,1
226872,557,365,0,0,1
226950,557,367,0,0,1
227012,557,367,0,0,1
227075,557,367,0,0,1
227153,557,367,0,0,1
227215,555,367,0,0,1
227293,543,353,0,0,1
227355,531,337,0,0,1
227433,523,329,0,0,1
227496,523,329,0,0,1
227574,521,329,0,0,1
227636,521,329,0,0,1
227714,521,329,0,0,1
227777,521,329,0,0,1
227855,521,329,0,0,1
227917,521,329,0,0,1
227995,521,329,0,0,1
228057,521,327,0,0,1
228135,533,295,0,0,1
228198,479,253,0,0,1
228276,343,233,0,0,1
228338,277,221,0,0,1
228416,269,219,0,0,1
228479,263,217,0,0,1
228557,257,209,0,0,1
228619,249,201,0,0,1
228697,247,197,0,0,1
228759,247,197,0,0,1
228837,245,191,0,0,1
228900,245,191,0,0,1
228978,247,191,0,0,1
229040,299,195,0,0,1
229118,407,197,0,0,1
229181,459,207,0,0,1
229259,519,217,0,0,1
229321,545,223,0,0,1
229399,559,217,0,0,1
229461,577,207,0,0,1
229539,583,207,0,0,1
229602,583,207,0,0,1
229680,585,207,0,0,1
229742,583,201,0,0,1
229820,583,197,0,0,1
229883,583,183,0,0,1
229961,585,179,0,0,1
230023,587,177,0,0,1
230101,599,177,0,0,1
230163,605,173,0,0,1
230241,607,171,0,0,1
230304,605,185,0,0,1
230382,563,191,0,0,1
230444,535,191,0,0,1
230522,529,195,0,0,1
230585,525,209,0,0,1
230663,525,209,0,0,1
230725,517,213,0,0,1
230803,503,227,0,0,1
230865,497,237,0,0,1
230943,493,237,0,0,1
231006,489,235,0,0,1
231084,485,247,0,0,1
231146,483,251,0,0,1
231224,481,251,0,0,1
231287,481,251,0,0,1
231365,481,251,0,0,1
231427,481,251,1,0,1
231505,481,251,1,0,1
231567,479,251,1,0,1
231645,475,257,1,0,1
231708,473,257,1,0,1
231786,475,257,1,0,1
231848,489,261,1,0,1
231926,505,267,1,0,1
231989,509,267,1,0,1
232067,513,267,1,0,1
232129,523,269,1,0,1
232207,533,271,1,0,1
232270,537,271,1,0,1
232348,543,273,1,0,1
232410,557,277,1,0,1
232488,563,277,1,0,1
232550,571,277,1,0,1
232628,585,283,1,0,1
232691,599,289,1,0,1
232769,609,293,1,0,1
232831,621,295,1,0,1
232909,639,305,1,0,1
232972,647,307,1,0,1
233050,663,313,1,0,1
233112,683,323,1,0,1
233190,691,329,1,0,1
233252,695,331,1,0,1
233330,699,333,1,0,1
233393,703,339,1,0,1
233471,705,339,1,0,1
233533,705,339,1,0,1
233611,705,339,1,0,1
233674,705,339,1,0,1
233752,703,339,1,0,1
233814,703,339,1,0,1
233876,695,339,1,0,1
233954,675,339,1,0,1
234017,633,323,1,0,1
234095,555,301,1,0,1
234157,495,273,1,0,1
234235,471,241,1,0,1
234298,453,205,1,0,1
234376,453,191,1,0,1
234438,489,173,1,0,1
234516,525,147,1,0,1
234578,547,145,1,0,1
234656,557,151,1,0,1
234719,599,201,1,0,1
234797,611,215,1,0,1
234859,617,227,1,0,1
234937,603,247,1,0,1
235000,549,279,0,0,1
235078,445,313,0,0,1
235140,417,319,0,0,1
235218,421,329,0,0,1
235280,449,343,0,0,1
235358,497,341,0,0,1
235421,503,341,0,0,1
235499,509,341,0,0,1
235561,509,341,0,0,1
235639,509,341,0,0,1
235702,507,341,0,0,1
235780,507,341,0,0,1
235842,503,341,0,0,1
235920,499,341,0,0,1
235982,497,339,0,0,1
236060,485,335,0,0,1
236123,475,329,0,0,1
236201,463,325,0,0,1
236263,463,325,0,0,1
236341,463,323,0,0,1
236404,463,323,0,0,1
236482,469,323,0,0,1
236544,493,317,0,0,1
236622,525,287,0,0,1
236684,527,285,0,0,1
236762,527,287,0,0,1
236825,511,307,0,0,1
236903,499,313,0,0,1
236965,499,313,0,0,1
237043,499,311,0,0,1
237106,505,309,0,0,1
237184,505,307,0,0,1
237246,505,307,0,0,1
237324,505,307,0,0,1
237386,505,309,0,0,1
237464,505,309,0,0,1
237527,505,309,0,0,1
237605,505,309,0,0,1
237667,505,309,0,0,1
237745,507,309,0,0,1
237808,553,241,0,0,1
237886,597,159,0,0,1
237948,607,113,0,0,1
238026,611,103,0,0,1
238088,613,105,0,0,1
238166,617,129,0,0,1
238229,583,153,0,0,1
238307,563,169,0,0,1
238369,539,189,0,0,1
238447,533,201,0,0,1
238510,519,213,0,0,1
238588,497,227,0,0,1
238650,475,275,0,0,1
238728,461,297,0,0,1
238790,445,321,0,0,1
238868,429,335,0,0,1
238931,415,371,0,0,1
239009,415,379,0,0,1
239071,405,397,0,0,1
239149,393,411,0,0,1
239212,387,445,0,0,1
239290,387,445,0,0,1
239352,383,445,0,0,1
239414,361,435,0,0,1
239492,353,419,0,0,1
239555,333,373,0,0,1
239633,321,349,0,0,1
239695,309,315,0,0,1
239773,307,297,0,0,1
239836,297,269,0,0,1
239914,295,269,0,0,1
239976,285,277,0,0,1
240054,285,291,0,0,1
240116,281,293,0,0,1
240194,281,293,0,0,1
240257,281,297,0,0,1
240335,289,303,0,0,1
240397,297,307,0,0,1
240475,301,309,0,0,1
240538,307,315,0,0,1
240616,309,317,0,0,1
240678,337,333,0,0,1
240756,405,365,0,0,1
240818,513,413,0,0,1
240896,567,425,0,0,1
240959,603,435,0,0,1
241037,625,441,0,0,1
241099,647,455,0,0,1
241177,651,457,0,0,1
241240,655,461,0,0,1
241318,667,469,0,0,1
241380,683,485,0,0,1
241458,685,487,0,0,1
241520,687,489,0,0,1
241598,689,491,0,0,1
241661,691,491,0,0,1
241739,691,491,0,0,1
241801,691,491,0,0,1
241879,691,491,0,0,1
241942,691,491,0,0,1
242020,691,489,0,0,1
242082,691,487,0,0,1
242160,699,467,0,0,1
242222,703,421,0,0,1
242300,705,403,0,0,1
242363,703,347,0,0,1
242441,693,317,0,0,1
242503,649,277,0,0,1
242566,623,261,0,0,1
242644,561,243,0,0,1
242706,539,241,0,0,1
242784,509,239,0,0,1
242846,489,237,0,0,1
242924,485,241,0,0,1
242987,481,251,0,0,1
243065,481,259,0,0,1
243127,479,263,0,0,1
243205,479,263,0,0,1
243268,479,265,0,0,1
243346,475,267,0,0,1
243408,467,271,0,0,1
243486,459,273,0,0,1
243548,449,281,0,0,1
243626,445,285,0,0,1
243689,445,289,0,0,1
243767,441,297,0,0,1
243829,437,301,0,0,1
243907,433,305,0,0,1
243970,421,307,0,0,1
244048,413,307,0,0,1
244110,405,307,0,0,1
244188,397,309,0,0,1
244250,387,311,0,0,1
244328,383,315,0,0,1
244391,379,319,0,0,1
244469,375,323,0,0,1
244531,373,325,0,0,1
244609,371,325,0,0,1
244672,369,329,0,0,1
244750,367,335,0,0,1
244812,367,339,0,0,1
244890,367,339,0,0,1
244952,367,341,0,0,1
245030,367,341,0,0,1
245093,365,341,0,0,1
245171,363,341,0,0,1
245233,363,341,0,0,1
245311,363,343,0,0,1
245374,361,349,0,0,1
245452,359,353,0,0,1
245530,355,359,0,0,1
245592,345,365,0,0,1
245670,327,373,0,0,1
245732,315,377,0,0,1
245810,307,379,0,0,1
245873,301,379,0,0,1
245951,295,379,0,0,1
246013,287,381,0,0,1
246091,283,381,0,0,1
246154,277,383,0,0,1
246232,275,387,0,0,1
246294,273,389,0,0,1
246372,261,389,0,0,1
246434,253,389,0,0,1
246512,251,385,0,0,1
246575,245,365,0,0,1
246653,233,305,0,0,1
246715,231,273,0,0,1
246793,249,237,0,0,1
246856,273,209,0,0,1
246934,295,187,0,0,1
246996,319,173,0,0,1
247074,351,159,0,0,1
247136,389,147,0,0,1
247214,435,137,0,0,1
247277,489,133,0,0,1
247355,533,145,0,0,1
247417,567,173,0,0,1
247495,597,209,0,0,1
247558,611,251,0,0,1
247636,617,285,0,0,1
247698,621,319,0,0,1
247776,621,341,0,0,1
247838,619,365,0,0,1
247916,609,383,0,0,1
247979,583,405,0,0,1
248057,549,427,0,0,1
248119,493,447,0,0,1
248197,437,463,0,0,1
248260,385,465,0,0,1
248338,343,467,0,0,1
248400,301,465,0,0,1
248478,263,459,0,0,1
248540,229,447,0,0,1
248618,209,433,0,0,1
248681,191,413,0,0,1
248759,177,389,0,0,1
248821,161,353,0,0,1
248899,147,327,0,0,1
248962,139,307,0,0,1
249024,133,283,0,0,1
249102,127,255,0,0,1
249164,125,223,0,0,1
249242,127,201,0,0,1
249305,141,175,0,0,1
249383,179,153,0,0,1
249445,227,135,0,0,1
249523,281,119,0,0,1
249586,327,113,0,0,1
249664,393,103,0,0,1
249726,461,97,0,0,1
249804,529,93,0,0,1
249866,559,91,0,0,1
249944,569,93,0,0,1
250007,571,111,0,0,1
250085,549,169,0,0,1
250147,517,227,0,0,1
250225,491,235,0,0,1
250288,481,251,0,0,1
250366,487,289,0,0,1
250428,507,329,0,0,1
250506,523,349,0,0,1
250568,543,369,0,0,1
250646,563,391,0,0,1
250709,575,411,0,0,1
250787,583,429,0,0,1
250849,595,443,0,0,1
250927,607,459,0,0,1
250990,629,475,0,0,1
251068,657,495,0,0,1
251130,669,507,0,0,1
251208,675,511,0,0,1
251270,683,519,0,0,1
251348,687,523,0,0,1
251411,687,523,0,0,1
251489,691,527,0,0,1
251551,691,527,0,0,1
251629,691,527,0,0,1
251692,691,527,0,0,1
251770,691,527,0,0,1
251832,691,527,0,0,1
251910,691,527,0,0,1
251972,691,527,0,0,1
252050,691,527,0,0,1
252113,691,527,0,0,1
252191,691,527,0,0,1
252253,691,527,0,0,1
252331,691,527,0,0,1
252394,693,527,0,0,1
252472,693,527,0,0,1
252534,693,527,0,0,1
252596,693,527,0,0,1
252674,693,527,0,0,1
252737,693,527,0,0,1
252815,693,527,0,0,1
252877,693,527,0,0,1
