31,295,341,0,0,1
93,295,341,0,0,1
171,297,339,0,0,1
234,301,337,0,0,1
312,309,337,0,0,1
374,315,337,0,0,1
452,315,337,0,0,1
515,315,337,0,0,1
593,315,337,0,0,1
655,315,337,0,0,1
733,317,337,0,0,1
795,317,335,0,0,1
873,319,335,1,0,1
936,321,335,1,0,1
1014,321,335,1,0,1
1076,323,335,1,0,1
1154,325,335,1,0,1
1217,325,335,1,0,1
1295,325,335,1,0,1
1357,325,333,1,0,1
1435,325,331,1,0,1
1497,325,325,1,0,1
1575,327,317,1,0,1
1638,327,309,1,0,1
1716,327,309,1,0,1
1778,327,309,1,0,1
1856,327,309,1,0,1
1919,327,309,1,0,1
1981,327,307,1,0,1
2059,329,305,1,0,1
2121,333,301,1,0,1
2199,335,301,1,0,1
2262,335,301,1,0,1
2340,337,299,0,0,1
2402,337,299,0,0,1
2480,337,299,0,0,1
2543,339,297,0,0,1
2621,339,297,0,0,1
2683,341,293,0,0,1
2761,341,293,0,0,1
2823,341,293,0,0,1
2901,341,293,0,0,1
2964,341,293,0,0,1
3042,341,293,0,0,1
3104,341,293,0,0,1
3182,341,293,0,0,1
3245,341,293,0,0,1
3323,341,293,0,0,1
3385,343,295,0,0,1
3463,345,297,0,0,1
3525,351,301,0,0,1
3603,367,309,0,0,1
3666,437,313,0,0,1
3744,437,313,0,0,1
3806,437,313,0,0,1
3884,437,313,0,0,1
3947,437,313,0,0,1
4025,451,325,0,0,1
4087,519,375,0,0,1
4165,513,375,0,0,1
4227,515,375,0,0,1
4305,505,355,0,0,1
4368,509,347,0,0,1
4446,507,335,0,0,1
4508,507,335,0,0,1
4586,507,335,0,0,1
4649,507,335,0,0,1
4727,507,335,0,0,1
4789,507,337,0,0,1
4867,609,451,0,0,1
4929,627,479,0,0,1
5007,611,471,0,0,1
5070,553,419,0,0,1
5148,543,411,0,0,1
5210,543,403,0,0,1
5288,523,381,0,0,1
5351,521,381,0,0,1
5429,517,373,0,0,1
5491,515,369,0,0,1
5569,511,365,0,0,1
5631,503,361,0,0,1
5709,495,357,0,0,1
5772,489,357,0,0,1
5850,473,351,0,0,1
5912,467,349,0,0,1
5990,453,341,0,0,1
6053,445,339,0,0,1
6131,429,335,0,0,1
6193,429,335,0,0,1
6271,423,333,0,0,1
6333,421,333,0,0,1
6411,417,333,0,0,1
6474,403,333,0,0,1
6536,393,333,0,0,1
6614,387,333,0,0,1
6677,387,333,0,0,1
6755,387,333,0,0,1
6817,387,333,0,0,1
6895,387,333,0,0,1
6957,387,333,0,0,1
7035,387,333,0,0,1
7098,381,329,0,0,1
7176,379,327,0,0,1
7238,379,327,0,0,1
7316,379,325,0,0,1
7379,379,319,0,0,1
7457,377,319,0,0,1
7519,377,319,0,0,1
7597,377,319,0,0,1
7659,377,317,0,0,1
7737,377,317,0,0,1
7800,375,317,0,0,1
7878,373,317,0,0,1
7940,373,317,0,0,1
8018,373,317,0,0,1
8081,373,317,0,0,1
8159,373,317,0,0,1
8221,373,317,0,0,1
8299,371,321,0,0,1
8361,307,353,0,0,1
8439,231,349,0,0,1
8502,211,349,0,0,1
8580,211,349,0,0,1
8642,213,347,0,0,1
8720,217,331,0,0,1
8783,217,329,0,0,1
8861,217,329,0,0,1
8923,223,329,0,0,1
9001,233,327,0,0,1
9063,241,325,0,0,1
9141,243,325,0,0,1
9204,249,325,0,0,1
9282,251,325,0,0,1
9344,255,323,0,0,1
9407,255,323,0,0,1
9485,257,323,0,0,1
9547,257,323,0,0,1
9625,265,323,0,0,1
9687,273,325,0,0,1
9765,277,325,0,0,1
9828,277,325,0,0,1
9906,277,325,0,0,1
9968,281,325,0,0,1
10046,285,325,0,0,1
10109,285,325,0,0,1
10187,283,327,0,0,1
10249,283,339,0,0,1
10327,283,339,0,0,1
10389,283,341,0,0,1
10467,291,357,0,0,1
10530,311,377,0,0,1
10608,319,381,0,0,1
10670,331,393,0,0,1
10748,337,413,0,0,1
10811,343,427,0,0,1
10889,341,427,0,0,1
10951,313,431,0,0,1
11029,269,437,0,0,1
11091,253,433,0,0,1
11169,245,417,0,0,1
11232,233,393,0,0,1
11310,231,389,0,0,1
11372,263,365,0,0,1
11450,283,351,0,0,1
11513,291,349,0,0,1
11591,299,349,0,0,1
11653,329,333,0,0,1
11731,341,329,0,0,1
11793,341,327,0,0,1
11871,313,321,0,0,1
11934,275,287,0,0,1
12012,267,281,0,0,1
12074,267,279,0,0,1
12152,267,279,0,0,1
12215,267,279,0,0,1
12293,269,279,1,0,1
12355,275,291,1,0,1
12433,283,303,1,0,1
12495,289,329,1,0,1
12573,291,341,1,0,1
12636,293,347,1,0,1
12714,301,323,1,0,1
12776,309,303,1,0,1
12854,311,299,1,0,1
12917,311,299,1,0,1
12995,313,299,1,0,1
13057,321,327,1,0,1
13135,327,347,1,0,1
13197,331,351,1,0,1
13275,337,331,1,0,1
13338,343,315,1,0,1
13416,345,315,1,0,1
13478,345,315,1,0,1
13556,345,315,0,0,1
13619,345,315,0,0,1
13697,347,319,0,0,1
13759,355,321,0,0,1
13837,417,347,0,0,1
13899,535,385,0,0,1
13977,659,439,0,0,1
14040,701,435,0,0,1
14118,711,435,0,0,1
14180,711,435,0,0,1
14258,711,429,0,0,1
14321,709,377,0,0,1
14399,709,373,0,0,1
14461,705,359,0,0,1
14539,715,351,0,0,1
14601,705,305,0,0,1
14664,691,295,0,0,1
14742,687,295,0,0,1
14804,685,295,0,0,1
14882,691,295,1,0,1
14945,701,293,1,0,1
15023,715,297,1,0,1
15085,717,297,1,0,1
15163,717,297,1,0,1
15225,719,297,1,0,1
15303,719,297,1,0,1
15366,719,297,1,0,1
15444,719,293,1,0,1
15506,725,285,1,0,1
15584,731,277,1,0,1
15647,739,267,1,0,1
15725,739,267,1,0,1
15787,741,267,1,0,1
15865,741,269,1,0,1
15927,741,269,1,0,1
16005,741,269,1,0,1
16068,741,273,1,0,1
16146,741,273,1,0,1
16208,741,273,1,0,1
16286,741,273,1,0,1
16349,741,279,1,0,1
16427,741,279,1,0,1
16489,741,279,1,0,1
16567,741,279,0,0,1
16629,739,285,0,0,1
16707,723,295,0,0,1
16770,583,367,0,0,1
16848,499,399,0,0,1
16910,487,397,0,0,1
16988,483,393,0,0,1
17051,473,381,0,0,1
17129,475,381,0,0,1
17191,493,369,0,0,1
17269,497,365,0,0,1
17331,497,363,0,0,1
17409,495,361,0,0,1
17472,491,359,0,0,1
17550,477,355,0,0,1
17612,459,351,0,0,1
17690,455,351,0,0,1
17753,453,351,1,0,1
17815,445,349,1,0,1
17893,431,349,1,0,1
17955,411,343,1,0,1
18033,397,335,1,0,1
18096,387,333,0,0,1
18174,351,343,0,0,1
18236,301,333,0,0,1
18314,241,331,0,0,1
18377,199,331,0,0,1
18455,175,327,0,0,1
18517,147,299,0,0,1
18595,131,283,0,0,1
18657,121,273,0,0,1
18735,111,249,0,0,1
18798,101,229,0,0,1
18876,111,205,0,0,1
18938,153,189,0,0,1
19016,219,163,0,0,1
19079,261,151,0,0,1
19157,299,145,0,0,1
19219,393,173,0,0,1
19297,481,181,0,0,1
19359,547,209,0,0,1
19437,573,241,0,0,1
19500,595,253,0,0,1
19578,623,257,0,0,1
19640,647,259,0,0,1
19718,659,269,0,0,1
19781,671,267,0,0,1
19859,671,267,0,0,1
19921,671,267,0,0,1
19999,669,267,0,0,1
20061,669,265,0,0,1
20139,669,263,0,0,1
20202,609,277,0,0,1
20280,363,315,0,0,1
20342,221,317,0,0,1
20420,189,321,0,0,1
20483,189,323,0,0,1
20561,201,317,0,0,1
20623,227,305,0,0,1
20701,233,303,0,0,1
20763,235,303,0,0,1
20841,237,303,0,0,1
20904,237,303,0,0,1
20966,237,303,0,0,1
21044,237,303,0,0,1
21107,241,303,0,0,1
21185,249,303,0,0,1
21247,253,303,0,0,1
21325,273,319,0,0,1
21388,277,319,0,0,1
21466,277,317,0,0,1
21528,277,317,0,0,1
21606,277,317,0,0,1
21668,275,317,0,0,1
21746,267,317,0,0,1
21809,247,321,0,0,1
21887,211,329,0,0,1
21949,207,327,0,0,1
22027,207,327,0,0,1
22090,207,327,0,0,1
22168,215,323,0,0,1
22230,245,311,0,0,1
22308,247,311,0,0,1
22370,259,315,0,0,1
22448,265,317,0,0,1
22511,269,313,0,0,1
22589,269,313,0,0,1
22651,271,313,0,0,1
22729,273,313,0,0,1
22792,275,313,0,0,1
22870,277,313,0,0,1
22932,283,315,0,0,1
23010,285,315,0,0,1
23072,287,315,0,0,1
23150,287,315,0,0,1
23213,285,317,0,0,1
23291,285,317,0,0,1
23353,285,317,0,0,1
23431,285,317,0,0,1
23494,285,317,0,0,1
23572,285,315,0,0,1
23634,285,315,0,0,1
23712,285,315,0,0,1
23774,285,315,0,0,1
23852,291,315,0,0,1
23915,291,315,0,0,1
23993,291,315,0,0,1
24055,291,315,0,0,1
24133,291,315,0,0,1
24196,291,315,0,0,1
24274,291,315,0,0,1
24336,301,313,0,0,1
24414,309,309,0,0,1
24476,309,309,0,0,1
24554,309,309,0,0,1
24617,309,309,0,0,1
24695,309,309,0,0,1
24757,309,309,0,0,1
24835,309,309,0,0,1
24898,309,309,0,0,1
24976,309,309,0,0,1
25038,309,309,0,0,1
25116,309,313,0,0,1
25178,309,313,0,0,1
25256,309,313,0,0,1
25319,325,325,0,0,1
25397,415,405,0,0,1
25459,445,413,0,0,1
25537,457,425,0,0,1
25600,461,433,0,0,1
25678,465,445,0,0,1
25740,467,441,0,0,1
25818,467,441,0,0,1
25880,467,441,0,0,1
25958,465,441,0,0,1
26021,463,441,0,0,1
26099,463,441,0,0,1
26161,463,441,0,0,1
26224,463,441,0,0,1
26302,477,429,0,0,1
26364,483,421,0,0,1
26442,491,407,0,0,1
26504,519,387,0,0,1
26582,557,349,0,0,1
26645,569,343,0,0,1
26723,571,341,0,0,1
26785,589,333,0,0,1
26863,617,311,0,0,1
26926,623,307,0,0,1
27004,625,305,0,0,1
27066,637,297,0,0,1
27144,655,277,0,0,1
27206,657,273,0,0,1
27284,657,273,0,0,1
27347,661,255,0,0,1
27425,663,233,0,0,1
27487,655,227,0,0,1
27565,639,227,0,0,1
27628,591,201,0,0,1
27706,571,193,0,0,1
27768,557,191,0,0,1
27846,551,195,0,0,1
27908,551,195,0,0,1
27986,545,199,0,0,1
28049,513,237,0,0,1
28127,491,307,0,0,1
28189,489,317,0,0,1
28267,495,359,0,0,1
28330,491,391,0,0,1
28408,483,425,0,0,1
28470,481,425,0,0,1
28548,465,431,0,0,1
28610,437,443,0,0,1
28688,407,453,0,0,1
28751,377,441,0,0,1
28829,341,435,0,0,1
28891,321,431,0,0,1
28954,303,411,0,0,1
29032,275,365,0,0,1
29094,271,345,0,0,1
29172,283,331,0,0,1
29234,323,301,0,0,1
29312,351,281,0,0,1
29375,363,279,0,0,1
29453,373,279,0,0,1
29515,389,279,0,0,1
29593,427,275,0,0,1
29656,447,273,0,0,1
29734,477,297,0,0,1
29796,477,297,0,0,1
29874,487,315,0,0,1
29936,499,345,0,0,1
30014,507,361,0,0,1
30077,513,367,0,0,1
30155,539,393,0,0,1
30217,585,427,0,0,1
30295,621,441,0,0,1
30358,657,431,0,0,1
30436,671,431,0,0,1
30498,681,431,0,0,1
30576,699,403,0,0,1
30638,693,377,0,0,1
30716,665,365,0,0,1
30779,585,371,0,0,1
30857,523,359,0,0,1
30919,505,349,0,0,1
30997,487,339,0,0,1
31060,471,335,0,0,1
31138,415,283,0,0,1
31200,401,261,0,0,1
31278,419,257,0,0,1
31340,519,327,0,0,1
31418,575,365,0,0,1
31481,569,367,0,0,1
31559,531,371,0,0,1
31621,449,309,0,0,1
31699,413,263,0,0,1
31762,441,287,0,0,1
31840,551,395,0,0,1
31902,571,403,0,0,1
31980,559,393,0,0,1
32042,473,335,0,0,1
32120,463,327,0,0,1
32183,495,343,0,0,1
32261,581,389,0,0,1
32323,583,391,0,0,1
32401,551,365,0,0,1
32464,457,289,0,0,1
32542,455,291,0,0,1
32604,547,393,0,0,1
32682,589,403,0,0,1
32744,595,401,0,0,1
32807,563,379,0,0,1
32885,517,347,0,0,1
32947,515,329,0,0,1
33025,603,371,0,0,1
33088,635,385,0,0,1
33166,617,371,0,0,1
33228,455,297,0,0,1
33306,355,297,0,0,1
33368,323,299,0,0,1
33446,287,293,0,0,1
33509,275,293,0,0,1
33587,259,297,0,0,1
33649,249,323,0,0,1
33727,247,323,0,0,1
33790,247,323,0,0,1
33868,251,323,0,0,1
33930,261,321,0,0,1
34008,267,317,0,0,1
34070,271,317,1,0,1
34148,285,315,1,0,1
34211,291,315,1,0,1
34289,315,311,1,0,1
34351,337,305,1,0,1
34429,347,305,1,0,1
34492,349,305,1,0,1
34570,347,305,1,0,1
34632,339,305,1,0,1
34710,335,307,1,0,1
34772,325,305,1,0,1
34850,323,305,1,0,1
34913,321,305,1,0,1
34991,321,305,1,0,1
35053,321,305,1,0,1
35131,321,305,1,0,1
35194,321,305,1,0,1
35272,323,305,1,0,1
35334,323,305,1,0,1
35412,323,305,1,0,1
35474,323,305,0,0,1
35552,353,295,0,0,1
35615,463,257,0,0,1
35693,535,217,0,0,1
35755,587,165,0,0,1
35833,621,121,0,0,1
35896,623,117,0,0,1
35974,625,117,0,0,1
36036,625,117,0,0,1
36114,625,117,0,0,1
36176,625,119,0,0,1
36254,625,119,0,0,1
36317,623,121,0,0,1
36395,569,177,0,0,1
36457,477,323,0,0,1
36535,471,331,0,0,1
36598,467,331,0,0,1
36676,457,343,0,0,1
36738,455,353,0,0,1
36816,455,353,0,0,1
36878,455,353,0,0,1
36956,455,353,0,0,1
37019,455,345,0,0,1
37097,453,345,1,0,1
37159,445,343,1,0,1
37237,437,343,1,0,1
37300,423,333,1,0,1
37378,419,333,1,0,1
37440,417,333,1,0,1
37518,411,327,1,0,1
37580,395,309,0,0,1
37658,395,309,0,0,1
37721,393,309,0,0,1
37799,387,307,0,0,1
37861,373,301,0,0,1
37939,367,303,0,0,1
38002,363,307,0,0,1
38064,363,309,0,0,1
38142,363,309,0,0,1
38204,363,309,0,0,1
38282,361,311,0,0,1
38345,359,311,0,0,1
38423,353,311,0,0,1
38485,339,311,0,0,1
38563,331,323,0,0,1
38626,327,323,0,0,1
38704,321,325,0,0,1
38766,313,325,0,0,1
38844,311,327,0,0,1
38906,309,327,0,0,1
38984,305,325,0,0,1
39047,299,323,0,0,1
39125,299,323,0,0,1
39187,313,321,0,0,1
39265,325,317,0,0,1
39328,331,315,0,0,1
39406,331,315,0,0,1
39468,331,315,0,0,1
39546,331,315,0,0,1
39608,327,337,0,0,1
39686,325,351,0,0,1
39749,321,363,0,0,1
39827,293,393,0,0,1
39889,277,443,0,0,1
39967,275,445,0,0,1
40030,269,429,0,0,1
40108,253,413,0,0,1
40170,247,401,0,0,1
40248,321,311,0,0,1
40310,403,213,0,0,1
40388,435,185,0,0,1
40451,441,183,0,0,1
40529,467,173,0,0,1
40591,469,171,0,0,1
40669,469,171,0,0,1
40732,469,171,1,0,1
40810,469,171,1,0,1
40872,447,173,1,0,1
40950,429,187,1,0,1
41012,425,189,1,0,1
41090,425,189,1,0,1
41153,425,189,1,0,1
41215,419,201,1,0,1
41293,407,207,1,0,1
41356,401,227,1,0,1
41434,401,235,1,0,1
41496,403,265,1,0,1
41574,403,267,1,0,1
41636,401,277,1,0,1
41714,395,303,1,0,1
41777,387,325,1,0,1
41855,383,327,1,0,1
41917,373,333,1,0,1
41995,365,361,1,0,1
42058,361,367,1,0,1
42136,361,369,1,0,1
42198,361,371,1,0,1
42276,379,385,1,0,1
42338,381,385,1,0,1
42416,381,385,1,0,1
42479,381,387,0,0,1
42557,391,401,0,0,1
42619,419,389,0,0,1
42697,433,379,0,0,1
42760,437,371,0,0,1
42838,441,363,0,0,1
42900,449,339,0,0,1
42978,449,339,0,0,1
43040,447,339,0,0,1
43118,405,305,0,0,1
43181,355,257,0,0,1
43259,331,245,0,0,1
43321,317,237,0,0,1
43399,295,227,0,0,1
43462,283,223,0,0,1
43540,281,221,0,0,1
43602,283,221,0,0,1
43680,291,217,0,0,1
43742,295,217,0,0,1
43820,297,217,0,0,1
43883,303,221,0,0,1
43961,305,221,0,0,1
44023,307,221,0,0,1
44101,313,227,0,0,1
44164,327,241,0,0,1
44242,329,241,0,0,1
44304,329,241,0,0,1
44382,345,257,0,0,1
44444,359,269,0,0,1
44522,361,267,0,0,1
44585,361,267,0,0,1
44663,361,267,0,0,1
44725,361,267,0,0,1
44803,361,267,0,0,1
44866,359,267,0,0,1
44944,357,275,0,0,1
45006,357,277,0,0,1
45084,357,277,0,0,1
45146,357,277,0,0,1
45224,363,291,0,0,1
45287,363,291,0,0,1
45365,363,293,0,0,1
45427,359,307,0,0,1
45505,341,353,0,0,1
45568,337,355,0,0,1
45646,341,369,0,0,1
45708,361,391,0,0,1
45786,401,431,0,0,1
45848,445,425,0,0,1
45926,463,427,0,0,1
45989,487,437,0,0,1
46067,541,453,0,0,1
46129,575,445,0,0,1
46207,579,445,0,0,1
46270,585,445,0,0,1
46348,597,453,0,0,1
46410,607,447,0,0,1
46472,607,447,0,0,1
46550,609,447,0,0,1
46613,617,443,0,0,1
46691,625,433,0,0,1
46753,625,429,0,0,1
46831,623,425,0,0,1
46894,623,421,0,0,1
46972,621,415,0,0,1
47034,613,403,0,0,1
47112,609,399,0,0,1
47174,589,369,0,0,1
47252,575,361,0,0,1
47315,529,351,0,0,1
47393,485,357,0,0,1
47455,445,357,0,0,1
47533,413,369,0,0,1
47596,371,381,0,0,1
47674,335,407,0,0,1
47736,319,405,0,0,1
47814,283,405,0,0,1
47892,249,403,0,0,1
47954,233,397,0,0,1
48017,203,361,0,0,1
48095,197,353,0,0,1
48157,195,351,0,0,1
48235,195,323,0,0,1
48298,209,291,0,0,1
48376,221,279,0,0,1
48438,241,273,0,0,1
48516,263,259,0,0,1
48578,269,255,0,0,1
48656,271,255,0,0,1
48719,273,255,0,0,1
48797,279,255,0,0,1
48859,281,257,0,0,1
48937,305,293,0,0,1
49000,341,353,0,0,1
49078,353,363,0,0,1
49140,389,395,0,0,1
49218,425,429,0,0,1
49280,465,455,0,0,1
49358,505,445,0,0,1
49421,527,439,0,0,1
49499,533,437,0,0,1
49561,513,405,0,0,1
49639,473,379,0,0,1
49702,403,371,0,0,1
49780,349,383,0,0,1
49842,331,381,0,0,1
49920,317,375,0,0,1
49982,309,375,0,0,1
50060,305,381,0,0,1
50123,303,381,0,0,1
50201,303,381,0,0,1
50263,303,383,0,0,1
50341,303,393,0,0,1
50404,303,393,0,0,1
50482,303,393,0,0,1
50544,303,393,0,0,1
50622,303,395,0,0,1
50684,301,393,0,0,1
50762,283,393,0,0,1
50825,277,393,0,0,1
50903,277,395,0,0,1
50965,277,393,0,0,1
51043,271,393,0,0,1
51106,255,399,0,0,1
51184,233,397,0,0,1
51246,215,391,0,0,1
51324,197,393,0,0,1
51386,185,397,0,0,1
51449,183,397,0,0,1
51527,183,395,0,0,1
51589,183,395,0,0,1
51667,183,395,0,0,1
51730,183,395,0,0,1
51808,187,395,0,0,1
51870,189,395,0,0,1
51948,189,397,0,0,1
52010,189,397,0,0,1
52088,189,397,0,0,1
52151,189,397,0,0,1
52229,189,397,0,0,1
52291,189,397,0,0,1
52369,189,397,0,0,1
52432,189,397,0,0,1
52510,189,399,0,0,1
52572,189,399,0,0,1
52650,189,399,0,0,1
52713,189,399,0,0,1
52791,189,401,0,0,1
52853,189,401,0,0,1
52931,189,401,0,0,1
52993,189,401,0,0,1
53071,189,401,0,0,1
53134,189,401,0,0,1
53243,187,403,0,0,1
53321,187,403,0,0,1
53399,187,403,0,0,1
53461,187,403,0,0,1
53539,187,405,0,0,1
53602,187,403,0,0,1
53680,187,403,0,0,1
53742,187,403,0,0,1
53820,187,403,0,0,1
53883,191,403,0,0,1
53961,193,403,0,0,1
54023,197,403,0,0,1
54101,237,419,0,0,1
54163,287,413,0,0,1
54241,309,413,0,0,1
54304,369,433,0,0,1
54382,411,429,0,0,1
54444,453,425,0,0,1
54522,467,423,0,0,1
54585,487,427,0,0,1
54663,501,421,0,0,1
54725,503,421,0,0,1
54803,489,421,0,0,1
54865,463,413,0,0,1
54943,445,387,0,0,1
55006,435,367,0,0,1
55068,423,355,0,0,1
55146,413,345,0,0,1
55209,409,345,0,0,1
55287,397,347,0,0,1
55349,369,365,0,0,1
55427,355,365,0,0,1
55489,339,369,0,0,1
55567,325,381,0,0,1
55630,319,395,0,0,1
55708,311,395,0,0,1
55770,297,399,0,0,1
55848,285,417,0,0,1
55911,283,419,0,0,1
55989,279,419,0,0,1
56051,271,419,0,0,1
56129,267,423,0,0,1
56191,267,423,0,0,1
56269,267,423,0,0,1
56332,267,423,0,0,1
56410,267,423,0,0,1
56472,267,421,0,0,1
56550,267,421,0,0,1
56613,267,421,0,0,1
56691,267,421,0,0,1
56753,267,421,0,0,1
56831,267,421,0,0,1
56893,267,421,0,0,1
56971,267,421,0,0,1
57034,267,421,0,0,1
57112,267,421,0,0,1
57174,269,425,0,0,1
57252,299,421,0,0,1
57315,333,415,0,0,1
57393,369,417,0,0,1
57455,435,427,0,0,1
57533,497,415,0,0,1
57595,527,411,0,0,1
57673,545,411,0,0,1
57736,573,423,0,0,1
57814,599,419,0,0,1
57876,613,419,0,0,1
57954,621,423,0,0,1
58017,625,429,0,0,1
58095,609,429,0,0,1
58157,541,433,0,0,1
58235,439,439,0,0,1
58297,387,447,0,0,1
58375,367,443,0,0,1
58438,321,443,0,0,1
58516,293,445,0,0,1
58578,287,447,0,0,1
58656,283,447,0,0,1
58719,283,447,0,0,1
58797,281,447,0,0,1
58859,279,447,0,0,1
58937,267,445,0,0,1
58999,243,445,0,0,1
59077,231,447,0,0,1
59140,225,443,0,0,1
59218,221,441,0,0,1
59280,215,441,0,0,1
59358,209,441,0,0,1
59421,199,437,0,0,1
59499,183,437,0,0,1
59561,175,437,0,0,1
59639,175,435,0,0,1
59701,177,429,0,0,1
59779,189,427,0,0,1
59842,247,443,0,0,1
59920,277,439,0,0,1
59982,289,439,0,0,1
60045,311,445,0,0,1
60123,365,463,0,0,1
60185,391,459,0,0,1
60263,387,457,0,0,1
60325,337,469,0,0,1
60403,273,479,0,0,1
60466,237,467,0,0,1
60544,223,469,0,0,1
60606,223,471,0,0,1
60684,223,471,0,0,1
60747,225,471,0,0,1
60825,211,467,0,0,1
60887,181,451,0,0,1
60965,147,365,0,0,1
61027,135,317,0,0,1
61105,135,315,0,0,1
61168,157,303,0,0,1
61246,183,279,0,0,1
61308,199,267,0,0,1
61386,221,261,0,0,1
61449,273,237,0,0,1
61527,295,227,0,0,1
61589,331,217,0,0,1
61667,393,209,0,0,1
61729,443,197,0,0,1
61807,469,209,0,0,1
61870,497,267,0,0,1
61948,495,279,0,0,1
62010,475,283,0,0,1
62088,449,291,0,0,1
62151,435,295,0,0,1
62229,431,295,0,0,1
62291,431,295,0,0,1
62369,427,295,0,0,1
62431,419,295,0,0,1
62509,415,293,0,0,1
62572,413,291,0,0,1
62650,413,291,1,0,1
62712,407,289,1,0,1
62775,401,289,1,0,1
62853,373,293,1,0,1
62915,371,295,1,0,1
62993,369,297,1,0,1
63055,367,301,1,0,1
63133,361,325,1,0,1
63196,361,327,1,0,1
63274,361,325,1,0,1
63336,361,323,1,0,1
63414,361,323,1,0,1
63477,359,323,1,0,1
63555,351,323,0,0,1
63617,331,329,0,0,1
63695,319,333,0,0,1
63757,317,333,0,0,1
63835,305,337,0,0,1
63898,289,351,0,0,1
63976,289,351,0,0,1
64038,289,351,0,0,1
64116,287,347,0,0,1
64179,287,343,0,0,1
64257,283,321,0,0,1
64319,271,319,0,0,1
64397,257,319,0,0,1
64459,257,319,0,0,1
64537,259,319,0,0,1
64600,265,319,0,0,1
64678,261,319,0,0,1
64740,247,319,0,0,1
64818,235,317,0,0,1
64881,235,317,0,0,1
64959,235,317,0,0,1
65021,239,317,0,0,1
65099,243,317,0,0,1
65161,243,317,0,0,1
65239,247,331,0,0,1
65302,247,331,0,0,1
65380,247,331,0,0,1
65442,247,331,0,0,1
65520,253,331,0,0,1
65583,259,331,0,0,1
65661,261,329,0,0,1
65723,265,329,0,0,1
65801,269,329,0,0,1
65863,277,325,0,0,1
65926,281,325,0,0,1
66004,285,323,0,0,1
66066,285,323,0,0,1
66144,289,323,0,0,1
66207,289,323,0,0,1
66285,289,329,0,0,1
66347,291,331,0,0,1
66425,291,331,0,0,1
66487,291,331,0,0,1
66565,289,339,0,0,1
66628,289,339,0,0,1
66706,281,343,0,0,1
66768,275,345,0,0,1
66846,275,369,0,0,1
66909,283,367,0,0,1
66987,291,365,0,0,1
67049,305,361,1,0,1
67127,305,361,1,0,1
67189,305,361,1,0,1
67267,305,361,1,0,1
67330,305,361,1,0,1
67408,329,329,1,0,1
67470,337,317,1,0,1
67548,337,319,1,0,1
67611,331,321,1,0,1
67689,329,321,1,0,1
67751,329,321,1,0,1
67829,329,321,1,0,1
67891,333,319,1,0,1
67969,337,315,1,0,1
68032,341,305,1,0,1
68110,343,301,1,0,1
68172,355,275,1,0,1
68250,357,273,1,0,1
68313,361,271,0,0,1
68391,381,265,0,0,1
68453,405,259,0,0,1
68531,449,255,0,0,1
68593,483,259,0,0,1
68671,515,257,0,0,1
68734,539,263,0,0,1
68812,565,273,0,0,1
68874,577,277,0,0,1
68952,583,279,0,0,1
69015,571,285,0,0,1
69093,497,303,0,0,1
69155,397,303,0,0,1
69233,331,311,0,0,1
69295,329,311,0,0,1
69373,315,303,0,0,1
69436,313,299,0,0,1
69514,313,299,0,0,1
69576,317,299,0,0,1
69654,319,297,0,0,1
69717,323,295,1,0,1
69795,329,289,1,0,1
69857,335,287,1,0,1
69935,339,287,1,0,1
69997,343,283,1,0,1
70075,353,283,1,0,1
70138,363,283,1,0,1
70216,373,275,1,0,1
70278,373,275,1,0,1
70356,375,273,1,0,1
70419,377,273,1,0,1
70497,389,263,1,0,1
70559,405,251,1,0,1
70637,409,249,1,0,1
70699,413,237,1,0,1
70777,413,233,1,0,1
70840,413,231,1,0,1
70918,413,231,1,0,1
70980,413,231,1,0,1
71058,419,225,1,0,1
71121,421,221,1,0,1
71199,421,221,0,0,1
71261,433,213,0,0,1
71339,443,203,0,0,1
71401,449,201,0,0,1
71479,449,201,0,0,1
71542,449,201,0,0,1
71620,451,201,0,0,1
71682,469,207,0,0,1
71760,499,201,0,0,1
71823,517,195,0,0,1
71885,519,195,0,0,1
71963,525,201,0,0,1
72025,525,201,0,0,1
72103,523,201,0,0,1
72166,481,207,0,0,1
72244,407,225,0,0,1
72306,351,171,0,0,1
72384,319,169,0,0,1
72447,279,185,0,0,1
72525,245,223,0,0,1
72587,237,223,0,0,1
72665,213,235,0,0,1
72727,197,265,0,0,1
72805,195,283,0,0,1
72868,197,283,0,0,1
72946,193,285,0,0,1
73008,181,325,0,0,1
73086,177,331,0,0,1
73149,177,333,0,0,1
73227,171,337,0,0,1
73289,163,397,0,0,1
73367,163,399,0,0,1
73429,163,403,0,0,1
73507,169,415,0,0,1
73570,179,453,0,0,1
73648,179,453,0,0,1
73710,175,453,0,0,1
73788,163,463,0,0,1
73851,159,477,0,0,1
73929,159,475,0,0,1
73991,157,475,0,0,1
74069,155,475,0,0,1
74131,155,473,0,0,1
74209,155,467,0,0,1
74272,149,459,0,0,1
74350,145,449,0,0,1
74412,135,411,0,0,1
74490,127,361,0,0,1
74553,127,349,0,0,1
74631,125,345,0,0,1
74693,125,323,0,0,1
74771,127,297,0,0,1
74833,125,291,0,0,1
74911,125,291,0,0,1
74974,131,267,0,0,1
75052,133,255,0,0,1
75114,133,255,0,0,1
75192,133,255,0,0,1
75255,135,237,0,0,1
75333,137,229,0,0,1
75395,139,225,0,0,1
75473,151,217,0,0,1
75535,165,181,0,0,1
75613,165,177,0,0,1
75676,165,177,0,0,1
75738,167,175,0,0,1
75816,171,155,0,0,1
75879,171,155,0,0,1
75957,169,213,0,0,1
76019,171,233,0,0,1
76097,171,235,0,0,1
76159,177,255,0,0,1
76237,215,351,0,0,1
76300,227,369,0,0,1
76378,249,393,0,0,1
76440,273,425,0,0,1
76518,293,449,0,0,1
76581,305,447,0,0,1
76659,315,447,0,0,1
76721,357,457,0,0,1
76799,389,407,0,0,1
76861,373,347,0,0,1
76939,337,305,0,0,1
77002,317,285,0,0,1
77080,289,249,0,0,1
77142,283,239,0,0,1
77220,283,239,0,0,1
77283,293,227,0,0,1
77361,295,223,0,0,1
77423,295,223,0,0,1
77501,303,217,0,0,1
77563,305,217,0,0,1
77641,305,217,0,0,1
77704,309,219,0,0,1
77782,361,257,0,0,1
77844,449,323,0,0,1
77922,477,361,0,0,1
77985,495,383,0,0,1
78063,505,387,0,0,1
78125,509,387,0,0,1
78203,523,399,0,0,1
78265,535,389,0,0,1
78343,541,387,0,0,1
78406,543,385,0,0,1
78484,545,387,0,0,1
78546,561,381,0,0,1
78624,553,379,0,0,1
78687,427,367,0,0,1
78765,293,375,0,0,1
78827,257,361,0,0,1
78905,239,355,0,0,1
78967,235,351,0,0,1
79045,231,319,0,0,1
79108,235,317,0,0,1
79186,249,317,0,0,1
79248,263,327,0,0,1
79326,273,323,0,0,1
79389,273,323,0,0,1
79467,273,323,0,0,1
79529,273,323,0,0,1
79591,277,323,0,0,1
79669,277,323,0,0,1
79732,277,323,0,0,1
79810,283,323,0,0,1
79872,285,321,0,0,1
79950,287,321,0,0,1
80013,297,333,0,0,1
80091,297,333,0,0,1
80153,297,333,0,0,1
80231,271,343,0,0,1
80293,203,399,0,0,1
80371,193,401,0,0,1
80434,189,399,0,0,1
80512,183,395,0,0,1
80574,183,375,0,0,1
80652,233,315,0,0,1
80715,263,293,0,0,1
80793,267,291,0,0,1
80855,267,291,0,0,1
80933,287,281,0,0,1
80995,293,271,0,0,1
81073,297,271,0,0,1
81136,297,273,0,0,1
81214,327,293,0,0,1
81276,391,313,0,0,1
81354,409,313,0,0,1
81417,373,269,0,0,1
81495,331,227,0,0,1
81557,319,225,0,0,1
81635,315,227,0,0,1
81697,313,227,0,0,1
81775,311,227,0,0,1
81838,311,229,1,0,1
81916,313,231,1,0,1
81978,315,231,1,0,1
82056,321,243,1,0,1
82119,327,251,1,0,1
82197,327,251,1,0,1
82259,337,265,1,0,1
82321,345,283,1,0,1
82399,347,283,1,0,1
82462,347,289,1,0,1
82540,359,305,1,0,1
82602,371,329,1,0,1
82680,373,329,1,0,1
82743,375,329,1,0,1
82821,389,337,1,0,1
82883,393,337,1,0,1
82961,413,345,0,0,1
83023,475,377,0,0,1
83101,541,399,0,0,1
83164,587,401,0,0,1
83242,629,403,0,0,1
83304,659,405,0,0,1
83382,685,399,0,0,1
83445,713,399,0,0,1
83523,719,399,0,0,1
83585,727,385,0,0,1
83663,731,347,0,0,1
83726,731,323,0,0,1
83804,733,303,0,0,1
83866,739,277,0,0,1
83944,739,259,0,0,1
84006,725,249,0,0,1
84084,703,223,0,0,1
84147,683,197,0,0,1
84225,659,181,0,0,1
84287,633,181,0,0,1
84365,595,175,0,0,1
84428,575,181,0,0,1
84506,549,223,0,0,1
84568,535,303,0,0,1
84646,531,323,0,0,1
84708,515,335,0,0,1
84786,497,379,0,0,1
84849,493,391,0,0,1
84927,493,391,0,0,1
84989,495,389,0,0,1
85067,499,389,0,0,1
85130,513,373,1,0,1
85208,525,365,1,0,1
85270,525,365,1,0,1
85348,523,377,1,0,1
85410,523,377,1,0,1
85488,523,377,1,0,1
85551,521,393,1,0,1
85629,523,403,1,0,1
85691,527,403,1,0,1
85769,527,401,1,0,1
85832,531,401,0,0,1
85910,539,397,0,0,1
85972,539,397,0,0,1
86050,525,401,0,0,1
86112,441,409,0,0,1
86175,365,387,0,0,1
86253,313,383,0,0,1
86315,269,383,0,0,1
86393,245,387,0,0,1
86456,231,379,0,0,1
86534,207,375,0,0,1
86596,193,375,0,0,1
86674,185,361,0,0,1
86736,183,353,0,0,1
86814,177,341,0,0,1
86877,191,329,0,0,1
86955,227,231,0,0,1
87017,239,189,0,0,1
87095,243,191,0,0,1
87158,273,229,0,0,1
87236,277,237,0,0,1
87298,289,251,0,0,1
87376,301,257,0,0,1
87438,307,265,0,0,1
87516,307,265,0,0,1
87579,305,267,0,0,1
87657,305,273,0,0,1
87719,305,273,0,0,1
87797,305,273,0,0,1
87860,305,273,0,0,1
87938,305,273,1,0,1
88000,305,273,1,0,1
88078,303,273,1,0,1
88140,301,273,1,0,1
88218,301,275,1,0,1
88281,301,275,1,0,1
88359,301,275,1,0,1
88421,301,275,1,0,1
88499,301,273,1,0,1
88562,301,271,1,0,1
88640,301,269,1,0,1
88702,299,269,1,0,1
88780,291,257,1,0,1
88842,283,253,1,0,1
88920,277,253,1,0,1
88983,271,257,1,0,1
89061,255,247,1,0,1
89123,255,247,1,0,1
89201,255,245,1,0,1
89264,255,243,1,0,1
89342,259,231,1,0,1
89404,259,227,1,0,1
89482,259,225,1,0,1
89544,255,223,1,0,1
89622,243,203,1,0,1
89685,241,203,1,0,1
89763,239,203,1,0,1
89825,227,187,1,0,1
89903,213,171,1,0,1
89966,209,167,1,0,1
90044,207,167,1,0,1
90106,197,153,1,0,1
90184,189,145,1,0,1
90246,175,137,1,0,1
90324,169,135,1,0,1
90387,145,111,0,0,1
90449,143,109,0,0,1
90527,139,107,0,0,1
90590,139,107,0,0,1
90668,139,103,0,0,1
90730,139,103,0,0,1
90808,139,103,0,0,1
90870,139,103,0,0,1
90948,145,105,0,0,1
91011,175,133,0,0,1
91089,297,237,0,0,1
91151,427,315,0,0,1
91229,461,337,0,0,1
91292,477,351,0,0,1
91370,479,353,0,0,1
91432,481,351,0,0,1
91510,481,349,0,0,1
91572,463,337,0,0,1
91650,457,339,0,0,1
91713,443,321,0,0,1
91791,439,317,0,0,1
91853,433,317,0,0,1
91931,431,319,0,0,1
91994,427,317,0,0,1
92072,415,317,0,0,1
92134,395,313,0,0,1
92212,387,313,0,0,1
92274,377,311,0,0,1
92352,371,311,0,0,1
92415,359,313,0,0,1
92493,345,323,0,0,1
92555,337,321,0,0,1
92633,325,323,0,0,1
92696,311,333,0,0,1
92774,301,339,0,0,1
92836,301,337,0,0,1
92914,297,337,0,0,1
92976,295,335,0,0,1
93054,283,321,0,0,1
93117,277,311,0,0,1
93195,273,305,0,0,1
93257,271,301,0,0,1
93335,261,279,0,0,1
93398,255,275,0,0,1
93476,251,275,0,0,1
93538,245,289,0,0,1
93616,243,289,0,0,1
93678,237,289,0,0,1
93756,235,291,0,0,1
93819,235,293,0,0,1
93897,233,291,0,0,1
93959,231,291,0,0,1
94037,231,291,0,0,1
94100,229,291,0,0,1
94178,229,291,0,0,1
94240,219,291,0,0,1
94318,211,293,0,0,1
94380,199,293,0,0,1
94458,195,291,0,0,1
94521,181,289,0,0,1
94599,171,293,0,0,1
94661,161,293,0,0,1
94739,153,289,0,0,1
94802,147,289,0,0,1
94880,147,291,0,0,1
94942,143,291,0,0,1
95020,139,291,0,0,1
95082,129,293,0,0,1
95160,129,297,0,0,1
95223,167,281,0,0,1
95301,219,249,0,0,1
95363,235,229,0,0,1
95441,235,227,0,0,1
95504,261,211,0,0,1
95582,285,201,0,0,1
95644,287,201,0,0,1
95706,291,221,0,0,1
95784,295,221,0,0,1
95847,297,221,0,0,1
95925,301,225,0,0,1
95987,311,233,0,0,1
96065,315,233,0,0,1
96128,315,233,0,0,1
96206,325,239,0,0,1
96268,331,239,0,0,1
96346,333,239,0,0,1
96408,337,241,0,0,1
96486,347,261,0,0,1
96549,351,263,0,0,1
96627,353,267,0,0,1
96689,355,273,0,0,1
96767,359,283,0,0,1
96830,361,283,0,0,1
96908,361,283,0,0,1
96970,361,283,0,0,1
97048,365,281,0,0,1
97110,371,277,0,0,1
97188,371,277,0,0,1
97251,371,277,0,0,1
97329,371,277,0,0,1
97391,371,277,0,0,1
97469,373,277,0,0,1
97532,389,277,0,0,1
97610,423,275,0,0,1
97672,475,331,0,0,1
97750,493,347,0,0,1
97812,515,367,0,0,1
97890,529,363,0,0,1
97953,531,361,0,0,1
98031,531,359,0,0,1
98093,543,353,0,0,1
98171,545,351,0,0,1
98234,537,351,0,0,1
98312,521,349,0,0,1
98374,513,345,0,0,1
98452,511,345,0,0,1
98514,507,343,0,0,1
98592,501,341,0,0,1
98655,493,335,0,0,1
98733,483,333,0,0,1
98795,469,333,0,0,1
98873,461,333,0,0,1
98936,457,333,0,0,1
99014,451,333,0,0,1
99076,439,329,0,0,1
99154,433,325,0,0,1
99216,429,321,0,0,1
99279,421,311,0,0,1
99357,407,297,0,0,1
99419,405,295,0,0,1
99497,401,301,0,0,1
99560,397,317,0,0,1
99638,391,327,0,0,1
99700,389,333,0,0,1
99778,387,333,0,0,1
99840,383,333,0,0,1
99918,381,329,0,0,1
99981,375,327,0,0,1
100059,371,325,0,0,1
100121,369,323,0,0,1
100199,363,319,0,0,1
100262,359,317,0,0,1
100340,353,313,0,0,1
100402,351,313,0,0,1
100480,349,313,0,0,1
100542,347,311,0,0,1
100620,347,311,0,0,1
100683,347,311,0,0,1
100761,347,311,0,0,1
100823,349,311,0,0,1
100901,351,311,0,0,1
100964,351,311,0,0,1
101042,353,311,0,0,1
101104,353,311,0,0,1
101182,361,311,0,0,1
101244,397,299,0,0,1
101322,423,285,0,0,1
101385,425,281,0,0,1
101463,425,273,0,0,1
101525,421,259,0,0,1
101603,415,249,0,0,1
101666,413,249,0,0,1
101744,411,253,0,0,1
101806,409,255,0,0,1
101884,405,259,0,0,1
101946,401,263,0,0,1
102024,399,265,0,0,1
102087,395,273,0,0,1
102165,393,281,0,0,1
102227,393,291,0,0,1
102305,393,291,0,0,1
102368,391,293,0,0,1
102446,389,295,0,0,1
102508,383,297,1,0,1
102586,377,299,0,0,1
102648,373,301,1,0,1
102726,371,307,0,0,1
102789,365,315,1,0,1
102867,365,315,0,0,1
102929,365,317,1,0,1
103007,369,317,0,0,1
103070,371,317,1,0,1
103148,373,317,0,0,1
103210,381,311,1,0,1
103288,393,307,0,0,1
103350,399,305,1,0,1
103428,401,305,0,0,1
103491,405,301,1,0,1
103569,407,299,0,0,1
103631,409,299,1,0,1
103709,409,299,0,0,1
103772,409,297,1,0,1
103850,409,297,0,0,1
103912,411,297,1,0,1
103990,411,297,0,0,1
104052,411,297,1,0,1
104130,411,295,0,0,1
104193,407,285,1,0,1
104271,405,281,0,0,1
104333,401,281,1,0,1
104411,401,281,0,0,1
104474,401,281,1,0,1
104552,401,281,0,0,1
104614,401,281,1,0,1
104692,401,281,0,0,1
104754,401,281,1,0,1
104832,401,281,0,0,1
104895,403,281,1,0,1
104973,403,281,0,0,1
105035,405,281,1,0,1
105113,405,281,0,0,1
105176,403,281,1,0,1
105254,397,273,0,0,1
105316,395,271,1,0,1
105394,393,263,0,0,1
105456,391,261,1,0,1
105519,391,261,0,0,1
105597,391,261,1,0,1
105659,395,261,0,0,1
105737,399,259,1,0,1
105800,401,255,0,0,1
105878,401,255,1,0,1
105940,401,255,0,0,1
106018,397,255,1,0,1
106080,397,255,0,0,1
106158,397,255,1,0,1
106221,401,255,0,0,1
106299,419,255,1,0,1
106361,427,255,0,0,1
106439,433,255,1,0,1
106502,433,255,0,0,1
106580,435,255,1,0,1
106642,435,255,0,0,1
106720,437,257,1,0,1
106782,439,257,0,0,1
106860,439,259,1,0,1
106923,441,259,0,0,1
107001,443,261,1,0,1
107063,443,263,0,0,1
107141,445,265,1,0,1
107204,445,265,0,0,1
107282,445,265,1,0,1
107344,445,265,0,0,1
107422,441,265,1,0,1
107484,433,267,0,0,1
107562,431,267,1,0,1
107625,431,267,0,0,1
107703,431,267,1,0,1
107765,431,267,0,0,1
107843,431,269,1,0,1
107906,431,269,0,0,1
107984,427,271,1,0,1
108046,423,273,0,0,1
108124,417,275,1,0,1
108186,415,275,0,0,1
108264,415,275,1,0,1
108327,415,277,0,0,1
108405,461,299,0,0,1
108467,535,329,0,0,1
108545,595,355,0,0,1
108608,629,369,0,0,1
108686,675,383,0,0,1
108748,697,387,0,0,1
108826,717,389,0,0,1
108888,719,387,0,0,1
108966,713,351,0,0,1
109029,703,295,0,0,1
109107,701,255,0,0,1
109169,703,219,0,0,1
109247,701,197,0,0,1
109310,699,181,0,0,1
109388,691,163,0,0,1
109450,687,155,0,0,1
109528,679,143,0,0,1
109590,673,137,0,0,1
109668,665,129,0,0,1
109731,657,123,0,0,1
109793,639,117,0,0,1
109871,601,111,0,0,1
109934,553,109,0,0,1
110012,509,113,0,0,1
110074,469,119,0,0,1
110152,445,125,0,0,1
110214,433,137,0,0,1
110292,421,149,0,0,1
110355,411,163,0,0,1
110433,401,173,0,0,1
110495,397,179,0,0,1
110573,389,187,0,0,1
110636,385,191,0,0,1
110714,383,197,1,0,1
110776,381,205,1,0,1
110854,375,219,1,0,1
110916,373,227,1,0,1
110994,367,235,1,0,1
111057,363,243,1,0,1
111135,359,251,1,0,1
111197,357,269,1,0,1
111275,359,291,1,0,1
111338,359,303,1,0,1
111416,359,317,1,0,1
111478,359,329,1,0,1
111556,367,343,1,0,1
111618,417,375,1,0,1
111696,465,393,1,0,1
111759,505,403,0,0,1
111837,531,405,0,0,1
111899,559,393,0,0,1
111977,579,341,0,0,1
112040,567,243,0,0,1
112118,535,201,0,0,1
112180,499,177,0,0,1
112258,455,157,0,0,1
112320,399,145,0,0,1
112398,339,143,0,0,1
112461,303,149,0,0,1
112539,283,153,0,0,1
112601,281,157,0,0,1
112679,289,161,0,0,1
112742,305,173,0,0,1
112820,305,175,0,0,1
112882,301,175,0,0,1
112960,289,177,0,0,1
113022,265,179,0,0,1
113100,225,179,0,0,1
113163,187,187,0,0,1
113241,163,197,0,0,1
113303,145,219,0,0,1
113381,135,237,0,0,1
113444,129,271,0,0,1
113522,135,301,0,0,1
113584,145,339,0,0,1
113662,155,369,0,0,1
113724,165,397,0,0,1
113802,179,425,0,0,1
113865,199,449,0,0,1
113943,219,469,0,0,1
114005,249,483,0,0,1
114083,293,493,0,0,1
114146,351,495,0,0,1
114224,427,493,0,0,1
114286,473,487,0,0,1
114348,507,483,0,0,1
114426,527,483,0,0,1
114489,535,479,0,0,1
114567,549,477,0,0,1
114629,567,471,0,0,1
114707,571,471,0,0,1
114770,565,471,0,0,1
114848,535,469,0,0,1
114910,511,457,0,0,1
114988,497,437,0,0,1
115051,483,409,0,0,1
115129,477,401,0,0,1
115191,473,397,0,0,1
115269,467,385,0,0,1
115331,467,381,1,0,1
115409,469,369,1,0,1
115472,475,357,1,0,1
115550,475,351,1,0,1
115612,475,351,1,0,1
115690,475,351,1,0,1
115753,475,351,1,0,1
115831,475,349,1,0,1
115893,475,345,1,0,1
115971,473,337,1,0,1
116033,469,323,1,0,1
116111,463,317,1,0,1
116174,463,317,1,0,1
116252,463,317,1,0,1
116314,463,317,1,0,1
116392,463,317,1,0,1
116455,465,315,1,0,1
116533,465,313,1,0,1
116595,465,307,1,0,1
116673,463,305,1,0,1
116735,459,301,1,0,1
116813,453,299,1,0,1
116876,453,299,1,0,1
116954,453,299,1,0,1
117016,449,297,1,0,1
117094,447,295,1,0,1
117157,447,295,1,0,1
117235,455,295,1,0,1
117297,461,291,1,0,1
117375,461,291,1,0,1
117437,461,291,1,0,1
117515,461,291,1,0,1
117578,461,291,1,0,1
117656,461,289,1,0,1
117718,461,289,1,0,1
117796,459,289,1,0,1
117859,451,295,0,0,1
117937,327,361,0,0,1
117999,223,395,0,0,1
118077,215,399,0,0,1
118139,205,403,0,0,1
118217,189,405,0,0,1
118280,161,409,0,0,1
118358,137,407,0,0,1
118420,125,401,0,0,1
118498,111,393,0,0,1
118561,99,381,0,0,1
118639,93,371,0,0,1
118701,85,357,0,0,1
118779,79,345,0,0,1
118841,75,333,0,0,1
118904,73,319,0,0,1
118982,71,307,0,0,1
119044,69,285,0,0,1
119122,67,273,0,0,1
119185,67,257,0,0,1
119263,69,239,0,0,1
119325,71,209,0,0,1
119403,73,189,0,0,1
119465,75,179,0,0,1
119543,81,167,0,0,1
119606,91,151,0,0,1
119684,105,141,0,0,1
119746,121,135,0,0,1
119824,135,131,0,0,1
119887,151,125,0,0,1
119965,171,119,0,0,1
120027,191,111,0,0,1
120105,221,101,0,0,1
120167,259,89,0,0,1
120245,297,79,0,0,1
120308,333,73,0,0,1
120386,371,69,0,0,1
120448,405,67,0,0,1
120526,431,67,0,0,1
120589,449,69,0,0,1
120667,457,75,0,0,1
120729,469,87,0,0,1
120807,489,103,0,0,1
120869,507,115,0,0,1
120947,521,121,0,0,1
121010,539,133,0,0,1
121088,557,147,0,0,1
121150,573,165,0,0,1
121228,589,191,0,0,1
121291,607,229,0,0,1
121369,621,273,0,0,1
121431,617,323,0,0,1
121509,587,361,0,0,1
121571,563,375,0,0,1
121649,539,381,0,0,1
121712,529,383,0,0,1
121790,523,379,0,0,1
121852,513,371,0,0,1
121930,507,365,0,0,1
121993,501,359,0,0,1
122071,491,353,0,0,1
122133,483,349,0,0,1
122211,473,347,0,0,1
122273,463,345,0,0,1
122351,453,343,0,0,1
122414,439,339,0,0,1
122476,423,339,0,0,1
122554,407,335,0,0,1
122617,391,333,0,0,1
122695,387,331,0,0,1
122757,385,331,0,0,1
122835,383,329,0,0,1
122897,385,329,0,0,1
122975,387,327,0,0,1
123038,389,327,0,0,1
123116,399,323,0,0,1
123178,393,323,0,0,1
123256,315,323,0,0,1
123319,217,317,0,0,1
123397,193,309,0,0,1
123459,181,297,0,0,1
123537,165,277,0,0,1
123599,157,257,0,0,1
123677,155,235,0,0,1
123740,163,207,0,0,1
123818,187,173,0,0,1
123880,211,147,0,0,1
123958,239,135,0,0,1
124021,261,125,0,0,1
124099,291,117,0,0,1
124161,337,109,0,0,1
124239,413,109,0,0,1
124301,461,111,0,0,1
124379,499,135,0,0,1
124442,541,187,0,0,1
124520,563,227,0,0,1
124582,567,269,0,0,1
124660,553,299,0,0,1
124723,541,313,0,0,1
124801,533,321,0,0,1
124863,523,327,0,0,1
124941,511,329,0,0,1
125003,491,329,0,0,1
125081,481,329,0,0,1
125144,479,329,0,0,1
125206,475,325,0,0,1
125284,469,323,0,0,1
125347,463,323,0,0,1
125425,457,321,0,0,1
125487,451,321,0,0,1
125565,445,319,0,0,1
125627,439,317,0,0,1
125705,433,315,0,0,1
125768,425,311,0,0,1
125846,419,309,0,0,1
125908,413,305,0,0,1
125986,407,305,0,0,1
126049,401,301,0,0,1
126127,397,301,0,0,1
126189,391,301,0,0,1
126267,387,303,0,0,1
126329,383,305,0,0,1
126407,379,311,0,0,1
126470,373,317,0,0,1
126548,373,319,0,0,1
126610,373,319,0,0,1
126688,371,319,0,0,1
126751,371,319,0,0,1
126829,367,317,0,0,1
126891,365,315,0,0,1
126969,363,315,0,0,1
127031,361,315,0,0,1
127109,359,315,0,0,1
127172,357,315,0,0,1
127250,355,315,0,0,1
127312,353,315,0,0,1
127390,353,315,0,0,1
127453,353,315,0,0,1
127531,353,315,0,0,1
127593,353,315,0,0,1
127671,353,315,0,0,1
127733,353,315,0,0,1
127811,353,317,0,0,1
127874,353,317,0,0,1
127952,357,317,0,0,1
128014,369,321,0,0,1
128092,417,325,0,0,1
128155,425,325,0,0,1
128233,427,325,0,0,1
128295,427,325,0,0,1
128373,427,327,0,0,1
128435,433,335,1,0,1
128513,435,349,1,0,1
128576,431,363,1,0,1
128638,429,363,1,0,1
128716,429,363,1,0,1
128779,427,355,1,0,1
128857,419,345,1,0,1
128919,415,339,1,0,1
128997,413,335,1,0,1
129059,411,333,1,0,1
129137,409,333,1,0,1
129200,409,333,1,0,1
129278,409,333,1,0,1
129340,407,333,1,0,1
129418,403,333,1,0,1
129481,379,353,0,0,1
129559,299,421,0,0,1
129621,281,431,0,0,1
129699,279,431,0,0,1
129761,279,431,0,0,1
129839,279,431,0,0,1
129902,279,431,0,0,1
129980,279,431,0,0,1
130042,279,431,0,0,1
130120,287,431,0,0,1
130183,355,425,0,0,1
130261,427,419,0,0,1
130323,449,415,0,0,1
130401,449,415,0,0,1
130463,443,415,0,0,1
130541,431,415,0,0,1
130604,417,407,0,0,1
130682,401,405,0,0,1
130744,389,399,0,0,1
130822,379,393,0,0,1
130885,373,389,0,0,1
130963,367,385,0,0,1
131025,359,381,0,0,1
131103,353,379,0,0,1
131165,351,377,0,0,1
131243,351,377,0,0,1
131306,351,375,0,0,1
131384,351,371,0,0,1
131446,351,371,0,0,1
131524,347,367,0,0,1
131587,341,359,0,0,1
131665,339,359,0,0,1
131727,339,357,0,0,1
131805,339,357,0,0,1
131867,341,357,0,0,1
131945,353,353,0,0,1
132008,365,349,0,0,1
132086,365,347,0,0,1
132148,365,347,0,0,1
132226,367,345,0,0,1
132289,377,341,0,0,1
132367,377,341,0,0,1
132429,375,341,0,0,1
132507,371,341,0,0,1
132569,365,341,0,0,1
132647,363,341,0,0,1
132710,363,341,0,0,1
132788,367,341,0,0,1
132850,367,341,0,0,1
132913,367,341,0,0,1
132991,369,341,0,0,1
133053,369,341,0,0,1
133131,371,341,0,0,1
133193,371,341,0,0,1
133271,371,341,0,0,1
133334,367,335,0,0,1
133412,365,335,0,0,1
133474,365,333,0,0,1
133552,365,329,0,0,1
133615,363,329,0,0,1
133693,343,327,0,0,1
133755,307,327,0,0,1
133833,301,327,0,0,1
133895,301,329,0,0,1
133973,317,329,0,0,1
134036,321,329,0,0,1
134114,325,329,0,0,1
134176,325,329,0,0,1
134254,325,329,0,0,1
134317,325,327,0,0,1
134395,325,327,0,0,1
134457,329,327,0,0,1
134535,329,327,0,0,1
134597,329,327,0,0,1
134675,329,327,0,0,1
134738,329,327,0,0,1
134816,331,327,0,0,1
134878,331,327,0,0,1
134956,331,327,0,0,1
135019,331,327,0,0,1
135097,331,327,0,0,1
135159,331,327,0,0,1
135237,329,327,0,0,1
135299,329,327,0,0,1
135377,329,327,0,0,1
135440,329,327,0,0,1
135518,327,327,0,0,1
135580,319,327,0,0,1
135658,311,325,0,0,1
135721,311,325,0,0,1
135799,311,325,0,0,1
135861,311,325,0,0,1
135939,311,323,0,0,1
136001,313,323,0,0,1
136079,315,323,0,0,1
136142,315,323,0,0,1
136220,315,321,0,0,1
136282,315,319,0,0,1
136345,317,319,0,0,1
136423,319,319,0,0,1
136485,319,319,0,0,1
136563,319,319,0,0,1
136625,321,319,0,0,1
136703,323,317,0,0,1
136766,327,315,0,0,1
136844,327,315,0,0,1
136906,327,315,0,0,1
136984,321,315,1,0,1
137047,315,313,1,0,1
137125,307,311,1,0,1
137187,303,309,1,0,1
137265,299,307,1,0,1
137327,299,305,1,0,1
137405,299,305,1,0,1
137468,299,305,1,0,1
137546,299,305,1,0,1
137608,297,307,1,0,1
137686,287,319,1,0,1
137764,281,327,1,0,1
137827,279,327,1,0,1
137905,279,327,1,0,1
137967,283,325,1,0,1
138045,293,311,1,0,1
138107,301,301,1,0,1
138185,307,293,1,0,1
138248,309,291,1,0,1
138326,309,291,1,0,1
138388,309,321,1,0,1
138466,309,331,1,0,1
138529,309,331,1,0,1
138607,311,315,1,0,1
138669,321,291,1,0,1
138747,321,289,1,0,1
138809,321,297,1,0,1
138872,321,305,1,0,1
138950,321,309,1,0,1
139012,323,311,1,0,1
139090,323,311,1,0,1
139153,331,303,1,0,1
139231,335,295,1,0,1
139293,339,291,1,0,1
139371,339,291,1,0,1
139433,339,293,1,0,1
139511,341,293,0,0,1
139574,347,291,0,0,1
139652,351,289,0,0,1
139714,353,289,0,0,1
139792,347,291,0,0,1
139855,337,309,0,0,1
139933,333,315,0,0,1
139995,335,325,0,0,1
140073,335,329,0,0,1
140135,335,327,0,0,1
140213,325,311,0,0,1
140276,313,311,0,0,1
140354,295,319,0,0,1
140416,285,321,0,0,1
140494,267,317,0,0,1
140557,263,317,0,0,1
140635,255,317,0,0,1
140697,253,319,0,0,1
140775,253,319,0,0,1
140837,261,319,0,0,1
140915,269,319,0,0,1
140978,275,319,0,0,1
141056,277,319,0,0,1
141118,281,319,0,0,1
141196,285,319,0,0,1
141259,289,319,0,0,1
141337,293,321,0,0,1
141399,295,321,0,0,1
141477,297,321,0,0,1
141539,297,321,0,0,1
141617,299,321,0,0,1
141680,301,321,0,0,1
141758,301,321,0,0,1
141820,301,321,0,0,1
141898,303,321,0,0,1
141961,303,321,0,0,1
142023,305,321,0,0,1
142101,305,321,0,0,1
142163,311,321,0,0,1
142241,315,321,0,0,1
142304,317,321,0,0,1
142382,321,319,0,0,1
142444,315,285,0,0,1
142522,289,235,0,0,1
142585,285,227,0,0,1
142663,281,225,0,0,1
142725,283,225,0,0,1
142803,293,225,0,0,1
142865,301,229,0,0,1
142943,305,233,0,0,1
143006,311,237,0,0,1
143084,315,239,0,0,1
143146,319,243,0,0,1
143224,325,249,0,0,1
143287,333,255,0,0,1
143365,341,263,0,0,1
143427,349,267,0,0,1
143505,351,269,0,0,1
143567,355,271,0,0,1
143645,355,271,0,0,1
143708,357,273,0,0,1
143786,359,275,0,0,1
143848,363,277,0,0,1
143926,369,281,0,0,1
143989,373,283,0,0,1
144067,375,285,0,0,1
144129,375,285,0,0,1
144207,387,289,0,0,1
144269,423,293,0,0,1
144347,469,293,0,0,1
144410,523,277,0,0,1
144488,563,263,0,0,1
144550,589,249,0,0,1
144628,603,241,0,0,1
144691,619,235,0,0,1
144769,629,229,0,0,1
144831,635,227,0,0,1
144909,639,223,0,0,1
144971,647,219,0,0,1
145049,651,215,0,0,1
145112,655,211,0,0,1
145190,657,209,0,0,1
145252,657,209,0,0,1
145330,659,209,0,0,1
145393,659,209,0,0,1
145471,659,209,0,0,1
145533,659,209,0,0,1
145611,659,207,0,0,1
145673,643,197,0,0,1
145751,617,183,0,0,1
145814,571,165,0,0,1
145876,527,159,0,0,1
145954,499,153,0,0,1
146017,489,151,0,0,1
146095,477,147,0,0,1
146157,465,143,0,0,1
146235,451,137,0,0,1
146298,437,133,0,0,1
146376,433,131,0,0,1
146438,431,131,0,0,1
146516,431,131,0,0,1
146578,431,131,0,0,1
146656,431,131,0,0,1
146719,447,135,0,0,1
146797,485,167,0,0,1
146859,525,193,0,0,1
146937,555,211,0,0,1
147000,575,233,0,0,1
147078,583,249,0,0,1
147140,593,285,0,0,1
147218,597,307,0,0,1
147280,597,319,0,0,1
147358,597,321,0,0,1
147421,597,325,0,0,1
147499,589,331,0,0,1
147561,569,341,0,0,1
147639,555,347,0,0,1
147702,547,351,0,0,1
147780,545,351,0,0,1
147842,539,351,0,0,1
147920,533,345,0,0,1
147982,529,343,0,0,1
148060,509,337,0,0,1
148123,495,335,0,0,1
148201,487,333,0,0,1
148263,483,333,0,0,1
148341,481,333,0,0,1
148404,479,333,0,0,1
148482,469,331,0,0,1
148544,461,327,0,0,1
148622,455,325,0,0,1
148684,453,325,0,0,1
148762,449,323,0,0,1
148825,445,323,0,0,1
148903,439,321,0,0,1
148965,435,321,0,0,1
149028,431,325,0,0,1
149106,423,327,0,0,1
149168,415,331,0,0,1
149246,407,335,0,0,1
149308,401,337,0,0,1
149386,393,337,0,0,1
149449,385,337,0,0,1
149527,379,335,0,0,1
149589,375,333,0,0,1
149667,373,333,0,0,1
149745,371,331,0,0,1
149808,367,331,0,0,1
149886,363,329,0,0,1
149948,361,325,0,0,1
150026,359,325,0,0,1
150088,357,325,0,0,1
150166,355,323,0,0,1
150229,353,321,0,0,1
150307,353,321,0,0,1
150369,353,319,0,0,1
150447,353,319,0,0,1
150510,355,319,0,0,1
150588,357,319,0,0,1
150650,385,323,0,0,1
150728,447,333,0,0,1
150790,461,333,0,0,1
150868,465,333,0,0,1
150931,461,335,1,0,1
151009,449,343,1,0,1
151071,439,363,1,0,1
151149,433,363,1,0,1
151212,433,363,1,0,1
151290,429,363,1,0,1
151352,427,363,1,0,1
151430,407,335,1,0,1
151492,397,315,1,0,1
151570,389,299,1,0,1
151633,389,299,1,0,1
151711,387,299,1,0,1
151773,375,311,1,0,1
151836,363,327,1,0,1
151914,363,327,1,0,1
151976,363,327,1,0,1
152054,371,311,1,0,1
152116,375,301,1,0,1
152194,377,301,0,0,1
152257,377,303,0,0,1
152335,377,323,0,0,1
152397,375,333,0,0,1
152475,371,333,0,0,1
152538,361,313,0,0,1
152616,359,307,0,0,1
152678,359,305,0,0,1
152756,359,305,0,0,1
152818,359,327,0,0,1
152896,359,331,0,0,1
152959,361,325,0,0,1
153037,361,299,0,0,1
153099,361,295,0,0,1
153177,361,295,0,0,1
153240,361,297,0,0,1
153318,363,297,0,0,1
153380,371,297,0,0,1
153458,371,297,0,0,1
153536,371,299,0,0,1
153598,365,307,0,0,1
153661,359,327,0,0,1
153739,359,327,0,0,1
153801,363,333,0,0,1
153879,371,337,0,0,1
153942,375,337,0,0,1
154020,383,331,0,0,1
154082,391,325,0,0,1
154160,393,325,0,0,1
154222,393,325,0,0,1
154300,395,325,0,0,1
154363,395,325,0,0,1
154441,395,325,0,0,1
154503,395,325,0,0,1
154581,395,327,0,0,1
154644,395,327,0,0,1
154722,391,327,0,0,1
154784,389,327,0,0,1
154862,389,333,0,0,1
154924,439,403,0,0,1
155002,491,485,0,0,1
155065,495,489,0,0,1
155143,497,491,0,0,1
155205,497,491,0,0,1
155283,493,489,0,0,1
155346,489,483,0,0,1
155424,489,481,0,0,1
155486,481,469,0,0,1
155564,475,463,0,0,1
155626,463,453,0,0,1
155704,459,447,0,0,1
155767,453,437,0,0,1
155845,451,433,0,0,1
155907,449,429,0,0,1
155985,445,427,0,0,1
156048,437,419,0,0,1
156126,431,413,0,0,1
156188,425,407,0,0,1
156266,417,403,0,0,1
156328,411,399,0,0,1
156406,409,397,0,0,1
156469,405,395,0,0,1
156547,399,389,0,0,1
156609,393,385,0,0,1
156687,393,381,0,0,1
156750,399,375,0,0,1
156828,399,371,0,0,1
156890,399,367,0,0,1
156968,393,359,0,0,1
157030,389,355,0,0,1
157108,385,353,0,0,1
157171,383,353,0,0,1
157249,377,351,0,0,1
157311,369,351,0,0,1
157389,367,353,0,0,1
157452,367,353,0,0,1
157530,363,353,0,0,1
157592,361,353,0,0,1
157670,359,353,0,0,1
157732,365,353,0,0,1
157810,381,347,0,0,1
157873,383,347,0,0,1
157951,383,347,0,0,1
158013,379,347,0,0,1
158091,379,345,0,0,1
158154,375,345,0,0,1
158232,373,345,0,0,1
158294,373,343,0,0,1
158372,367,343,0,0,1
158434,337,333,0,0,1
158512,279,307,0,0,1
158575,243,299,0,0,1
158653,225,295,0,0,1
158715,209,291,0,0,1
158793,209,291,0,0,1
158856,211,295,0,0,1
158934,227,297,0,0,1
158996,243,299,0,0,1
159074,249,303,0,0,1
159136,253,303,0,0,1
159214,255,305,0,0,1
159277,259,305,0,0,1
159355,263,307,0,0,1
159417,271,309,0,0,1
159495,273,309,0,0,1
159558,281,311,0,0,1
159636,283,311,0,0,1
159698,289,313,0,0,1
159776,289,313,0,0,1
159838,287,315,0,0,1
159916,285,321,0,0,1
159979,283,323,0,0,1
160057,281,329,0,0,1
160119,255,343,0,0,1
160197,233,367,0,0,1
160260,223,379,0,0,1
160338,217,385,0,0,1
160400,215,387,0,0,1
160478,211,389,1,0,1
160540,205,395,1,0,1
160618,199,401,1,0,1
160681,195,411,1,0,1
160759,191,421,1,0,1
160821,191,429,1,0,1
160899,189,433,1,0,1
160962,187,437,1,0,1
161040,185,445,1,0,1
161102,183,447,1,0,1
161180,179,451,1,0,1
161242,177,451,1,0,1
161320,177,453,1,0,1
161383,177,453,1,0,1
161461,183,449,0,0,1
161523,221,417,0,0,1
161601,271,327,0,0,1
161664,275,319,0,0,1
161742,277,319,0,0,1
161804,281,319,0,0,1
161882,281,319,0,0,1
161944,281,319,0,0,1
162022,287,319,0,0,1
162085,291,319,0,0,1
162163,295,317,0,0,1
162225,297,317,0,0,1
162303,303,313,0,0,1
162366,305,313,0,0,1
162444,305,311,0,0,1
162506,307,311,1,0,1
162568,309,309,1,0,1
162646,315,301,1,0,1
162709,325,293,1,0,1
162787,331,289,1,0,1
162849,331,289,1,0,1
162927,331,289,1,0,1
162990,331,289,1,0,1
163068,331,289,1,0,1
163130,331,289,1,0,1
163208,331,289,1,0,1
163270,349,281,1,0,1
163348,357,279,1,0,1
163411,367,275,1,0,1
163489,377,267,1,0,1
163551,377,267,1,0,1
163629,375,267,1,0,1
163692,371,267,0,0,1
163770,371,267,0,0,1
163832,371,267,0,0,1
163910,371,267,0,0,1
163972,373,267,0,0,1
164050,383,263,0,0,1
164113,431,247,0,0,1
164191,487,235,0,0,1
164253,529,237,0,0,1
164331,553,247,0,0,1
164394,573,271,0,0,1
164472,601,315,0,0,1
164534,621,347,0,0,1
164612,631,375,0,0,1
164674,641,393,0,0,1
164752,647,401,0,0,1
164815,647,407,0,0,1
164893,639,411,0,0,1
164955,607,421,0,0,1
165033,501,425,0,0,1
165096,413,409,0,0,1
165174,357,377,0,0,1
165236,319,337,0,0,1
165314,299,271,0,0,1
165376,305,213,0,0,1
165454,327,187,0,0,1
165517,329,185,0,0,1
165595,335,181,0,0,1
165657,329,167,0,0,1
165735,317,153,0,0,1
165798,325,185,0,0,1
165876,417,289,0,0,1
165938,493,345,0,0,1
166016,521,357,0,0,1
166078,519,357,0,0,1
166156,523,353,0,0,1
166219,523,353,0,0,1
166297,517,353,0,0,1
166359,513,353,0,0,1
166437,507,349,0,0,1
166500,505,347,0,0,1
166578,503,345,1,0,1
166640,501,345,1,0,1
166718,485,359,1,0,1
166780,471,381,1,0,1
166858,467,391,1,0,1
166921,463,391,1,0,1
166999,449,357,1,0,1
167061,441,331,1,0,1
167139,433,317,1,0,1
167202,431,313,1,0,1
167280,427,317,1,0,1
167342,421,341,1,0,1
167420,417,347,1,0,1
167482,415,347,1,0,1
167560,411,341,0,0,1
167623,399,323,0,0,1
167701,387,307,0,0,1
167763,373,295,0,0,1
167841,373,295,0,0,1
167904,367,295,0,0,1
167982,353,299,0,0,1
168044,311,301,0,0,1
168106,247,293,0,0,1
168184,199,291,0,0,1
168247,183,289,0,0,1
168325,179,285,0,0,1
168387,177,283,0,0,1
168465,197,275,0,0,1
168528,259,267,0,0,1
168606,349,281,0,0,1
168668,367,285,0,0,1
168746,377,293,0,0,1
168808,381,293,0,0,1
168886,387,289,0,0,1
168949,385,289,0,0,1
169027,381,289,0,0,1
169089,381,289,0,0,1
169167,383,287,0,0,1
169230,383,287,1,0,1
169308,383,287,1,0,1
169370,385,287,1,0,1
169448,385,285,1,0,1
169510,391,281,1,0,1
169588,391,281,1,0,1
169651,389,281,1,0,1
169729,381,281,1,0,1
169791,369,281,1,0,1
169869,367,281,1,0,1
169932,369,281,1,0,1
170010,375,281,1,0,1
170072,375,281,1,0,1
170150,375,281,1,0,1
170212,375,281,1,0,1
170290,377,281,0,0,1
170353,385,289,0,0,1
170431,437,319,0,0,1
170493,499,351,0,0,1
170571,549,361,0,0,1
170634,585,359,0,0,1
170712,605,357,0,0,1
170774,619,355,0,0,1
170852,631,355,0,0,1
170914,637,353,0,0,1
170992,643,353,0,0,1
171055,647,353,0,0,1
171133,649,351,0,0,1
171195,615,341,0,0,1
171273,497,307,0,0,1
171336,433,283,0,0,1
171414,409,297,0,0,1
171476,407,299,0,0,1
171554,407,301,0,0,1
171616,407,301,0,0,1
171694,407,301,0,0,1
171757,407,299,0,0,1
171835,407,297,0,0,1
171897,413,295,0,0,1
171975,425,291,0,0,1
172038,421,291,0,0,1
172116,413,291,0,0,1
172178,411,291,0,0,1
172256,411,291,0,0,1
172318,397,301,0,0,1
172396,369,317,0,0,1
172459,363,323,0,0,1
172537,363,325,0,0,1
172599,363,325,0,0,1
172677,365,325,0,0,1
172740,369,325,1,0,1
172818,369,325,1,0,1
172880,369,325,1,0,1
172958,367,325,1,0,1
173020,365,325,1,0,1
173098,375,329,1,0,1
173161,403,331,1,0,1
173239,403,333,1,0,1
173301,403,333,1,0,1
173379,403,335,1,0,1
173442,403,335,1,0,1
173520,419,341,1,0,1
173582,435,345,1,0,1
173660,443,347,1,0,1
173722,443,347,1,0,1
173800,445,347,1,0,1
173863,447,347,1,0,1
173941,449,349,1,0,1
174003,461,353,1,0,1
174081,477,357,1,0,1
174144,489,357,0,0,1
174222,499,363,0,0,1
174284,503,367,0,0,1
174362,509,375,0,0,1
174424,551,381,0,0,1
174502,627,367,0,0,1
174565,651,355,0,0,1
174643,661,315,0,0,1
174705,657,287,0,0,1
174783,635,269,0,0,1
174846,573,253,0,0,1
174924,489,265,0,0,1
174986,421,297,0,0,1
175064,365,325,0,0,1
175126,335,343,0,0,1
175204,335,343,0,0,1
175267,333,347,0,0,1
175345,337,347,0,0,1
175407,349,341,0,0,1
175485,349,341,0,0,1
175548,349,341,0,0,1
175626,349,341,0,0,1
175688,349,341,0,0,1
175766,351,339,0,0,1
175828,351,339,0,0,1
175891,351,339,1,0,1
175969,351,339,1,0,1
176031,347,339,1,0,1
176109,325,333,1,0,1
176187,321,333,1,0,1
176250,323,333,1,0,1
176328,333,333,1,0,1
176390,347,331,1,0,1
176468,347,331,1,0,1
176530,347,331,1,0,1
176593,347,331,0,0,1
176671,347,331,0,0,1
176733,349,331,0,0,1
176811,351,327,0,0,1
176874,357,325,0,0,1
176952,365,319,0,0,1
177014,365,319,0,0,1
177092,363,315,0,0,1
177155,361,313,0,0,1
177233,361,313,0,0,1
177295,361,313,0,0,1
177373,361,313,0,0,1
177435,361,313,0,0,1
177513,361,307,0,0,1
177576,363,305,0,0,1
177654,363,303,0,0,1
177716,371,303,0,0,1
177794,387,305,0,0,1
177857,391,305,0,0,1
177935,387,309,0,0,1
177997,373,317,0,0,1
178075,361,333,0,0,1
178137,321,383,0,0,1
178215,291,405,0,0,1
178278,271,399,0,0,1
178356,257,375,0,0,1
178418,269,365,0,0,1
178496,283,361,0,0,1
178559,283,361,0,0,1
178637,283,361,0,0,1
178699,281,361,0,0,1
178777,277,363,0,0,1
178839,275,365,0,0,1
178917,271,365,0,0,1
178980,269,367,0,0,1
179058,265,367,0,0,1
179120,263,369,0,0,1
179198,263,369,0,0,1
179261,261,371,0,0,1
179339,257,377,0,0,1
179401,257,383,0,0,1
179479,255,391,0,0,1
179541,255,395,0,0,1
179619,255,397,0,0,1
179682,253,397,0,0,1
179760,251,397,0,0,1
179822,249,397,0,0,1
179900,247,397,0,0,1
179963,247,397,1,0,1
180041,247,397,1,0,1
180103,245,399,1,0,1
180181,239,401,1,0,1
180243,235,403,1,0,1
180321,231,407,1,0,1
180384,229,407,1,0,1
180462,229,407,1,0,1
180524,229,407,1,0,1
180602,227,407,1,0,1
180665,227,407,1,0,1
180743,227,407,0,0,1
180805,227,407,0,0,1
180867,267,383,0,0,1
180945,393,283,0,0,1
181008,457,221,0,0,1
181086,477,207,0,0,1
181148,483,203,0,0,1
181226,487,203,0,0,1
181289,495,199,0,0,1
181367,507,195,0,0,1
181429,523,189,0,0,1
181507,543,177,0,0,1
181569,563,165,0,0,1
181647,589,149,0,0,1
181710,609,133,0,0,1
181788,631,123,0,0,1
181850,643,117,0,0,1
181928,651,113,0,0,1
181991,657,111,0,0,1
182069,663,107,0,0,1
182131,665,105,0,0,1
182209,667,105,0,0,1
182271,667,103,0,0,1
182349,667,103,0,0,1
182412,669,103,0,0,1
182490,669,103,0,0,1
182552,669,103,0,0,1
182630,669,103,0,0,1
182693,663,109,0,0,1
182771,643,197,0,0,1
182833,605,263,0,0,1
182911,561,307,0,0,1
182973,535,317,0,0,1
183051,457,377,0,0,1
183114,369,401,0,0,1
183192,269,411,0,0,1
183254,221,419,0,0,1
183332,215,417,0,0,1
183395,207,413,0,0,1
183473,193,409,0,0,1
183535,191,409,0,0,1
183613,185,403,0,0,1
183675,183,387,0,0,1
183753,181,377,0,0,1
183816,179,375,0,0,1
183894,177,369,0,0,1
183956,169,363,0,0,1
184034,159,349,0,0,1
184097,157,349,0,0,1
184175,157,347,0,0,1
184237,157,341,0,0,1
184315,163,335,0,0,1
184377,171,321,0,0,1
184455,173,307,0,0,1
184518,175,299,0,0,1
184596,175,289,0,0,1
184658,175,277,0,0,1
184721,183,273,0,0,1
184799,187,267,0,0,1
184861,191,263,0,0,1
184939,195,257,0,0,1
185001,203,249,0,0,1
185079,207,243,0,0,1
185142,215,235,0,0,1
185220,217,235,0,0,1
185282,219,235,0,0,1
185360,225,239,1,0,1
185423,225,245,1,0,1
185501,225,247,1,0,1
185563,235,253,1,0,1
185641,245,257,1,0,1
185703,245,259,1,0,1
185781,243,261,1,0,1
185844,243,263,1,0,1
185922,243,263,1,0,1
185984,239,271,1,0,1
186062,239,281,1,0,1
186125,239,283,1,0,1
186203,243,283,1,0,1
186265,247,283,1,0,1
186343,259,285,1,0,1
186405,265,287,1,0,1
186483,273,287,1,0,1
186546,275,287,1,0,1
186624,279,285,1,0,1
186686,289,283,1,0,1
186764,295,279,1,0,1
186827,297,277,1,0,1
186905,311,269,1,0,1
186967,317,263,1,0,1
187045,319,261,1,0,1
187107,315,261,1,0,1
187185,303,265,1,0,1
187248,297,269,1,0,1
187326,285,277,1,0,1
187388,277,291,1,0,1
187466,269,309,1,0,1
187529,269,317,1,0,1
187607,269,323,1,0,1
187669,267,333,0,0,1
187747,259,343,0,0,1
187809,259,345,0,0,1
187887,255,349,0,0,1
187950,255,361,0,0,1
188028,253,367,0,0,1
188090,251,371,0,0,1
188168,249,379,0,0,1
188231,245,385,0,0,1
188309,237,391,0,0,1
188371,225,399,0,0,1
188449,213,407,0,0,1
188511,205,411,0,0,1
188589,199,415,0,0,1
188652,193,427,0,0,1
188730,187,435,0,0,1
188792,181,439,0,0,1
188870,177,437,0,0,1
188933,165,415,0,0,1
189011,143,347,0,0,1
189073,125,249,0,0,1
189151,125,187,0,0,1
189213,125,165,0,0,1
189276,129,149,0,0,1
189354,141,133,0,0,1
189416,157,125,0,0,1
189494,185,111,0,0,1
189557,225,97,0,0,1
189635,269,81,0,0,1
189697,331,69,0,0,1
189775,397,67,0,0,1
189837,445,67,0,0,1
189915,483,71,0,0,1
189978,515,77,0,0,1
190056,553,83,0,0,1
190118,583,91,0,0,1
190196,617,105,0,0,1
190259,639,121,0,0,1
190337,659,145,0,0,1
190399,673,175,0,0,1
190477,681,207,0,0,1
190539,689,247,0,0,1
190617,689,287,0,0,1
190680,691,325,0,0,1
190758,693,367,0,0,1
190820,681,389,0,0,1
190898,657,415,0,0,1
190961,619,441,0,0,1
191039,559,467,0,0,1
191101,485,485,0,0,1
191179,413,487,0,0,1
191241,375,483,0,0,1
191319,339,475,0,0,1
191382,317,471,0,0,1
191460,291,461,0,0,1
191522,269,451,0,0,1
191600,235,427,0,0,1
191663,207,401,0,0,1
191741,183,379,0,0,1
191803,163,351,0,0,1
191881,145,323,0,0,1
191943,129,293,0,0,1
192021,121,269,0,0,1
192084,119,233,0,0,1
192162,127,203,0,0,1
192224,145,181,0,0,1
192302,171,163,0,0,1
192365,205,149,0,0,1
192443,241,135,0,0,1
192505,283,121,0,0,1
192583,323,107,0,0,1
192645,385,93,0,0,1
192723,447,87,0,0,1
192786,499,89,0,0,1
192864,535,93,0,0,1
192926,571,97,0,0,1
193004,599,107,0,0,1
193067,623,121,0,0,1
193129,645,147,0,0,1
193207,665,185,0,0,1
193269,677,233,0,0,1
193347,687,285,0,0,1
193410,695,331,0,0,1
193488,697,373,0,0,1
193550,685,411,0,0,1
193628,675,445,0,0,1
193691,671,465,0,0,1
193769,669,479,0,0,1
193831,669,489,0,0,1
193909,669,495,0,0,1
193971,667,499,0,0,1
194049,667,503,0,0,1
194112,667,505,0,0,1
194190,667,505,0,0,1
194252,667,505,0,0,1
194330,667,505,0,0,1
194393,667,505,0,0,1
194471,667,505,0,0,1
194533,667,505,0,0,1
194611,659,491,0,0,1
194689,581,413,0,0,1
194798,367,265,0,0,1
194861,305,215,0,0,1
194939,277,201,0,0,1
195001,267,195,0,0,1
195079,261,203,0,0,1
195141,261,203,0,0,1
195219,261,207,0,0,1
195282,281,221,0,0,1
195360,299,233,0,0,1
195422,307,237,0,0,1
195500,311,239,0,0,1
195578,317,245,0,0,1
195641,319,245,0,0,1
195703,321,247,0,0,1
195781,327,249,0,0,1
195843,335,255,0,0,1
195921,339,257,0,0,1
195984,343,259,0,0,1
196062,343,261,0,0,1
196124,347,265,0,0,1
196202,351,269,0,0,1
196265,357,277,0,0,1
196343,363,281,0,0,1
196405,367,285,0,0,1
196483,377,293,0,0,1
196545,381,297,0,0,1
196623,383,299,0,0,1
196686,387,301,0,0,1
196764,389,303,0,0,1
196826,395,307,0,0,1
196904,401,311,0,0,1
196967,409,317,0,0,1
197045,423,327,0,0,1
197107,445,345,0,0,1
197185,463,359,0,0,1
197247,485,377,0,0,1
197325,511,393,0,0,1
197388,537,407,0,0,1
197466,563,425,0,0,1
197528,593,451,0,0,1
197606,617,479,0,0,1
197669,641,507,0,0,1
197747,661,529,0,0,1
197809,675,537,0,0,1
197887,689,543,0,0,1
197949,711,553,0,0,1
198027,719,559,0,0,1
198090,719,561,0,0,1
198168,717,563,0,0,1
198230,711,563,0,0,1
198308,709,565,0,0,1
198371,709,565,0,0,1
198449,709,565,0,0,1
198511,709,565,0,0,1
198573,709,565,0,0,1
