32,491,173,0,0,0
94,493,171,0,0,0
172,495,171,0,0,0
234,495,171,0,0,0
312,487,171,0,0,0
375,437,175,0,0,0
453,391,197,0,0,0
531,357,249,0,0,0
593,333,291,0,0,0
671,311,307,0,0,0
734,301,315,0,0,0
812,295,319,0,0,0
874,295,327,0,0,0
936,297,333,0,0,0
1014,297,333,0,0,0
1077,297,333,0,0,0
1155,301,333,0,0,0
1217,335,335,0,0,0
1295,367,341,0,0,0
1358,381,343,0,0,0
1436,385,341,0,0,0
1498,387,337,0,0,0
1576,387,337,0,0,1
1638,389,337,0,0,1
1716,391,337,0,0,1
1779,397,335,0,0,1
1857,401,331,0,0,1
1919,403,327,0,0,1
1997,407,325,0,0,1
2060,407,323,0,0,1
2138,407,323,0,0,1
2200,407,323,0,0,1
2278,407,323,0,0,1
2340,407,323,0,0,1
2418,407,323,0,0,1
2481,407,323,0,0,1
2559,407,321,0,0,1
2621,409,317,0,0,1
2699,409,317,0,0,1
2762,411,315,0,0,1
2840,411,311,0,0,1
2902,411,307,0,0,1
2980,411,305,0,0,1
3042,411,305,0,0,1
3120,413,305,0,0,1
3183,419,301,0,0,1
3261,429,293,0,0,1
3323,439,285,0,0,1
3401,443,283,0,0,1
3464,443,283,0,0,1
3542,443,283,0,0,1
3604,443,283,0,0,1
3682,443,281,0,0,1
3744,443,281,0,0,1
3822,443,281,0,0,1
3885,441,279,0,0,1
3963,433,267,0,0,1
4025,431,265,0,0,1
4103,431,265,0,0,1
4166,431,265,0,0,1
4244,423,265,0,0,1
4306,391,265,0,0,1
4384,359,261,0,0,1
4446,355,263,0,0,1
4524,349,265,0,0,1
4587,345,265,0,0,1
4665,335,261,0,0,1
4727,331,259,0,0,1
4805,331,259,0,0,1
4868,331,259,0,0,1
4946,331,259,0,0,1
5008,331,257,0,0,1
5086,331,257,0,0,1
5148,331,257,0,0,1
5226,331,257,0,0,1
5289,331,257,0,0,1
5367,331,257,0,0,1
5445,339,257,1,0,1
5507,353,257,1,0,1
5585,357,259,1,0,1
5648,357,259,1,0,1
5726,357,259,0,0,1
5788,355,259,0,0,1
5866,355,259,0,0,1
5928,355,261,0,0,1
6006,355,263,0,0,1
6069,353,263,0,0,1
6147,351,263,0,0,1
6209,351,263,0,0,1
6272,351,263,0,0,1
6350,351,263,0,0,1
6412,353,263,0,0,1
6490,361,267,0,0,1
6552,371,269,0,0,1
6630,375,269,0,0,1
6693,397,267,0,0,0
6771,485,239,0,0,0
6833,567,229,0,0,0
6911,599,225,0,0,0
6974,611,219,0,0,0
7052,631,207,0,0,0
7114,641,189,0,0,0
7192,637,161,0,0,0
7254,635,159,0,0,0
7332,611,155,0,0,0
7395,545,137,0,0,0
7473,493,137,0,0,0
7551,451,149,0,0,0
7613,425,163,0,0,0
7691,399,175,0,0,0
7754,385,191,0,0,0
7832,375,221,0,0,0
7894,365,259,0,0,0
7972,365,271,0,0,1
8034,365,283,0,0,1
8112,373,303,0,0,1
8175,375,305,0,0,1
8253,379,305,0,0,1
8315,381,307,0,0,1
8393,393,317,0,0,1
8456,399,323,0,0,1
8518,401,323,0,0,1
8596,403,323,0,0,1
8658,413,333,0,0,1
8736,425,345,0,0,1
8799,427,347,0,0,1
8877,429,349,0,0,1
8939,431,351,0,0,1
9017,443,363,0,0,1
9080,459,377,0,0,1
9158,465,381,0,0,1
9220,469,385,0,0,1
9298,473,389,0,0,1
9360,483,399,0,0,1
9438,497,413,0,0,1
9501,501,417,0,0,1
9579,503,419,0,0,1
9641,503,419,0,0,1
9719,493,419,0,0,1
9782,429,383,0,0,1
9860,403,347,0,0,1
9922,397,319,0,0,1
10000,395,309,0,0,1
10062,393,307,0,0,1
10140,391,307,0,0,1
10203,387,301,0,0,1
10281,385,299,0,0,1
10343,385,299,0,0,1
10421,383,299,0,0,1
10484,383,299,0,0,1
10562,381,299,1,0,1
10624,381,299,1,0,1
10702,389,299,1,0,1
10764,397,301,1,0,1
10842,397,301,1,0,1
10905,395,301,0,0,1
10983,385,301,0,0,1
11045,375,305,0,0,1
11123,373,309,0,0,1
11186,375,313,0,0,1
11264,377,313,0,0,1
11326,377,313,0,0,1
11404,377,313,0,0,1
11466,377,313,0,0,1
11544,371,317,0,0,1
11622,361,323,0,0,1
11685,353,327,0,0,1
11747,351,329,0,0,1
11825,347,329,0,0,1
11888,347,329,0,0,1
11966,347,329,0,0,1
12028,349,329,0,0,1
12106,349,329,0,0,1
12168,351,329,0,0,1
12246,351,329,0,0,1
12309,351,327,0,0,0
12387,371,325,0,0,0
12449,463,361,0,0,0
12527,517,399,0,0,0
12590,519,401,0,0,0
12668,507,397,0,0,0
12730,443,349,0,0,0
12808,385,321,0,0,0
12870,361,321,0,0,0
12948,343,325,0,0,0
13011,319,339,0,0,0
13089,307,349,0,0,0
13151,305,349,0,0,0
13229,305,353,0,0,0
13292,305,361,0,0,0
13370,307,369,0,0,1
13432,307,373,0,0,1
13510,307,373,0,0,1
13572,307,373,1,0,1
13650,307,373,1,0,1
13713,307,375,1,0,1
13791,307,377,0,0,1
13853,301,385,0,0,1
13931,291,387,0,0,1
13994,289,389,0,0,1
14072,289,389,0,0,1
14134,289,389,0,0,1
14212,289,389,0,0,1
14274,289,383,0,0,1
14352,281,367,0,0,1
14415,271,357,0,0,1
14493,263,349,0,0,1
14555,253,333,0,0,1
14633,249,323,0,0,1
14696,247,319,0,0,1
14774,247,319,0,0,1
14836,247,319,0,0,1
14914,247,319,0,0,1
14976,249,319,0,0,1
15054,251,319,0,0,1
15117,255,319,0,0,1
15195,257,319,0,0,1
15257,257,319,0,0,1
15335,257,319,0,0,1
15398,259,319,0,0,1
15476,259,319,0,0,1
15538,267,321,0,0,1
15616,269,321,0,0,1
15678,269,321,0,0,1
15756,271,321,0,0,1
15819,275,321,0,0,1
15897,281,321,0,0,1
15959,287,323,0,0,1
16037,289,323,0,0,0
16100,333,321,0,0,0
16178,409,351,0,0,0
16240,427,365,0,0,0
16318,423,367,0,0,0
16380,411,371,0,0,0
16458,401,371,0,0,0
16521,397,371,0,0,0
16599,401,371,0,0,0
16661,411,371,0,0,0
16739,415,371,0,0,0
16802,417,369,0,0,0
16880,423,365,0,0,0
16942,431,361,0,0,0
17020,433,361,0,0,0
17082,433,359,0,0,0
17160,431,359,0,0,0
17223,429,357,0,0,0
17301,427,353,0,0,0
17363,427,351,0,0,0
17441,427,351,0,0,0
17504,423,343,0,0,0
17582,421,341,0,0,0
17644,421,339,0,0,0
17722,421,339,0,0,0
17784,421,331,0,0,0
17862,419,327,1,0,0
17925,419,325,0,0,0
18003,417,321,1,0,0
18065,415,321,0,0,0
18143,411,319,1,0,0
18206,411,319,0,0,0
18284,411,319,1,0,0
18346,411,319,0,0,0
18424,411,319,1,0,0
18486,411,319,0,0,0
18564,411,317,1,0,0
18627,409,315,0,0,0
18705,405,311,1,0,0
18767,403,309,0,0,0
18845,401,309,1,0,0
18908,401,309,0,0,0
18986,401,309,1,0,0
19048,401,309,1,0,0
19126,447,323,1,0,0
19188,559,337,1,0,0
19266,565,335,1,0,0
19329,565,335,1,0,0
19407,565,335,1,0,0
19469,563,335,1,0,1
19547,563,335,1,0,1
19610,563,335,1,0,1
19688,563,335,1,0,1
19750,563,335,1,0,1
19828,563,331,1,0,1
19890,569,323,1,0,1
19968,577,313,1,0,1
20031,587,301,1,0,1
20109,593,299,1,0,1
20171,593,299,1,0,1
20249,589,299,1,0,1
20312,583,301,1,0,1
20390,577,303,1,0,1
20452,577,303,1,0,1
20530,575,303,1,0,1
20592,571,303,1,0,1
20670,563,305,1,0,1
20733,561,305,0,0,1
20811,561,305,0,0,1
20873,561,305,0,0,1
20951,559,305,0,0,1
21014,557,307,0,0,1
21092,555,309,0,0,1
21154,551,309,0,0,1
21232,547,311,0,0,1
21294,545,313,0,0,1
21372,543,315,0,0,1
21435,541,315,0,0,1
21513,537,319,0,0,1
21575,535,323,0,0,1
21653,531,325,0,0,1
21716,527,329,0,0,1
21794,525,333,0,0,1
21856,525,335,0,0,1
21934,525,335,0,0,1
21996,527,335,0,0,1
22074,529,339,0,0,1
22137,529,339,0,0,1
22215,531,339,0,0,1
22277,533,339,0,0,1
22355,533,337,0,0,1
22418,533,335,0,0,1
22496,533,333,0,0,1
22558,533,331,0,0,1
22636,533,329,0,0,1
22698,533,327,0,0,1
22776,535,327,0,0,1
22839,537,327,0,0,1
22917,537,327,0,0,1
22979,539,329,0,0,1
23057,539,331,0,0,1
23120,539,333,0,0,1
23198,541,337,0,0,1
23260,543,339,0,0,1
23338,545,343,0,0,1
23400,545,345,0,0,1
23478,545,347,0,0,1
23541,545,347,0,0,1
23619,545,345,0,0,1
23681,547,339,0,0,1
23759,549,333,0,0,1
23822,549,331,0,0,1
23900,549,331,0,0,1
23962,549,329,0,0,1
24040,549,329,0,0,1
24102,551,329,0,0,1
24180,551,329,0,0,1
24243,551,331,0,0,1
24321,549,335,0,0,1
24383,547,335,0,0,1
24446,547,335,0,0,0
24524,537,339,0,0,0
24586,481,369,0,0,0
24664,457,385,0,0,0
24742,451,403,0,0,0
24804,447,411,0,0,0
24882,439,415,0,0,0
24945,431,423,0,0,0
25023,419,433,0,0,0
25085,411,449,0,0,0
25163,409,449,0,0,0
25226,423,437,0,0,0
25304,451,391,0,0,0
25366,459,375,0,0,0
25444,459,373,0,0,0
25506,459,375,0,0,0
25569,455,381,0,0,1
25647,449,387,0,0,1
25709,441,393,0,0,1
25787,435,393,0,0,1
25850,435,393,0,0,1
25928,433,393,0,0,1
25990,427,393,0,0,1
26068,423,397,0,0,1
26130,413,401,0,0,1
26208,407,405,0,0,1
26271,405,405,0,0,1
26349,405,405,0,0,1
26411,403,397,0,0,0
26489,397,391,0,0,0
26552,393,389,0,0,0
26630,389,387,0,0,0
26692,389,387,0,0,0
26770,389,385,0,0,0
26833,393,383,0,0,0
26911,395,381,0,0,0
26973,395,381,0,0,0
27051,345,401,0,0,0
27113,301,415,0,0,0
27191,289,417,0,0,0
27254,289,417,0,0,0
27332,291,417,0,0,0
27394,295,417,0,0,0
27472,299,415,0,0,0
27535,303,413,0,0,0
27613,311,409,0,0,0
27675,327,403,0,0,0
27753,339,399,0,0,0
27815,345,395,0,0,0
27893,345,393,0,0,0
27956,349,391,0,0,0
28034,353,389,0,0,0
28096,359,389,0,0,0
28174,365,385,0,0,0
28237,369,385,0,0,0
28315,375,381,1,0,0
28377,381,379,1,0,0
28455,393,375,1,0,0
28517,405,371,1,0,0
28595,415,367,1,0,0
28658,417,365,1,0,0
28736,417,365,1,0,0
28798,419,365,1,0,0
28876,425,365,0,0,0
28939,441,365,0,0,0
29017,449,367,0,0,0
29079,455,367,0,0,0
29157,461,369,0,0,0
29219,465,369,0,0,0
29297,471,369,0,0,0
29360,477,369,0,0,0
29438,485,369,1,0,0
29500,489,369,0,0,0
29578,495,367,1,0,0
29641,497,367,0,0,0
29719,501,365,1,0,0
29781,509,365,0,0,0
29859,515,365,0,0,0
29921,517,365,0,0,0
29999,519,365,0,0,0
30062,521,365,0,0,0
30140,523,363,0,0,0
30202,527,363,0,0,0
30280,527,363,0,0,0
30343,499,367,0,0,0
30421,355,367,0,0,0
30483,255,363,0,0,0
30561,221,367,0,0,0
30623,197,369,0,0,0
30701,197,369,0,0,1
30764,203,365,0,0,1
30842,209,361,0,0,1
30904,219,355,0,0,1
30982,223,351,0,0,1
31045,225,349,1,0,1
31123,231,343,1,0,1
31185,243,315,1,0,1
31263,255,287,1,0,1
31325,259,283,1,0,1
31403,259,297,1,0,1
31466,263,319,1,0,1
31544,265,321,1,0,1
31606,265,317,1,0,1
31684,273,293,1,0,1
31747,279,283,1,0,1
31825,279,283,1,0,1
31903,279,283,1,0,1
31965,281,283,1,0,1
32043,283,285,1,0,1
32105,287,285,1,0,1
32183,289,285,1,0,1
32246,291,285,0,0,1
32324,293,285,0,0,1
32386,299,281,0,0,1
32464,305,279,0,0,1
32527,307,277,0,0,1
32605,307,277,0,0,1
32667,307,281,0,0,1
32745,307,281,0,0,1
32807,307,281,0,0,1
32885,307,285,0,0,1
32948,313,303,0,0,1
33026,317,313,0,0,1
33088,319,319,0,0,1
33166,321,325,0,0,1
33229,321,325,0,0,1
33307,321,325,0,0,1
33369,321,311,0,0,1
33447,321,289,0,0,1
33509,321,287,0,0,1
33587,325,295,0,0,1
33650,329,305,0,0,1
33728,331,311,0,0,1
33790,333,315,0,0,1
33868,349,329,0,0,1
33931,401,359,0,0,1
34009,457,405,0,0,1
34071,493,431,0,0,1
34149,513,447,0,0,1
34211,531,451,0,0,1
34289,531,447,0,0,1
34352,521,435,0,0,1
34430,521,425,0,0,1
34492,521,417,0,0,1
34570,521,417,0,0,1
34633,521,407,0,0,1
34711,521,393,0,0,1
34773,519,381,0,0,1
34835,519,377,0,0,1
34913,517,377,0,0,1
34976,515,377,0,0,1
35054,513,375,0,0,1
35147,503,361,0,0,1
35210,501,361,0,0,1
35288,499,359,0,0,1
35350,495,355,0,0,1
35428,491,349,0,0,1
35491,487,345,0,0,1
35569,485,345,0,0,1
35631,479,343,0,0,1
35709,475,343,0,0,1
35771,471,341,0,0,1
35849,469,341,0,0,1
35912,467,341,0,0,1
35990,463,341,0,0,1
36052,461,341,0,0,1
36130,459,339,0,0,1
36193,459,337,0,0,1
36271,457,333,0,0,1
36349,451,325,0,0,1
36411,439,311,0,0,1
36473,431,303,0,0,1
36551,431,303,0,0,1
36629,431,305,0,0,1
36692,429,305,0,0,1
36770,427,305,0,0,1
36832,425,307,0,0,1
36910,421,307,0,0,1
36973,419,309,0,0,1
37051,417,309,0,0,1
37113,415,309,0,0,1
37191,413,311,0,0,1
37253,411,313,0,0,1
37331,407,315,0,0,1
37394,405,315,0,0,1
37472,403,315,0,0,1
37534,403,317,0,0,1
37612,395,319,0,0,1
37675,391,319,0,0,1
37753,389,323,0,0,1
37815,387,323,0,0,1
37893,387,325,0,0,1
37955,385,325,0,0,1
38033,385,325,0,0,1
38096,383,325,0,0,1
38174,383,327,0,0,1
38236,383,327,0,0,1
38299,383,327,0,0,1
38377,383,327,0,0,1
38439,383,327,1,0,1
38517,383,327,0,0,1
38579,385,327,1,0,1
38657,385,327,0,0,1
38720,385,327,1,0,1
38798,385,327,0,0,1
38860,385,327,1,0,1
38938,385,327,0,0,1
39016,385,325,1,0,1
39079,385,325,0,0,1
39157,385,325,1,0,1
39219,385,325,0,0,1
39297,385,325,1,0,1
39359,383,325,0,0,1
39437,383,325,1,0,1
39500,383,325,0,0,1
39578,383,325,1,0,1
39640,383,325,0,0,1
39718,379,327,1,0,1
39781,379,329,0,0,1
39859,379,329,1,0,1
39921,379,329,0,0,1
39999,379,329,0,0,1
40061,379,329,0,0,1
40139,379,329,0,0,1
40202,379,329,0,0,1
40280,379,329,0,0,1
40342,379,329,0,0,1
40420,379,329,0,0,1
40483,379,329,0,0,1
40561,379,329,0,0,1
40623,379,329,0,0,1
40701,379,329,0,0,1
40763,379,329,0,0,1
40841,379,329,0,0,1
40904,379,329,0,0,1
40982,379,329,0,0,1
41060,379,329,0,0,1
41122,379,329,0,0,1
41200,381,329,0,0,1
41263,385,329,0,0,1
41341,389,329,0,0,1
41403,389,329,0,0,1
41481,393,329,0,0,1
41543,397,327,0,0,1
41606,399,327,0,0,1
41684,401,327,0,0,1
41746,417,327,0,0,1
41824,463,333,0,0,1
41887,505,339,0,0,1
41965,535,339,0,0,1
42027,563,345,0,0,1
42105,571,351,0,0,1
42167,563,365,0,0,1
42245,529,393,0,0,1
42308,519,399,0,0,1
42386,519,399,0,0,1
42448,519,397,0,0,1
42526,515,391,0,0,1
42589,511,389,0,0,1
42667,511,387,0,0,1
42729,509,387,0,0,1
42807,507,385,0,0,1
42869,507,381,0,0,1
42947,505,379,0,0,1
43010,499,375,0,0,1
43088,495,371,0,0,1
43166,491,369,0,0,1
43228,489,367,0,0,1
43306,485,365,0,0,1
43369,481,363,0,0,1
43447,479,361,0,0,1
43509,477,361,0,0,1
43587,475,361,0,0,1
43649,473,359,0,0,1
43727,463,357,0,0,1
43790,453,355,0,0,1
43868,443,353,0,0,1
43930,435,353,0,0,1
44008,429,351,0,0,1
44071,427,351,0,0,1
44149,423,351,0,0,1
44211,421,351,0,0,1
44289,419,351,0,0,1
44351,415,351,0,0,1
44429,411,351,0,0,1
44492,407,351,0,0,1
44570,401,351,0,0,1
44632,399,351,0,0,1
44710,395,351,0,0,1
44773,393,351,0,0,1
44851,389,351,0,0,1
44913,385,353,0,0,1
44991,381,353,0,0,1
45053,375,353,0,0,1
45131,371,355,0,0,1
45194,369,355,0,0,1
45272,365,355,0,0,1
45334,365,355,0,0,1
45412,361,355,0,0,1
45475,357,355,0,0,1
45553,355,355,0,0,1
45615,355,351,0,0,1
45693,359,293,0,0,1
45755,361,237,0,0,1
45833,363,221,0,0,1
45896,363,215,0,0,1
45974,363,213,0,0,1
46036,365,213,0,0,1
46114,365,213,1,0,1
46177,369,211,1,0,1
46255,373,207,1,0,1
46317,381,201,1,0,1
46395,383,201,1,0,1
46457,383,201,1,0,1
46535,383,203,1,0,1
46598,381,209,1,0,1
46676,379,217,1,0,1
46738,379,221,1,0,1
46816,379,221,1,0,1
46879,383,221,1,0,1
46957,383,221,1,0,1
47019,385,221,0,0,1
47097,389,225,0,0,1
47159,421,243,0,0,1
47237,489,291,0,0,1
47300,545,337,0,0,1
47378,577,367,0,0,1
47440,607,393,0,0,1
47518,633,413,0,0,1
47581,651,423,0,0,1
47659,657,423,0,0,1
47721,657,421,0,0,0
47799,657,419,0,0,0
47861,663,417,0,0,0
47939,677,399,0,0,0
48002,685,367,0,0,0
48080,685,351,0,0,0
48142,687,337,0,0,0
48220,695,323,0,0,0
48283,705,307,0,0,0
48361,705,295,0,0,0
48423,697,281,0,0,0
48501,673,259,0,0,0
48563,619,235,0,0,0
48641,591,227,0,0,0
48704,579,225,0,0,0
48782,577,225,0,0,0
48844,577,225,0,0,0
48922,577,223,0,0,1
48985,577,221,0,0,1
49063,577,215,0,0,1
49125,575,211,0,0,1
49203,573,207,1,0,1
49265,573,205,1,0,1
49343,571,203,1,0,1
49406,567,197,1,0,1
49468,565,197,1,0,1
49546,565,197,1,0,1
49609,567,197,1,0,1
49687,573,197,1,0,1
49749,577,197,1,0,1
49827,579,197,1,0,1
49889,579,197,0,0,1
49967,579,197,0,0,1
50045,579,195,0,0,1
50108,581,189,0,0,1
50170,581,183,0,0,1
50248,581,179,0,0,1
50311,581,177,0,0,1
50389,577,175,0,0,1
50451,577,173,0,0,1
50529,577,173,0,0,1
50591,581,179,0,0,0
50669,601,251,0,0,0
50732,579,339,0,0,0
50810,525,391,0,0,0
50872,483,417,0,0,0
50950,453,427,0,0,0
51013,439,427,0,0,0
51091,435,413,0,0,0
51169,477,363,0,0,0
51231,543,301,0,0,0
51309,567,241,0,0,0
51371,563,225,0,0,0
51449,557,221,0,0,0
51512,551,223,0,0,0
51590,541,231,0,0,0
51652,527,237,0,0,0
51730,509,251,0,0,0
51793,511,257,0,0,0
51871,527,251,0,0,0
51933,533,245,0,0,0
51995,535,243,0,0,0
52073,537,241,0,0,0
52151,537,241,0,0,1
52214,537,241,0,0,1
52276,537,241,0,0,1
52354,537,241,0,0,1
52432,535,241,0,0,1
52495,527,241,0,0,1
52573,525,241,0,0,1
52635,525,241,0,0,1
52713,521,241,0,0,1
52775,517,241,0,0,1
52853,517,243,0,0,1
52916,517,243,0,0,1
52994,517,243,0,0,1
53056,515,243,0,0,1
53134,511,243,0,0,1
53197,505,245,0,0,1
53275,503,245,0,0,1
53337,503,245,0,0,1
53415,501,245,0,0,1
53477,499,245,0,0,1
53555,497,245,0,0,1
53618,495,245,0,0,1
53680,495,245,0,0,1
53758,491,245,0,0,1
53836,485,247,0,0,1
53899,473,251,0,0,1
53977,465,253,0,0,1
54039,461,253,0,0,1
54117,459,255,0,0,1
54179,453,257,1,0,1
54257,447,259,1,0,1
54320,423,261,1,0,1
54398,401,265,1,0,1
54460,389,265,1,0,1
54538,379,269,1,0,1
54601,363,271,1,0,1
54679,351,271,1,0,1
54741,341,273,1,0,1
54803,331,277,0,0,1
54881,313,281,0,0,1
54959,305,283,0,0,1
55022,331,283,0,0,0
55100,411,307,0,0,0
55162,445,317,0,0,0
55225,445,317,0,0,0
55303,445,317,0,0,0
55365,445,315,0,0,0
55443,451,313,0,0,0
55505,455,311,0,0,0
55583,457,311,0,0,0
55646,457,311,0,0,1
55724,457,311,0,0,1
55786,457,313,0,0,1
55864,457,313,0,0,1
55927,457,313,1,0,1
56005,457,315,1,0,1
56067,455,315,1,0,1
56145,451,317,1,0,1
56207,449,317,1,0,1
56285,449,319,1,0,1
56348,449,319,0,0,1
56426,449,319,0,0,1
56488,449,319,0,0,1
56566,449,319,0,0,1
56629,445,319,0,0,1
56707,443,321,0,0,1
56769,439,321,0,0,1
56847,435,321,0,0,1
56909,435,321,0,0,1
56987,435,321,0,0,1
57050,435,321,0,0,1
57128,435,321,0,0,1
57190,435,321,0,0,1
57268,435,321,0,0,1
57346,435,323,0,0,1
57409,433,323,0,0,1
57487,425,327,0,0,1
57549,421,329,0,0,1
57611,421,329,0,0,1
57689,419,333,0,0,1
57752,403,333,0,0,1
57830,325,323,0,0,1
57892,283,319,0,0,1
57970,253,327,0,0,1
58033,233,335,0,0,1
58111,231,337,0,0,1
58173,231,337,1,0,1
58251,231,325,1,0,1
58314,237,311,1,0,1
58392,243,305,1,0,1
58454,245,303,1,0,1
58532,249,297,1,0,1
58594,255,291,1,0,1
58672,259,291,1,0,1
58735,261,297,1,0,1
58813,265,313,1,0,1
58875,267,323,1,0,1
58953,269,325,1,0,1
59016,269,321,1,0,1
59094,277,305,1,0,1
59156,281,299,1,0,1
59234,283,299,1,0,1
59296,283,299,1,0,1
59374,285,301,0,0,1
59437,291,317,0,0,1
59515,307,349,0,0,1
59577,347,411,0,0,1
59655,387,451,0,0,1
59718,401,461,0,0,1
59796,403,461,0,0,1
59858,417,463,0,0,1
59936,459,467,0,0,1
59998,489,467,0,0,1
60076,507,467,0,0,1
60139,513,467,0,0,1
60217,515,467,0,0,1
60279,509,467,0,0,1
60357,505,469,0,0,1
60420,501,471,0,0,1
60498,499,471,0,0,1
60560,489,471,0,0,1
60638,483,471,0,0,1
60700,479,471,0,0,1
60778,479,471,0,0,1
60841,479,471,0,0,1
60919,479,471,0,0,1
60981,479,471,0,0,1
61059,477,469,0,0,1
61122,477,469,0,0,1
61200,477,469,0,0,1
61262,477,469,0,0,1
61340,477,469,0,0,1
61402,475,469,0,0,1
61465,475,469,0,0,1
61543,475,469,0,0,1
61605,473,469,0,0,1
61683,469,469,0,0,1
61746,467,469,0,0,1
61824,465,469,0,0,1
61886,465,469,0,0,1
61964,465,467,0,0,1
62026,463,463,0,0,1
62104,461,455,0,0,1
62167,459,447,0,0,1
62245,459,439,0,0,1
62307,457,429,0,0,1
62385,455,425,0,0,1
62448,455,425,0,0,1
62526,455,425,0,0,1
62588,455,425,0,0,1
62666,457,425,0,0,1
62728,457,425,0,0,1
62806,457,425,0,0,1
62869,457,427,0,0,1
62947,457,431,0,0,1
63009,457,437,0,0,1
63087,457,439,0,0,1
63150,457,441,0,0,1
63228,455,445,0,0,1
63290,455,453,0,0,1
63368,453,463,0,0,1
63430,449,473,0,0,1
63508,447,481,0,0,1
63571,447,481,0,0,1
63649,447,481,0,0,1
63711,445,481,0,0,1
63789,445,479,0,0,1
63852,443,479,0,0,1
63930,439,479,0,0,1
63992,437,479,0,0,1
64070,433,479,0,0,1
64132,385,479,0,0,1
64210,301,481,0,0,1
64273,263,489,0,0,1
64351,259,493,0,0,1
64413,257,495,0,0,1
64491,257,499,0,0,1
64554,265,501,0,0,1
64632,273,503,0,0,1
64694,279,509,0,0,1
64772,283,511,0,0,1
64834,285,511,0,0,1
64912,287,511,1,0,1
64975,293,505,1,0,1
65053,307,493,1,0,1
65115,319,487,1,0,1
65193,319,481,1,0,1
65256,315,463,1,0,1
65334,307,433,1,0,1
65396,303,405,1,0,1
65474,301,381,1,0,1
65536,297,361,1,0,1
65614,297,351,1,0,1
65677,295,343,1,0,1
65755,295,339,1,0,1
65817,295,333,1,0,1
65895,295,333,1,0,1
65958,295,333,1,0,1
66020,295,335,1,0,1
66098,295,335,1,0,1
66160,295,335,1,0,1
66238,295,335,1,0,1
66316,295,335,1,0,1
66379,295,335,0,0,1
66457,295,335,0,0,1
66519,295,335,0,0,1
66597,295,333,0,0,1
66660,295,329,0,0,1
66738,299,325,0,0,1
66800,303,317,0,0,1
66878,305,311,0,0,1
66940,307,309,0,0,1
67018,309,309,0,0,1
67081,311,309,0,0,1
67159,311,309,0,0,1
67221,313,309,0,0,1
67299,313,309,0,0,1
67362,315,309,0,0,1
67440,315,309,0,0,1
67502,315,309,0,0,1
67580,315,309,0,0,1
67642,315,309,0,0,1
67720,315,309,0,0,1
67783,315,309,0,0,1
67861,315,309,0,0,1
67923,315,309,0,0,1
68001,317,309,0,0,1
68064,317,309,0,0,1
68142,317,309,0,0,1
68204,317,309,0,0,1
68282,317,309,0,0,1
68344,319,309,0,0,1
68422,319,309,0,0,1
68485,321,309,0,0,1
68563,321,311,0,0,1
68625,323,311,0,0,1
68703,331,315,0,0,1
68766,339,319,0,0,1
68844,343,321,0,0,1
68906,349,323,0,0,1
68984,353,325,0,0,1
69046,355,325,0,0,1
69124,359,327,0,0,1
69187,361,329,0,0,1
69249,365,331,0,0,1
69327,369,333,0,0,1
69390,373,333,0,0,1
69468,379,335,0,0,1
69530,389,339,0,0,1
69608,397,341,0,0,1
69670,403,341,0,0,1
69748,403,341,0,0,1
69811,391,333,0,0,1
69889,373,311,0,0,1
69951,361,303,0,0,1
70029,349,299,0,0,1
70092,347,299,0,0,1
70170,347,299,0,0,1
70232,347,299,0,0,1
70310,349,299,0,0,1
70372,349,299,0,0,1
70450,351,299,0,0,1
70513,355,299,0,0,1
70591,361,299,0,0,1
70653,367,297,0,0,1
70731,369,293,0,0,1
70794,373,291,0,0,1
70872,373,289,0,0,1
70934,373,283,0,0,1
71012,371,275,0,0,1
71074,371,275,0,0,1
71152,363,265,0,0,1
71215,329,221,0,0,1
71293,307,193,0,0,0
71371,287,175,0,0,0
71433,271,159,0,0,0
71511,261,143,0,0,0
71574,261,143,0,0,0
71652,261,145,0,0,0
71714,273,177,0,0,0
71792,277,221,0,0,0
71854,273,255,0,0,0
71932,269,281,0,0,0
71995,265,315,0,0,0
72073,265,331,0,0,0
72135,265,333,0,0,0
72213,265,333,0,0,1
72276,267,333,0,0,1
72354,267,331,1,0,1
72432,269,329,1,0,1
72494,275,325,1,0,1
72572,283,317,1,0,1
72634,291,309,1,0,1
72712,291,309,1,0,1
72775,291,309,1,0,1
72853,289,309,1,0,1
72915,279,309,1,0,1
72993,255,303,1,0,1
73056,223,297,1,0,1
73134,219,297,1,0,1
73196,219,297,1,0,1
73274,221,297,1,0,1
73336,223,297,1,0,1
73414,225,297,1,0,1
73477,225,299,1,0,1
73555,213,305,1,0,1
73617,201,317,1,0,1
73695,201,319,1,0,1
73758,201,319,1,0,1
73836,203,319,1,0,1
73898,205,319,1,0,1
73976,209,319,1,0,1
74038,217,315,1,0,1
74116,231,311,1,0,1
74179,255,305,1,0,1
74257,275,301,1,0,1
74319,287,297,1,0,1
74397,297,289,1,0,1
74460,315,281,1,0,1
74538,327,275,1,0,1
74600,333,271,1,0,1
74678,337,271,0,0,1
74740,337,271,0,0,1
74818,337,271,0,0,1
74881,363,295,0,0,1
74959,437,355,0,0,1
75021,497,393,0,0,1
75099,519,409,0,0,1
75162,559,425,0,0,1
75240,609,433,0,0,1
75302,633,433,0,0,0
75380,651,427,0,0,0
75442,663,423,0,0,0
75520,665,419,0,0,0
75583,647,411,0,0,0
75661,551,391,0,0,0
75723,475,379,0,0,0
75801,453,375,0,0,0
75864,445,375,0,0,0
75942,431,381,0,0,0
76004,417,385,0,0,1
76082,409,389,0,0,1
76144,407,389,0,0,1
76222,405,389,0,0,1
76285,403,389,0,0,1
76363,403,389,0,0,1
76441,401,389,0,0,1
76503,399,389,0,0,1
76581,399,391,0,0,1
76644,397,391,1,0,1
76722,397,391,1,0,1
76784,395,391,1,0,1
76862,393,391,1,0,1
76924,389,393,1,0,1
77002,385,393,1,0,1
77065,383,393,1,0,1
77143,381,395,1,0,1
77205,381,395,1,0,1
77268,381,395,0,0,1
77346,379,395,0,0,1
77408,371,387,0,0,1
77486,357,373,0,0,1
77548,353,361,0,0,1
77626,351,351,0,0,1
77689,357,341,0,0,1
77767,357,337,0,0,1
77829,359,335,0,0,1
77907,359,335,0,0,1
77970,361,335,1,0,1
78048,361,335,1,0,1
78110,361,335,1,0,1
78188,361,335,1,0,1
78250,361,335,1,0,1
78328,361,337,1,0,1
78391,361,339,1,0,1
78469,359,341,1,0,1
78531,357,341,1,0,1
78609,357,341,1,0,1
78672,357,341,1,0,1
78750,357,341,0,0,1
78812,357,337,0,0,1
78890,405,323,0,0,1
78952,467,325,0,0,1
79030,495,335,0,0,1
79093,499,335,0,0,1
79171,501,335,0,0,1
79233,507,335,0,0,1
79311,513,335,0,0,1
79374,513,335,0,0,1
79452,513,335,0,0,1
79530,513,333,0,0,1
79592,513,331,0,0,1
79670,513,331,0,0,1
79732,513,331,0,0,1
79810,511,329,0,0,1
79873,507,327,0,0,1
79951,505,323,1,0,1
80013,503,323,1,0,1
80091,503,329,1,0,1
80154,499,337,1,0,1
80232,495,345,1,0,1
80294,493,349,1,0,1
80372,493,349,1,0,1
80434,491,349,1,0,1
80512,491,349,1,0,1
80575,489,347,1,0,1
80653,483,337,1,0,1
80715,477,323,1,0,1
80793,467,311,1,0,1
80856,463,307,1,0,1
80934,463,307,1,0,1
80996,463,309,0,0,1
81074,461,317,0,0,1
81136,461,325,0,0,1
81214,459,331,0,0,1
81277,459,335,0,0,1
81355,459,335,0,0,1
81417,481,335,0,0,1
81495,539,335,0,0,1
81558,567,327,0,0,1
81636,577,321,0,0,1
81698,583,315,0,0,1
81776,587,309,0,0,1
81838,591,301,0,0,1
81916,591,301,0,0,1
81979,589,299,0,0,1
82057,585,299,0,0,1
82119,583,297,0,0,1
82197,577,297,0,0,1
82260,573,293,0,0,1
82338,571,291,0,0,1
82400,569,291,0,0,1
82478,567,291,0,0,1
82540,565,291,0,0,1
82618,563,291,1,0,1
82681,559,291,1,0,1
82759,555,291,1,0,1
82821,551,291,1,0,1
82899,549,291,1,0,1
82962,549,291,1,0,1
83040,549,291,1,0,1
83102,545,291,1,0,1
83180,535,297,1,0,1
83242,503,345,1,0,1
83320,459,413,1,0,1
83383,443,427,1,0,1
83461,443,427,1,0,1
83523,441,431,1,0,1
83601,441,433,1,0,1
83664,441,435,1,0,1
83742,441,435,1,0,1
83804,435,427,1,0,1
83882,413,421,1,0,1
83944,373,435,1,0,1
84022,351,457,1,0,1
84085,349,461,1,0,1
84163,351,461,1,0,1
84225,353,465,1,0,1
84303,353,469,1,0,1
84366,353,469,1,0,1
84444,355,469,1,0,1
84506,357,469,1,0,1
84584,361,471,1,0,1
84646,365,471,1,0,1
84724,369,473,1,0,1
84787,371,475,1,0,1
84865,375,475,1,0,1
84927,377,475,0,0,1
85005,377,475,0,0,1
85068,377,475,0,0,1
85146,379,475,0,0,1
85208,379,475,0,0,1
85286,381,475,0,0,1
85348,381,473,0,0,1
85426,383,473,0,0,1
85489,387,471,0,0,1
85567,391,471,0,0,1
85629,393,469,0,0,1
85707,395,469,0,0,1
85770,399,469,0,0,1
85848,403,469,0,0,1
85910,407,467,0,0,1
85988,409,467,0,0,1
86050,411,467,0,0,1
86128,413,467,0,0,1
86191,413,467,0,0,1
86269,415,467,0,0,1
86331,423,465,0,0,1
86409,431,461,0,0,1
86472,443,459,0,0,1
86550,459,459,0,0,1
86612,473,459,0,0,1
86690,485,459,0,0,1
86752,491,461,0,0,1
86830,495,461,0,0,1
86893,501,463,0,0,1
86971,505,465,0,0,1
87033,509,465,0,0,1
87111,511,465,0,0,1
87174,513,465,0,0,1
87252,517,465,0,0,1
87314,521,463,0,0,1
87392,523,461,0,0,1
87454,527,459,0,0,1
87532,527,457,0,0,1
87595,531,455,0,0,1
87673,531,453,0,0,1
87735,531,453,0,0,1
87813,531,451,0,0,1
87876,535,449,0,0,1
87954,535,449,0,0,1
88016,535,449,0,0,1
88094,535,447,0,0,1
88156,535,445,0,0,1
88234,539,441,0,0,1
88297,539,439,0,0,1
88375,541,437,0,0,1
88437,545,431,0,0,0
88515,561,387,0,0,0
88578,569,311,0,0,0
88656,563,257,0,0,0
88718,527,229,0,0,0
88796,483,213,0,0,0
88858,453,211,0,0,0
88936,441,211,0,0,0
88999,427,219,0,0,0
89077,415,243,0,0,0
89139,399,273,0,0,0
89217,391,291,0,0,0
89280,391,317,0,0,0
89358,397,321,0,0,0
89420,403,317,0,0,0
89498,403,315,0,0,0
89561,415,305,0,0,0
89639,465,275,0,0,0
89701,491,255,0,0,0
89779,499,247,0,0,0
89841,501,247,0,0,0
89919,505,245,0,0,1
89982,505,245,0,0,1
90060,505,245,0,0,1
90122,505,247,0,0,1
90200,503,249,0,0,1
90263,503,249,0,0,1
90341,475,265,0,0,0
90403,423,301,0,0,0
90481,377,317,0,0,0
90543,313,321,0,0,0
90621,257,329,0,0,0
90684,227,335,0,0,0
90762,215,335,0,0,0
90824,213,335,0,0,1
90902,213,333,0,0,1
90965,219,331,0,0,1
91043,229,327,0,0,1
91105,235,323,1,0,1
91183,235,323,1,0,1
91245,237,323,1,0,1
91323,237,323,1,0,1
91386,239,323,1,0,1
91464,243,323,1,0,1
91526,245,323,1,0,1
91604,245,323,0,0,1
91667,245,323,0,0,1
91745,245,323,0,0,1
91807,243,323,0,0,1
91885,241,323,0,0,1
91947,239,323,0,0,1
92025,237,327,0,0,0
92088,227,339,0,0,0
92166,235,379,0,0,0
92228,265,407,0,0,0
92306,323,421,0,0,0
92369,395,427,0,0,0
92447,461,425,0,0,0
92509,517,417,0,0,0
92587,551,407,0,0,0
92649,569,399,0,0,0
92727,577,385,0,0,0
92790,573,365,0,0,0
92868,553,337,0,0,0
92930,513,313,0,0,0
93008,501,307,0,0,0
93071,499,307,0,0,0
93149,497,305,0,0,0
93211,497,305,0,0,0
93289,497,305,0,0,0
93351,497,305,0,0,1
93429,493,305,0,0,1
93492,493,305,1,0,1
93570,489,307,1,0,1
93632,485,307,1,0,1
93710,477,307,1,0,1
93773,471,307,1,0,1
93851,471,307,1,0,1
93913,475,307,1,0,1
93991,479,307,1,0,1
94053,485,307,1,0,1
94131,485,307,1,0,1
94194,485,307,1,0,1
94272,477,307,1,0,1
94350,467,309,1,0,1
94412,467,309,1,0,1
94490,471,309,1,0,1
94553,479,309,0,0,1
94631,481,309,0,0,1
94693,481,309,0,0,1
94771,479,309,0,0,1
94833,477,309,0,0,1
94911,471,311,0,0,1
94974,465,311,0,0,1
95052,463,313,0,0,1
95114,463,313,0,0,1
95192,469,313,0,0,1
95255,475,313,0,0,1
95333,475,315,0,0,1
95395,461,319,0,0,1
95473,453,325,0,0,1
95535,465,327,0,0,1
95613,515,325,0,0,1
95676,567,321,0,0,1
95754,593,309,0,0,1
95816,613,293,0,0,1
95894,623,271,0,0,1
95957,627,255,0,0,1
96035,627,237,0,0,0
96097,617,213,0,0,0
96175,597,189,0,0,0
96237,573,169,0,0,0
96315,543,165,0,0,0
96378,515,197,0,0,0
96456,495,263,0,0,0
96518,481,281,0,0,0
96596,477,287,0,0,0
96659,475,289,0,0,1
96737,475,291,0,0,1
96799,475,297,0,0,1
96877,475,305,0,0,1
96939,475,313,1,0,1
97002,477,323,1,0,1
97080,479,329,1,0,1
97142,479,331,1,0,1
97220,479,331,1,0,1
97283,479,325,1,0,1
97361,479,319,1,0,1
97439,479,317,1,0,1
97501,479,317,1,0,1
97579,479,317,1,0,1
97641,479,319,1,0,1
97719,479,331,1,0,1
97782,479,335,1,0,1
97860,479,339,1,0,1
97922,479,339,1,0,1
98000,479,335,0,0,1
98063,479,333,0,0,1
98125,477,329,0,0,1
98203,439,297,0,0,1
98265,357,281,0,0,1
98343,281,299,0,0,1
98406,237,311,0,0,1
98484,225,321,0,0,1
98546,225,335,0,0,1
98624,227,347,0,0,1
98687,229,351,0,0,1
98765,231,353,0,0,1
98827,235,353,0,0,1
98905,241,353,0,0,1
98967,245,349,0,0,1
99045,247,349,0,0,1
99108,249,347,1,0,1
99186,251,341,1,0,1
99248,259,325,1,0,1
99326,273,307,1,0,1
99389,287,293,1,0,1
99467,291,287,1,0,1
99529,291,289,1,0,1
99607,291,313,1,0,1
99669,291,337,1,0,1
99747,291,343,1,0,1
99810,293,343,1,0,1
99888,295,319,1,0,1
99950,301,301,1,0,1
100028,305,297,1,0,1
100091,305,299,1,0,1
100169,305,313,1,0,1
100231,305,323,1,0,1
100309,305,325,1,0,1
100371,305,315,1,0,1
100449,307,297,1,0,1
100512,309,295,1,0,1
100590,309,295,0,0,1
100652,311,295,0,0,1
100730,311,297,0,0,1
100793,311,313,0,0,1
100871,305,331,0,0,1
100933,301,339,0,0,1
101011,301,341,0,0,1
101073,301,341,0,0,1
101151,315,343,0,0,1
101214,389,361,0,0,1
101292,477,375,0,0,1
101354,561,377,0,0,1
101432,609,377,0,0,0
101495,653,377,0,0,0
101573,675,371,0,0,0
101635,683,363,0,0,0
101713,687,353,0,0,0
101775,683,325,0,0,0
101853,671,297,0,0,0
101916,667,275,0,0,0
101994,669,251,0,0,0
102056,669,235,0,0,0
102134,661,223,0,0,0
102197,657,215,0,0,0
102275,651,211,0,0,0
102337,651,209,0,0,0
102415,649,207,0,0,0
102477,647,207,0,0,0
102555,645,207,0,0,0
102618,643,207,0,0,0
102696,643,207,0,0,0
102758,641,207,0,0,0
102836,641,207,0,0,0
102899,641,207,0,0,0
102977,641,207,0,0,0
103039,641,207,0,0,0
103101,641,207,0,0,0
103179,641,207,0,0,0
103242,641,207,0,0,0
103320,639,207,0,0,0
103382,639,207,0,0,0
103460,631,207,0,0,0
103523,567,225,0,0,0
103601,469,259,0,0,0
103663,415,283,0,0,0
103741,381,299,0,0,0
103803,363,305,0,0,0
103881,365,305,0,0,0
103944,379,303,0,0,0
104022,385,299,0,0,0
104084,387,299,0,0,0
104162,387,297,0,0,0
104225,387,297,0,0,0
104303,387,301,0,0,0
104365,387,301,0,0,0
104443,387,303,0,0,0
104505,385,303,0,0,0
104583,379,305,0,0,0
104646,369,309,0,0,0
104724,343,317,0,0,0
104786,297,333,0,0,0
104864,285,341,0,0,0
104927,281,345,0,0,0
105005,277,347,0,0,0
105067,275,347,0,0,0
105145,273,347,0,0,0
105207,267,347,0,0,0
105285,265,345,0,0,0
105348,265,345,0,0,1
105426,265,345,0,0,1
105488,269,345,0,0,1
105566,271,347,0,0,1
105629,271,347,0,0,1
105707,271,347,1,0,1
105769,271,349,1,0,1
105847,265,349,1,0,1
105925,259,351,1,0,1
105987,253,355,1,0,1
106065,251,357,1,0,1
106128,251,357,1,0,1
106206,255,357,0,0,1
106268,267,361,0,0,1
106346,335,377,0,0,1
106409,423,385,0,0,1
106487,455,373,0,0,1
106549,485,359,0,0,1
106627,503,347,0,0,1
106689,513,335,0,0,1
106767,515,331,0,0,1
106830,501,329,0,0,1
106908,497,327,0,0,1
106970,493,327,0,0,1
107048,491,325,0,0,1
107111,489,325,0,0,1
107189,487,323,0,0,1
107251,485,323,0,0,1
107329,481,321,0,0,1
107391,479,321,0,0,1
107469,477,319,0,0,1
107532,473,317,0,0,1
107610,467,317,0,0,1
107672,459,313,0,0,1
107750,453,311,0,0,1
107813,451,311,0,0,1
107891,451,311,0,0,1
107953,451,311,0,0,1
108031,451,311,0,0,1
108093,451,311,0,0,0
108171,451,311,0,0,0
108234,451,311,0,0,0
108312,451,311,0,0,0
108374,451,311,0,0,0
108452,453,311,0,0,0
108515,453,311,0,0,0
108593,439,313,0,0,0
108655,423,319,0,0,0
108733,419,323,0,0,0
108795,419,325,0,0,0
108873,419,327,0,0,0
108936,421,329,0,0,0
109014,421,329,0,0,0
109076,425,329,0,0,0
109154,427,329,0,0,0
109217,431,329,0,0,0
109295,431,329,0,0,0
109357,433,329,0,0,0
109435,433,329,0,0,0
109497,435,329,0,0,0
109575,435,329,0,0,0
109638,435,329,0,0,0
109716,437,329,0,0,0
109778,437,329,0,0,0
109856,437,331,0,0,0
109919,437,333,0,0,0
109997,439,333,0,0,0
110059,439,335,0,0,0
110137,443,335,0,0,0
110199,443,335,0,0,0
110277,447,337,0,0,0
110340,447,337,0,0,0
110418,451,339,1,0,0
110480,453,339,0,0,0
110558,457,341,1,0,0
110621,459,341,0,0,0
110699,465,343,1,0,0
110761,467,343,0,0,0
110839,469,343,1,0,0
110901,471,343,0,0,0
110979,471,343,1,0,0
111042,471,343,0,0,0
111120,473,343,1,0,0
111182,475,343,0,0,0
111260,479,343,1,0,0
111323,483,343,0,0,0
111401,483,343,1,0,0
111463,485,343,0,0,0
111541,487,343,1,0,0
111603,487,343,0,0,0
111681,489,343,1,0,0
111744,489,343,1,0,0
111822,489,343,1,0,0
111884,489,343,1,0,0
111962,493,359,1,0,0
112025,497,401,1,0,0
112103,495,423,1,0,0
112165,493,425,1,0,0
112243,493,425,1,0,0
112305,491,423,1,0,0
112383,491,421,1,0,1
112446,491,419,1,0,1
112524,489,415,1,0,1
112586,487,413,1,0,1
112664,485,411,1,0,1
112727,481,407,1,0,1
112805,477,403,1,0,1
112867,473,397,1,0,1
112945,469,393,1,0,1
113007,469,391,1,0,1
113085,465,387,1,0,1
113148,465,387,1,0,1
113226,461,383,1,0,1
113288,457,377,0,0,1
113366,451,371,0,0,1
113429,447,367,0,0,1
113507,445,365,0,0,1
113569,445,363,0,0,1
113647,443,363,0,0,1
113709,441,363,0,0,1
113787,441,361,0,0,1
113850,439,359,0,0,1
113928,435,357,0,0,1
113990,433,357,0,0,1
114068,433,355,0,0,1
114131,433,355,0,0,1
114209,433,355,0,0,1
114271,433,355,0,0,1
114349,433,355,0,0,1
114411,433,355,0,0,1
114489,433,355,0,0,1
114552,433,355,0,0,1
114630,433,357,0,0,1
114692,431,357,0,0,1
114770,431,359,0,0,1
114833,431,361,0,0,1
114911,431,361,0,0,1
114989,429,361,0,0,1
115051,429,361,0,0,1
115129,429,361,0,0,1
115191,429,361,0,0,1
115269,429,363,0,0,1
115332,429,363,0,0,1
115410,429,363,0,0,1
115472,433,363,0,0,1
115550,443,363,0,0,1
115613,453,359,0,0,1
115691,471,355,0,0,1
115753,499,343,0,0,0
115831,521,331,0,0,0
115893,529,325,0,0,0
115971,533,325,0,0,0
116034,537,323,0,0,0
116112,539,321,0,0,0
116174,543,317,0,0,0
116252,547,315,0,0,0
116315,549,313,0,0,0
116393,551,311,0,0,0
116455,551,311,0,0,0
116533,553,309,0,0,0
116595,553,309,0,0,0
116673,555,307,1,0,0
116736,557,307,0,0,0
116814,557,305,1,0,0
116876,559,305,0,0,0
116954,561,303,1,0,0
117017,563,301,0,0,0
117095,563,301,1,0,0
117157,563,301,0,0,0
117235,563,299,1,0,0
117297,565,297,0,0,0
117375,565,295,1,0,0
117438,567,293,0,0,0
117516,569,291,1,0,0
117578,571,289,0,0,0
117656,573,287,1,0,0
117719,575,283,0,0,0
117797,575,283,1,0,0
117859,575,283,1,0,0
117937,559,307,1,0,0
117999,541,349,1,0,0
118077,537,351,1,0,1
118140,521,353,1,0,1
118218,509,357,1,0,1
118280,507,361,1,0,1
118358,505,361,1,0,1
118421,503,361,1,0,1
118499,497,363,1,0,1
118561,491,363,1,0,1
118639,487,361,1,0,1
118701,485,361,1,0,1
118779,483,357,1,0,1
118842,477,355,1,0,1
118920,475,351,1,0,1
118982,475,351,1,0,1
119060,473,349,1,0,1
119123,471,347,0,0,1
119201,463,341,0,0,1
119263,457,335,0,0,1
119341,453,331,0,0,1
119403,451,329,0,0,1
119481,447,325,0,0,1
119544,443,317,0,0,1
119622,439,313,0,0,1
119684,437,309,0,0,1
119762,433,307,0,0,1
119825,433,307,0,0,1
119887,431,305,0,0,1
119965,429,305,0,0,1
120027,425,305,0,0,1
120105,423,305,0,0,1
120168,421,305,0,0,1
120246,419,305,0,0,1
120308,419,305,0,0,1
120386,419,305,0,0,1
120449,419,305,0,0,1
120527,419,305,0,0,1
120589,419,305,0,0,1
120667,419,307,0,0,1
120730,419,307,0,0,1
120808,419,309,0,0,1
120870,419,309,0,0,1
120948,417,309,0,0,0
121010,361,329,0,0,0
121088,265,363,0,0,0
121151,217,373,0,0,0
121229,203,369,0,0,0
121291,193,357,0,0,0
121369,179,337,0,0,0
121432,165,313,0,0,0
121525,155,281,0,0,0
121588,151,259,0,0,0
121666,155,239,0,0,0
121728,169,223,0,0,0
121806,183,211,0,0,0
121868,195,207,0,0,0
121946,201,203,0,0,0
122009,209,201,0,0,0
122087,225,197,0,0,0
122149,243,195,0,0,0
122227,279,223,0,0,0
122290,317,259,0,0,0
122368,335,271,0,0,0
122430,347,275,0,0,0
122508,365,277,0,0,0
122570,383,277,0,0,0
122648,397,285,0,0,0
122711,397,299,0,0,0
122789,395,323,0,0,0
122851,397,339,0,0,1
122929,397,343,0,0,1
122992,397,343,0,0,1
123070,397,343,0,0,1
123132,397,343,0,0,1
123210,397,339,0,0,1
123272,397,337,0,0,1
123350,397,335,0,0,1
123413,397,333,0,0,1
123491,399,331,0,0,1
123553,401,329,0,0,1
123631,405,327,0,0,1
123694,415,323,0,0,0
123772,421,313,0,0,0
123834,423,305,0,0,0
123912,423,297,0,0,0
123974,423,293,0,0,0
124052,423,293,0,0,0
124115,423,293,0,0,0
124193,423,295,0,0,0
124255,423,297,0,0,0
124333,423,297,1,0,0
124396,423,297,0,0,0
124474,423,297,1,0,0
124536,423,297,0,0,0
124614,423,297,1,0,0
124676,423,297,0,0,0
124754,423,297,1,0,0
124817,423,295,0,0,0
124895,423,293,1,0,0
124957,425,291,0,0,0
125035,425,291,1,0,0
125098,425,291,0,0,0
125176,425,289,1,0,0
125238,425,289,0,0,0
125316,425,289,1,0,0
125378,425,289,0,0,0
125456,389,285,0,0,0
125519,357,287,0,0,0
125597,357,287,0,0,1
125659,361,289,0,0,1
125737,363,291,0,0,1
125800,363,295,0,0,1
125878,365,297,0,0,1
125940,365,299,0,0,1
126018,367,303,0,0,1
126080,367,305,0,0,1
126158,371,309,0,0,1
126221,375,315,0,0,1
126299,377,319,0,0,1
126361,379,321,0,0,1
126439,381,321,0,0,1
126502,381,321,0,0,1
126580,385,323,0,0,1
126642,385,323,0,0,1
126720,385,323,0,0,1
126782,385,323,0,0,1
126860,383,323,0,0,1
126923,383,323,0,0,1
127001,383,323,0,0,1
127063,383,323,0,0,1
127141,385,323,0,0,0
127204,435,347,0,0,0
127282,501,375,0,0,0
127344,543,389,0,0,0
127422,591,401,0,0,0
127484,617,401,0,0,0
127562,625,399,0,0,0
127625,627,395,0,0,0
127703,615,387,0,0,0
127765,585,373,0,0,0
127843,561,361,0,0,0
127906,529,347,0,0,0
127984,495,331,0,0,0
128046,461,311,0,0,0
128124,441,299,0,0,0
128186,421,281,0,0,0
128264,411,271,0,0,0
128327,403,261,0,0,0
128405,395,257,0,0,0
128467,391,257,0,0,0
128545,391,257,0,0,0
128608,391,257,0,0,0
128686,393,257,0,0,0
128748,393,257,0,0,0
128826,395,257,0,0,0
128888,395,257,0,0,0
128966,395,257,0,0,0
129029,397,257,0,0,0
129107,399,257,0,0,0
129169,401,257,0,0,0
129247,401,259,0,0,0
129310,401,259,0,0,0
129388,403,261,0,0,0
129450,405,263,0,0,0
129528,407,265,0,0,0
129590,407,265,0,0,0
129668,407,267,0,0,0
129731,411,269,0,0,0
129809,419,273,1,0,0
129871,421,273,0,0,0
129949,425,273,1,0,0
130012,429,273,0,0,0
130090,437,273,1,0,0
130152,447,275,0,0,0
130230,451,275,1,0,0
130292,457,279,0,0,0
130370,459,279,1,0,0
130433,459,279,0,0,0
130511,459,281,1,0,0
130573,459,281,0,0,0
130651,461,283,1,0,0
130714,463,285,0,0,0
130792,463,285,1,0,0
130854,463,285,0,0,0
130932,459,287,1,0,0
131010,435,315,1,0,0
131072,433,327,1,0,1
131135,431,333,1,0,1
131213,427,335,1,0,1
131291,425,339,1,0,1
131353,421,343,1,0,1
131431,417,351,1,0,1
131494,413,359,1,0,1
131572,411,365,1,0,1
131634,411,369,1,0,1
131712,411,369,1,0,1
131774,411,369,1,0,1
131852,411,371,1,0,1
131915,411,371,1,0,1
131993,417,381,1,0,1
132055,419,387,1,0,1
132133,427,393,1,0,1
132196,429,393,0,0,1
132274,431,397,0,0,1
132336,433,405,0,0,1
132414,435,409,0,0,1
132476,427,409,0,0,1
132554,399,409,0,0,1
132617,341,381,0,0,1
132695,297,357,0,0,1
132757,269,341,0,0,1
132835,253,333,0,0,1
132898,247,331,0,0,1
132976,225,329,0,0,1
133038,215,327,0,0,1
133116,215,327,0,0,1
133178,219,327,0,0,1
133256,227,327,0,0,1
133319,233,327,0,0,1
133397,239,325,0,0,1
133459,249,325,0,0,1
133537,255,325,0,0,1
133600,259,325,0,0,1
133678,265,325,0,0,1
133740,269,325,0,0,1
133818,271,325,0,0,1
133880,273,325,0,0,1
133958,273,325,0,0,1
134021,273,325,0,0,1
134099,273,325,0,0,1
134161,273,325,0,0,1
134239,273,325,0,0,1
134302,273,325,0,0,1
134380,269,325,0,0,1
134442,261,321,0,0,1
134520,257,319,0,0,1
134582,253,317,0,0,1
134660,253,315,0,0,1
134723,253,315,0,0,1
134801,253,315,0,0,1
134863,253,315,0,0,1
134941,255,315,0,0,1
135004,255,315,0,0,1
135066,257,315,0,0,1
135144,257,315,0,0,1
135206,255,315,1,0,1
135284,249,319,1,0,1
135362,245,321,1,0,1
135425,245,321,1,0,1
135487,245,321,1,0,1
135565,245,321,1,0,1
135628,251,319,1,0,1
135706,251,319,1,0,1
135768,251,319,1,0,1
135846,257,319,1,0,1
135908,263,317,1,0,1
135986,279,311,1,0,1
136064,297,303,1,0,1
136127,307,295,1,0,1
136189,313,293,1,0,1
136267,313,293,1,0,1
136330,313,293,1,0,1
136408,317,293,0,0,1
136470,327,297,0,0,1
136548,349,307,0,0,1
136610,359,309,0,0,1
136688,371,303,0,0,0
136751,389,303,0,0,0
136829,405,303,0,0,0
136891,429,303,0,0,0
136969,487,303,0,0,0
137032,515,303,0,0,0
137110,535,307,0,0,0
137188,547,307,0,0,0
137250,557,301,0,0,0
137328,563,297,0,0,0
137390,565,297,0,0,0
137468,567,295,0,0,0
137531,567,291,0,0,0
137609,569,287,0,0,0
137671,569,277,0,0,0
137749,565,275,0,0,0
137812,561,275,0,0,0
137890,557,273,0,0,0
137952,555,269,0,0,0
138030,549,261,0,0,0
138092,547,259,0,0,0
138170,545,259,0,0,0
138233,545,259,0,0,0
138311,545,255,0,0,0
138373,545,255,0,0,0
138451,543,255,0,0,0
138514,543,257,0,0,0
138592,543,257,0,0,0
138654,543,257,0,0,0
138716,543,257,0,0,0
138794,543,257,0,0,0
138857,543,259,0,0,0
138935,543,259,0,0,0
138997,543,259,0,0,0
139075,543,259,0,0,0
139138,543,259,0,0,0
139216,543,259,0,0,0
139278,543,259,0,0,0
139356,543,259,0,0,0
139418,543,259,0,0,0
139496,543,261,0,0,0
139559,543,261,0,0,0
139637,543,261,0,0,0
139699,543,259,0,0,0
139777,543,259,0,0,0
139840,543,259,0,0,0
139918,543,259,0,0,0
139980,543,259,0,0,0
140058,543,259,0,0,0
140120,543,259,0,0,0
140198,543,259,0,0,0
140261,543,259,0,0,0
140339,543,259,0,0,0
140401,543,259,0,0,0
140479,543,259,0,0,0
140542,543,259,0,0,0
140620,543,259,0,0,0
140682,543,259,0,0,0
140760,543,259,0,0,0
140822,543,259,0,0,0
140900,543,259,0,0,0
140963,543,259,0,0,0
141041,543,259,0,0,0
141103,543,259,0,0,0
141181,543,259,0,0,0
141244,543,259,0,0,0
141322,543,259,0,0,0
141384,543,259,0,0,0
141462,543,259,0,0,0
141524,543,265,0,0,0
141602,549,279,0,0,0
141665,557,293,0,0,0
141743,569,325,0,0,0
141805,583,347,0,0,0
141883,585,357,0,0,0
141946,585,359,0,0,0
142024,585,359,0,0,0
142086,587,361,0,0,0
142164,599,367,0,0,0
142226,611,369,0,0,0
142304,623,365,0,0,0
142367,623,365,0,0,1
142445,621,365,0,0,1
142507,613,365,0,0,1
142585,609,365,0,0,1
142648,601,363,0,0,1
142726,593,361,1,0,1
142788,585,365,1,0,1
142866,575,381,1,0,1
142928,563,401,1,0,1
143006,563,403,1,0,1
143069,557,409,1,0,1
143147,549,423,1,0,1
143209,547,425,1,0,1
143287,539,399,1,0,1
143350,529,339,1,0,1
143428,529,335,1,0,1
143490,527,335,1,0,1
143568,523,351,1,0,1
143630,517,367,1,0,1
143708,515,369,1,0,1
143771,515,369,0,0,1
143849,515,369,0,0,1
143911,521,359,0,0,1
143989,553,299,0,0,1
144052,575,235,0,0,1
144130,581,225,0,0,1
144192,579,221,0,0,1
144270,547,219,0,0,1
144332,497,271,0,0,1
144410,467,311,0,0,1
144473,463,315,0,0,1
144551,463,307,0,0,1
144613,453,269,0,0,1
144691,429,227,0,0,1
144754,411,203,0,0,1
144832,401,197,0,0,1
144894,387,185,0,0,1
144972,369,177,0,0,1
145034,345,173,0,0,1
145112,337,173,0,0,1
145175,327,177,0,0,1
145253,307,179,0,0,1
145315,285,179,0,0,1
145393,271,175,0,0,1
145456,269,175,0,0,1
145534,265,177,0,0,1
145596,253,177,0,0,1
145674,245,177,0,0,1
145736,243,175,0,0,1
145814,243,175,0,0,1
145892,243,175,0,0,1
145955,247,171,0,0,1
146033,249,169,0,0,1
146095,249,167,0,0,1
146173,253,167,1,0,1
146236,259,165,1,0,1
146314,269,163,1,0,1
146376,283,157,1,0,1
146454,289,153,1,0,1
146516,297,153,1,0,1
146594,299,149,1,0,1
146657,303,145,1,0,1
146735,309,141,1,0,1
146797,315,139,0,0,1
146875,325,141,0,0,1
146938,325,141,0,0,1
147016,323,141,0,0,1
147078,319,141,0,0,1
147156,319,141,0,0,1
147218,317,143,0,0,1
147281,355,181,0,0,1
147359,445,271,0,0,1
147437,491,319,0,0,1
147499,541,375,0,0,1
147577,565,393,0,0,1
147640,575,401,0,0,1
147718,583,405,0,0,1
147780,593,409,0,0,1
147858,601,413,0,0,1
147920,607,405,0,0,0
147998,617,393,0,0,0
148061,611,363,0,0,0
148139,541,267,0,0,0
148201,469,195,0,0,0
148279,453,167,0,0,0
148342,451,155,0,0,0
148420,453,149,0,0,0
148482,463,145,0,0,0
148560,467,131,0,0,0
148622,469,129,0,0,1
148700,469,129,0,0,1
148763,469,131,1,0,1
148841,469,133,1,0,1
148903,469,133,1,0,1
148966,469,133,1,0,1
149044,465,139,1,0,1
149106,459,147,1,0,1
149184,457,153,1,0,1
149246,457,159,1,0,1
149324,469,169,1,0,1
149387,483,177,1,0,1
149465,497,183,1,0,1
149527,521,191,1,0,1
149605,549,207,1,0,1
149668,591,231,1,0,1
149746,603,237,1,0,1
149808,603,239,1,0,1
149886,603,239,1,0,1
149948,599,239,1,0,1
150026,593,241,1,0,1
150089,583,241,1,0,1
150167,575,241,1,0,1
150229,573,239,0,0,1
150307,567,241,0,0,1
150370,503,265,0,0,1
150448,429,283,0,0,1
150510,381,299,0,0,1
150588,345,319,0,0,1
150650,301,359,0,0,1
150728,263,379,0,0,1
150791,233,383,0,0,0
150869,205,373,0,0,0
150931,181,363,0,0,0
151009,175,359,0,0,0
151072,161,347,0,0,0
151150,147,329,0,0,0
151212,133,301,0,0,0
151290,131,283,0,0,0
151352,135,275,0,0,0
151430,147,265,0,0,0
151493,163,265,0,0,0
151571,163,283,0,0,0
151649,165,311,0,0,0
151711,167,329,0,0,0
151789,169,329,0,0,1
151852,171,327,0,0,1
151930,175,325,0,0,1
151992,185,325,1,0,1
152070,191,325,1,0,1
152133,197,325,1,0,1
152211,201,321,1,0,1
152273,213,321,1,0,1
152351,237,323,1,0,1
152413,241,323,1,0,1
152491,241,323,0,0,1
152554,241,321,0,0,1
152632,243,321,0,0,1
152694,251,323,0,0,1
152772,251,323,0,0,1
152835,251,323,0,0,1
152897,251,323,0,0,1
152975,253,323,0,0,1
153037,253,323,0,0,0
153115,237,321,0,0,0
153178,195,307,0,0,0
153256,181,289,0,0,0
153318,181,289,0,0,0
153396,191,301,0,0,1
153474,197,303,0,0,1
153537,205,301,0,0,1
153615,213,297,0,0,1
153677,227,299,0,0,1
153755,235,301,0,0,1
153817,239,301,0,0,1
153895,241,301,0,0,1
153958,243,301,0,0,1
154020,243,301,0,0,1
154098,247,301,1,0,1
154161,247,301,1,0,1
154239,247,303,1,0,1
154317,241,311,1,0,1
154379,233,335,1,0,1
154441,231,341,1,0,1
154519,229,339,1,0,1
154597,229,337,1,0,1
154660,231,337,1,0,1
154722,233,337,1,0,1
154800,233,337,1,0,1
154863,235,337,1,0,1
154941,241,335,1,0,1
155003,247,333,1,0,1
155112,255,331,1,0,1
155206,261,325,1,0,1
155268,265,319,1,0,1
155346,273,317,1,0,1
155424,277,317,0,0,1
155487,281,317,0,0,1
155565,293,311,0,0,1
155627,297,307,0,0,1
155705,301,307,0,0,1
155767,301,307,0,0,1
155845,301,307,0,0,1
155908,307,307,0,0,0
155986,411,355,0,0,0
156048,519,405,0,0,0
156126,593,435,0,0,0
156189,631,445,0,0,0
156267,643,445,0,0,0
156329,643,445,0,0,0
156407,645,449,0,0,0
156469,645,449,0,0,0
156547,645,449,0,0,0
156610,643,449,0,0,0
156672,643,449,0,0,0
156750,643,449,0,0,0
156813,643,449,0,0,0
156891,643,449,0,0,0
156953,643,449,0,0,0
157031,643,449,0,0,0
157093,643,449,0,0,0
157171,643,449,0,0,0
157234,643,449,0,0,0
157312,643,449,0,0,0
157374,643,449,0,0,0
157452,643,449,0,0,0
157515,643,449,0,0,0
157593,643,449,0,0,0
157655,643,449,0,0,0
157733,641,449,0,0,0
157795,641,449,0,0,0
157873,641,451,0,0,0
157936,639,451,0,0,0
158014,639,449,0,0,0
158076,639,449,0,0,0
158154,639,449,0,0,0
158217,639,449,0,0,0
158295,639,449,0,0,0
158357,629,431,0,0,0
158435,545,321,0,0,0
158497,521,281,0,0,0
158575,487,239,0,0,0
158638,461,217,0,0,0
158716,447,215,0,0,0
158794,441,215,0,0,0
158856,429,207,0,0,0
158919,397,179,0,0,0
158997,375,159,0,0,0
159059,355,153,0,0,0
159137,341,153,0,0,0
159199,337,155,0,0,0
159277,329,153,0,0,0
159340,325,147,0,0,0
159418,329,147,0,0,0
159480,369,153,0,0,0
159558,449,157,0,0,0
159621,515,171,0,0,0
159699,567,225,0,0,0
159761,591,287,0,0,0
159839,601,311,0,0,0
159901,595,313,0,0,0
159979,583,315,0,0,0
160042,557,327,0,0,1
160120,553,337,0,0,1
160198,547,345,0,0,1
160260,543,351,1,0,1
160338,543,359,1,0,1
160401,541,385,1,0,1
160479,539,407,1,0,1
160541,537,405,1,0,1
160619,523,363,1,0,1
160681,509,309,1,0,1
160759,509,307,0,0,1
160837,509,307,0,0,1
160900,509,309,0,0,1
160978,509,309,0,0,1
161040,503,317,0,0,1
161118,495,339,0,0,1
161181,489,357,0,0,1
161259,487,357,0,0,1
161321,487,357,0,0,1
161399,487,357,0,0,1
161461,487,357,0,0,1
161539,483,347,0,0,1
161602,477,319,0,0,1
161680,467,297,0,0,1
161742,465,293,0,0,1
161820,463,293,0,0,1
161883,455,297,0,0,1
161961,449,301,0,0,1
162023,447,301,0,0,1
162101,437,301,0,0,1
162163,373,285,0,0,1
162241,271,255,0,0,0
162304,203,229,0,0,0
162382,149,211,0,0,0
162444,137,211,0,0,0
162522,133,213,0,0,0
162585,125,201,0,0,0
162663,107,175,0,0,0
162725,103,173,0,0,0
162803,103,173,0,0,0
162865,103,171,0,0,0
162943,99,159,0,0,0
163006,95,145,0,0,0
163084,97,143,0,0,0
163146,113,143,0,0,0
163209,129,137,0,0,0
163287,151,127,0,0,0
163365,171,123,0,0,0
163427,199,133,0,0,0
163505,221,139,0,0,0
163567,247,131,0,0,0
163645,277,121,0,0,0
163723,335,133,0,0,0
163786,383,151,0,0,0
163864,401,175,0,0,0
163926,405,195,0,0,0
164004,407,227,0,0,0
164067,389,237,0,0,0
164145,377,243,0,0,0
164223,371,243,0,0,0
164285,371,243,0,0,1
164363,369,249,0,0,1
164425,369,257,0,0,1
164503,369,257,0,0,1
164566,369,257,0,0,1
164644,369,257,0,0,1
164706,369,261,0,0,1
164784,369,265,0,0,1
164847,369,265,1,0,1
164925,371,265,0,0,1
164987,371,265,1,0,1
165065,373,269,0,0,1
165127,375,269,1,0,1
165205,375,271,0,0,1
165268,377,275,1,0,1
165346,379,283,0,0,1
165408,381,291,1,0,1
165486,383,297,0,0,1
165549,383,299,1,0,1
165611,385,301,0,0,1
165689,385,305,1,0,1
165751,387,315,0,0,1
165829,387,321,1,0,1
165892,391,333,0,0,1
165970,393,343,1,0,1
166032,401,355,1,0,1
166110,429,365,1,0,1
166173,493,361,1,0,1
166251,563,339,1,0,1
166313,625,309,1,0,1
166391,659,281,1,0,0
166453,669,257,1,0,0
166531,681,231,1,0,0
166594,691,217,1,0,0
166672,691,201,1,0,0
166734,681,187,1,0,0
166812,647,195,1,0,0
166875,575,239,1,0,0
166953,535,271,1,0,0
167015,521,279,1,0,0
167093,515,281,1,0,1
167155,507,287,1,0,1
167233,495,299,1,0,1
167296,487,307,1,0,1
167374,483,311,1,0,1
167436,479,315,1,0,1
167514,477,319,1,0,1
167577,475,327,1,0,1
167655,471,339,1,0,1
167717,467,345,1,0,1
167795,465,345,1,0,1
167857,465,343,1,0,1
167935,465,343,1,0,1
167998,465,343,1,0,1
168076,463,339,1,0,1
168138,459,329,0,0,1
168216,457,329,0,0,1
168279,455,329,0,0,1
168357,453,325,0,0,1
168419,445,311,0,0,1
168497,435,297,0,0,1
168559,433,297,0,0,1
168637,431,311,0,0,1
168715,431,321,0,0,1
168778,431,325,0,0,1
168856,431,325,0,0,1
168918,431,323,0,0,1
168996,431,317,0,0,1
169059,429,317,0,0,1
169137,429,319,0,0,1
169199,427,325,0,0,1
169277,421,335,0,0,1
169339,411,351,0,0,1
169417,405,351,0,0,1
169480,397,343,0,0,1
169558,397,339,0,0,1
169620,397,339,0,0,1
169698,397,343,0,0,1
169761,415,353,0,0,1
169839,441,363,0,0,1
169901,463,379,0,0,1
169979,473,385,0,0,1
170041,473,385,0,0,1
170119,473,385,0,0,1
170182,475,383,1,0,1
170260,487,383,1,0,1
170322,497,383,1,0,1
170400,499,381,1,0,1
170463,493,379,1,0,1
170541,469,377,1,0,1
170603,461,377,1,0,1
170681,451,373,1,0,1
170743,451,369,1,0,1
170821,461,363,1,0,1
170884,473,359,1,0,1
170962,473,359,1,0,1
171024,467,359,1,0,1
171102,441,355,1,0,1
171165,409,343,1,0,1
171243,405,345,1,0,1
171305,415,355,1,0,1
171383,421,355,1,0,1
171445,425,353,1,0,1
171523,435,351,1,0,1
171586,451,351,1,0,1
171648,467,353,1,0,1
171726,481,349,1,0,1
171789,489,339,1,0,1
171867,497,331,1,0,1
171929,501,331,1,0,1
172007,501,343,1,0,1
172069,503,363,1,0,1
172147,505,363,1,0,1
172210,505,363,1,0,1
172288,505,363,1,0,1
172350,503,363,1,0,1
172428,503,363,1,0,1
172491,497,355,1,0,1
172569,495,353,1,0,1
172631,495,353,1,0,1
172709,491,351,1,0,1
172771,477,341,1,0,1
172849,473,337,1,0,1
172912,471,337,1,0,1
172990,471,337,1,0,1
173052,469,333,0,0,1
173130,461,317,0,0,1
173193,459,303,0,0,1
173271,459,299,0,0,1
173333,457,299,0,0,1
173411,455,303,0,0,1
173473,451,311,0,0,1
173551,447,323,0,0,1
173614,443,331,0,0,1
173692,443,331,0,0,1
173754,433,309,0,0,1
173832,421,291,0,0,1
173895,421,291,0,0,1
173973,421,297,0,0,0
174035,381,335,0,0,0
174113,307,339,0,0,0
174175,257,331,0,0,0
174253,245,329,0,0,0
174316,241,333,0,0,0
174394,235,349,0,0,0
174456,229,343,0,0,1
174534,225,321,0,0,1
174597,231,311,0,0,1
174675,241,311,0,0,1
174737,251,319,0,0,1
174815,257,321,0,0,1
174877,261,317,0,0,1
174955,263,315,0,0,1
175018,265,315,0,0,1
175096,265,315,0,0,1
175158,265,315,1,0,1
175236,269,315,1,0,1
175299,287,319,1,0,1
175377,291,321,1,0,1
175439,283,321,1,0,1
175517,237,309,1,0,1
175579,211,305,1,0,1
175657,199,317,1,0,1
175720,193,325,1,0,1
175798,193,325,1,0,1
175860,201,321,1,0,1
175938,231,315,1,0,1
176001,241,315,1,0,1
176079,239,313,1,0,1
176141,229,313,1,0,1
176219,221,313,1,0,1
176281,211,321,1,0,1
176359,203,329,1,0,1
176422,201,331,1,0,1
176500,201,331,1,0,1
176562,203,331,1,0,1
176640,207,331,1,0,1
176703,215,331,1,0,1
176781,221,329,1,0,1
176843,239,317,1,0,1
176905,257,311,1,0,1
176983,271,311,1,0,1
177046,275,311,1,0,1
177124,275,311,1,0,1
177186,285,305,0,0,1
177264,293,301,0,0,1
177327,293,301,0,0,1
177405,291,301,0,0,1
177467,287,301,0,0,1
177545,287,301,0,0,1
177607,287,301,0,0,1
177685,289,301,0,0,1
177748,291,301,0,0,1
177826,293,301,0,0,1
177904,303,299,0,0,1
177966,311,297,0,0,1
178029,319,297,0,0,1
178107,323,299,0,0,1
178169,323,299,0,0,1
178247,321,299,0,0,1
178309,315,307,0,0,1
178387,307,323,0,0,1
178450,301,325,0,0,1
178528,301,325,0,0,1
178590,311,327,0,0,1
178668,465,357,0,0,0
178731,569,375,0,0,0
178809,619,379,0,0,0
178871,663,385,0,0,0
178949,689,393,0,0,0
179011,701,403,0,0,0
179089,701,403,0,0,0
179152,701,399,0,0,0
179230,701,393,0,0,0
179292,701,389,0,0,0
179370,711,379,0,0,0
179433,725,339,0,0,0
179511,741,283,0,0,0
179573,741,247,0,0,0
179651,731,239,0,0,0
179713,677,217,0,0,0
179791,655,195,0,0,0
179869,651,185,0,0,0
179932,649,183,0,0,0
180010,641,183,0,0,0
180072,611,177,0,0,0
180135,569,165,0,0,0
180213,523,155,0,0,0
180275,483,153,0,0,0
180353,447,159,0,0,0
180415,407,159,0,0,0
180493,369,157,0,0,0
180556,331,153,0,0,0
180634,305,159,0,0,0
180696,281,171,0,0,0
180774,261,173,0,0,0
180837,243,175,0,0,0
180915,217,179,0,0,0
180993,197,197,0,0,0
181055,191,205,0,0,0
181133,191,161,0,0,0
181195,191,101,0,0,0
181273,189,97,0,0,0
181336,189,95,0,0,1
181414,187,95,0,0,1
181476,175,87,0,0,1
181554,157,77,0,0,1
181617,151,77,0,0,1
181695,147,79,0,0,1
181757,139,81,0,0,1
181835,121,77,0,0,1
181897,99,69,0,0,1
181975,97,71,0,0,1
182038,93,75,0,0,1
182116,91,75,0,0,1
182178,105,105,0,0,1
182256,195,271,0,0,1
182319,257,349,0,0,1
182397,285,361,0,0,1
182459,335,365,0,0,1
182537,405,379,0,0,0
182599,481,413,0,0,0
182677,521,423,0,0,0
182740,553,421,0,0,0
182818,579,415,0,0,0
182880,593,413,0,0,0
182958,625,423,0,0,0
183021,637,427,0,0,0
183099,655,419,0,0,0
183161,665,415,0,0,0
183239,667,415,0,0,0
183302,671,415,0,0,0
183380,673,407,0,0,0
183442,677,397,0,0,0
183520,677,367,0,0,0
183582,677,359,0,0,0
183660,679,357,0,0,0
183723,681,329,0,0,0
183801,683,303,0,0,0
183863,679,285,0,0,0
183941,675,283,0,0,0
184004,651,271,0,0,0
184082,629,231,0,0,0
184144,629,191,0,0,0
184222,631,175,0,0,1
184284,631,175,0,0,1
184362,631,175,1,0,1
184425,635,163,1,0,1
184503,639,159,1,0,1
184565,643,159,1,0,1
184643,645,159,1,0,1
184706,649,157,1,0,1
184784,657,153,1,0,1
184846,659,153,1,0,1
184924,661,153,1,0,1
184986,661,153,1,0,1
185064,661,153,1,0,1
185127,661,153,1,0,1
185205,661,153,0,0,1
185267,659,153,0,0,1
185345,651,155,0,0,1
185408,595,181,0,0,1
185486,481,275,0,0,1
185548,431,341,0,0,1
185626,395,371,0,0,0
185688,371,375,0,0,0
185766,335,345,0,0,0
185829,301,305,0,0,0
185907,297,293,0,0,0
185969,295,257,0,0,0
186047,305,213,0,0,0
186110,307,175,0,0,0
186188,309,171,0,0,1
186250,309,173,1,0,1
186328,309,173,1,0,1
186390,309,173,1,0,1
186468,309,173,1,0,1
186531,313,181,1,0,1
186609,319,187,1,0,1
186671,319,187,1,0,1
186749,319,187,1,0,1
186812,319,187,1,0,1
186890,319,183,1,0,1
186952,319,177,1,0,1
187030,315,169,1,0,1
187092,309,159,1,0,1
187170,309,159,1,0,1
187233,311,161,1,0,1
187311,315,165,1,0,1
187373,317,165,1,0,1
187451,321,167,1,0,1
187514,323,169,1,0,1
187592,323,169,0,0,1
187654,323,169,0,0,1
187732,329,175,0,0,1
187794,379,285,0,0,1
187872,371,327,0,0,1
187935,325,323,0,0,1
188013,277,301,0,0,1
188075,249,299,0,0,1
188153,221,307,0,0,1
188216,209,309,0,0,1
188294,205,309,0,0,1
188356,205,307,0,0,1
188434,217,307,0,0,1
188496,223,307,0,0,1
188574,227,307,0,0,1
188637,237,307,0,0,1
188715,241,305,0,0,1
188777,247,305,0,0,1
188855,249,307,0,0,1
188918,249,307,0,0,1
188996,249,307,0,0,1
189058,249,307,0,0,1
189136,257,315,0,0,1
189198,309,351,0,0,1
189276,415,407,0,0,1
189339,491,421,0,0,1
189417,565,437,0,0,1
189479,617,439,0,0,1
189557,629,439,0,0,1
189620,637,435,0,0,0
189698,639,435,0,0,0
189760,639,435,0,0,0
189838,639,433,0,0,0
189900,639,433,0,0,0
189978,641,433,0,0,0
190056,647,427,0,0,0
190119,657,399,0,0,0
190181,645,379,0,0,1
190259,635,373,0,0,1
190337,621,371,1,0,1
190400,609,367,1,0,1
190478,603,363,1,0,1
190540,599,381,1,0,1
190602,595,443,1,0,1
190680,593,447,1,0,1
190743,587,425,1,0,1
190821,561,343,1,0,1
190883,555,335,1,0,1
190961,559,409,1,0,1
191024,553,427,1,0,1
191102,539,385,1,0,1
191164,519,307,1,0,1
191242,521,329,1,0,1
191304,531,377,1,0,1
191382,525,359,1,0,1
191445,515,317,1,0,1
191523,515,329,1,0,1
191585,515,345,1,0,1
191663,515,339,1,0,1
191726,511,333,0,0,1
191804,511,333,0,0,1
191866,511,333,0,0,1
191944,505,333,0,0,1
192006,487,339,0,0,1
192084,473,345,0,0,1
192147,467,345,0,0,1
192225,455,347,0,0,1
192287,429,355,0,0,1
192365,393,357,0,0,1
192428,361,353,0,0,1
192506,349,349,0,0,1
192568,361,349,0,0,1
192646,389,341,0,0,1
192708,413,333,0,0,1
192786,419,329,0,0,1
192849,421,327,0,0,1
192927,421,327,0,0,1
192989,415,329,0,0,1
193067,405,329,0,0,1
193130,399,329,0,0,1
193208,387,329,0,0,1
193270,377,329,0,0,1
193348,363,329,0,0,1
193410,357,329,1,0,1
193488,345,321,1,0,1
193551,341,319,1,0,1
193629,339,315,1,0,1
193691,331,305,1,0,1
193769,319,291,1,0,1
193832,313,283,1,0,1
193910,311,283,1,0,1
193972,311,283,1,0,1
194050,303,271,1,0,1
194112,287,251,1,0,1
194190,287,249,1,0,1
194253,281,253,1,0,1
194331,273,257,1,0,1
194393,267,259,1,0,1
194471,259,267,1,0,1
194534,243,303,1,0,1
194612,235,319,1,0,1
194674,233,315,1,0,1
194752,209,261,1,0,1
194814,197,237,1,0,1
194892,197,237,1,0,1
194955,197,239,1,0,1
195033,197,239,1,0,1
195095,191,253,1,0,1
195173,185,255,0,0,1
195236,183,253,0,0,1
195314,181,215,0,0,1
195376,205,169,0,0,1
195454,251,149,0,0,1
195516,333,153,0,0,0
195594,415,177,0,0,0
195657,473,179,0,0,0
195735,515,167,0,0,0
195797,549,163,0,0,0
195875,577,173,0,0,0
195938,597,181,0,0,0
196016,603,181,0,0,0
196078,605,181,0,0,0
196156,631,215,0,0,0
196218,647,259,0,0,0
196296,653,295,0,0,0
196359,651,315,0,0,0
196437,627,345,0,0,0
196499,607,389,0,0,0
196577,563,421,0,0,0
196640,505,429,0,0,0
196718,447,411,0,0,0
196780,409,393,0,0,0
196858,393,389,0,0,0
196920,377,387,0,0,1
196998,371,385,0,0,1
197061,355,373,1,0,1
197139,353,367,1,0,1
197201,353,363,1,0,1
197279,355,361,1,0,1
197342,357,339,1,0,1
197420,359,325,1,0,1
197482,363,323,1,0,1
197560,369,333,1,0,1
197622,377,337,1,0,1
197700,377,337,1,0,1
197763,379,341,1,0,1
197841,387,349,1,0,1
197903,391,351,1,0,1
197981,391,349,1,0,1
198044,395,341,1,0,1
198122,397,339,1,0,1
198184,399,339,1,0,1
198262,399,337,1,0,1
198324,401,333,1,0,1
198402,401,329,1,0,1
198465,403,329,1,0,1
198543,413,329,0,0,1
198605,465,319,0,0,1
198683,537,295,0,0,1
198746,605,273,0,0,1
198824,637,259,0,0,1
198886,643,251,0,0,1
198964,645,243,0,0,1
199026,647,241,0,0,0
199104,647,241,0,0,0
199167,647,237,0,0,0
199245,645,215,0,0,0
199307,639,209,0,0,0
199385,625,205,0,0,0
199448,601,195,0,0,0
199526,583,191,0,0,0
199588,547,193,0,0,0
199666,497,211,0,0,0
199728,409,251,0,0,0
199806,355,277,0,0,0
199869,317,297,0,0,0
199947,299,303,0,0,0
200009,299,309,0,0,0
200072,297,311,0,0,0
200150,293,311,0,0,0
200212,277,311,0,0,0
200290,267,323,0,0,0
200352,265,335,0,0,0
200430,275,333,0,0,0
200493,309,321,0,0,0
200571,311,319,0,0,0
200633,295,325,0,0,0
200711,289,351,0,0,0
200774,293,347,0,0,0
200852,283,321,0,0,0
200914,245,301,0,0,0
200992,215,293,0,0,0
201054,197,283,0,0,0
201132,185,257,0,0,0
201195,181,231,0,0,0
201273,189,221,0,0,0
201335,199,219,0,0,0
201413,213,207,0,0,0
201476,221,195,0,0,0
201554,221,195,0,0,0
201616,221,195,0,0,0
201694,223,195,0,0,0
201756,223,195,0,0,0
201834,247,183,0,0,0
201897,263,175,0,0,0
201975,267,175,0,0,0
202037,265,175,0,0,0
202115,265,171,0,0,0
202178,281,153,0,0,0
202256,291,147,0,0,0
202318,305,147,0,0,0
202396,329,139,0,0,0
202458,343,135,0,0,0
202536,361,137,0,0,1
202599,387,151,0,0,1
202677,397,163,0,0,1
202739,397,165,0,0,1
202817,399,167,0,0,1
202880,407,183,0,0,1
202958,405,195,0,0,1
203020,385,197,0,0,1
203098,341,183,0,0,1
203160,301,159,0,0,1
203238,291,151,0,0,1
203301,291,151,0,0,1
203379,291,151,0,0,1
203441,291,151,0,0,0
203519,295,151,0,0,0
203582,299,153,0,0,0
203660,311,161,0,0,0
203722,319,161,0,0,0
203800,331,159,0,0,0
203862,339,157,0,0,0
203940,341,157,0,0,0
204003,345,157,0,0,0
204081,353,157,0,0,0
204143,361,157,0,0,0
204221,365,157,0,0,0
204284,365,157,0,0,0
204346,367,157,0,0,0
204424,367,157,0,0,0
204502,371,157,1,0,0
204564,371,157,0,0,0
204642,373,157,1,0,0
204705,373,157,0,0,0
204783,373,157,1,0,0
204845,373,157,0,0,0
204923,375,157,1,0,0
204986,375,157,0,0,0
205064,377,157,1,0,0
205126,377,157,0,0,0
205204,377,157,1,0,0
205282,381,157,0,0,0
205344,387,157,1,0,0
205422,387,159,0,0,0
205485,411,187,0,0,0
205563,493,277,0,0,0
205625,575,385,0,0,0
205703,605,417,0,0,0
205766,633,441,0,0,0
205844,665,459,0,0,0
205906,677,459,0,0,0
205984,689,451,0,0,0
206046,695,443,0,0,0
206124,705,423,0,0,0
206187,703,365,0,0,0
206265,707,315,0,0,0
206327,701,277,0,0,0
206405,689,253,0,0,0
206468,663,215,0,0,0
206546,649,195,0,0,0
206608,619,179,0,0,0
206686,563,165,0,0,0
206748,533,157,0,0,0
206826,519,155,0,0,0
206889,495,153,0,0,0
206967,467,151,0,0,0
207029,439,151,0,0,0
207107,415,151,0,0,0
207185,387,153,0,0,0
207248,363,161,0,0,0
207326,337,169,0,0,0
207388,305,179,0,0,0
207466,279,191,0,0,0
207528,253,215,0,0,0
207606,235,245,0,0,0
207669,223,271,0,0,0
207731,227,305,0,0,0
207809,253,325,0,0,0
207872,305,315,0,0,0
207950,345,289,0,0,0
208012,373,253,0,0,0
208090,383,241,0,0,0
208152,389,235,0,0,0
208230,395,231,0,0,0
208293,389,231,0,0,1
208371,381,241,0,0,1
208433,379,243,0,0,1
208511,379,251,1,0,1
208589,375,263,1,0,1
208652,375,277,1,0,1
208730,377,291,1,0,1
208792,381,309,1,0,1
208870,387,325,1,0,1
208932,389,327,1,0,1
209010,389,327,1,0,1
209073,389,313,1,0,1
209151,391,273,1,0,1
209213,385,233,1,0,1
209291,385,217,1,0,1
209354,389,217,1,0,1
209432,413,223,1,0,1
209494,449,237,1,0,1
209572,459,243,1,0,1
209634,461,251,1,0,1
209712,475,277,1,0,1
209775,487,291,1,0,1
209853,489,291,1,0,1
209915,491,283,1,0,1
209993,501,263,1,0,1
210056,509,253,1,0,1
210134,509,253,0,0,1
210196,515,257,0,0,1
210274,533,279,0,0,1
210336,539,297,0,0,1
210414,545,311,0,0,1
210477,545,309,0,0,1
210555,525,279,0,0,1
210617,519,273,0,0,1
210695,519,273,0,0,1
210758,519,275,0,0,1
210836,517,277,0,0,1
210898,513,279,0,0,1
210976,515,275,0,0,1
211038,559,239,0,0,1
211116,597,203,0,0,1
211179,603,183,0,0,1
211257,605,173,0,0,0
211319,595,165,0,0,0
211397,575,157,0,0,0
211460,557,139,0,0,0
211538,545,129,0,0,0
211600,517,123,0,0,0
211678,465,123,0,0,0
211740,411,131,0,0,0
211818,375,139,0,0,0
211881,347,155,0,0,0
211959,321,173,0,0,0
212021,299,193,0,0,0
212099,283,211,0,0,0
212162,269,229,0,0,0
212240,257,247,0,0,0
212302,247,271,0,0,0
212364,243,303,0,0,0
212442,269,351,0,0,0
212505,319,387,0,0,0
212583,347,401,0,0,0
212645,379,409,0,0,0
212723,379,409,0,0,0
212786,367,407,0,0,0
212864,359,403,0,0,1
212926,359,399,1,0,1
213004,357,383,1,0,1
213066,357,359,1,0,1
213144,359,339,1,0,1
213207,367,327,1,0,1
213285,371,321,1,0,1
213347,377,317,1,0,1
213425,379,315,1,0,1
213488,381,317,1,0,1
213566,381,319,1,0,1
213628,387,321,1,0,1
213706,389,321,1,0,1
213768,391,321,1,0,1
213846,391,321,1,0,1
213909,393,321,1,0,1
213987,397,321,1,0,1
214049,399,321,1,0,1
214127,401,321,1,0,1
214190,401,321,1,0,1
214268,401,321,1,0,1
214330,401,321,1,0,1
214408,401,321,1,0,1
214471,401,321,1,0,1
214549,399,321,1,0,1
214611,397,321,1,0,1
214689,393,321,1,0,1
214751,391,321,1,0,1
214829,387,321,1,0,1
214892,387,323,0,0,1
214970,403,337,0,0,1
215032,489,387,0,0,1
215110,529,399,0,0,1
215173,565,411,0,0,1
215251,591,423,0,0,1
215313,607,423,0,0,1
215391,635,415,0,0,1
215453,655,401,0,0,1
215516,671,387,0,0,1
215594,685,359,0,0,1
215656,695,321,0,0,1
215734,693,283,0,0,1
215797,687,253,0,0,1
215875,673,229,0,0,1
215937,657,213,0,0,1
216015,635,199,0,0,1
216077,611,189,0,0,1
216155,565,181,0,0,1
216218,489,213,0,0,1
216296,411,285,0,0,1
216358,373,303,0,0,1
216436,351,307,0,0,1
216499,343,305,0,0,1
216577,341,305,0,0,1
216639,341,305,0,0,1
216717,341,305,0,0,1
216779,341,305,0,0,1
216857,341,305,0,0,1
216920,341,305,1,0,1
216998,341,305,1,0,1
217060,341,305,1,0,1
217138,339,305,1,0,1
217201,339,305,1,0,1
217279,339,305,1,0,1
217341,339,305,1,0,1
217419,341,305,1,0,1
217481,341,305,1,0,1
217559,341,303,1,0,1
217622,341,303,1,0,1
217700,341,303,1,0,1
217762,341,303,0,0,1
217840,341,303,0,0,1
217903,321,323,0,0,1
217981,285,357,0,0,1
218043,271,363,0,0,0
218121,265,367,0,0,0
218183,255,369,0,0,0
218261,247,385,0,0,0
218324,249,399,0,0,0
218402,271,419,0,0,0
218464,323,429,0,0,0
218542,381,437,0,0,0
218605,429,441,0,0,0
218683,465,445,0,0,0
218745,499,445,0,0,0
218823,545,445,0,0,0
218885,577,441,0,0,0
218963,591,435,0,0,0
219026,601,431,0,0,0
219104,603,425,0,0,0
219166,609,411,0,0,0
219244,619,385,0,0,0
219307,619,343,0,0,0
219385,609,297,0,0,0
219447,519,237,0,0,0
219525,395,209,0,0,0
219587,317,207,0,0,0
219665,265,207,0,0,0
219728,239,209,0,0,0
219806,227,213,0,0,0
219868,225,215,0,0,0
219946,241,217,0,0,0
220009,243,217,0,0,0
220087,241,217,0,0,0
220149,215,213,0,0,0
220227,171,207,0,0,0
220289,141,205,0,0,0
220367,121,207,0,0,0
220430,107,207,0,0,0
220508,95,205,0,0,0
220570,87,201,0,0,0
220648,83,199,0,0,0
220711,85,191,0,0,0
220789,143,171,0,0,0
220851,213,153,0,0,0
220929,249,157,0,0,0
220991,271,163,0,0,0
221069,295,163,0,0,0
221132,365,149,0,0,0
221210,437,143,0,0,0
221272,465,137,0,0,0
221350,505,133,0,0,0
221413,535,155,0,0,1
221491,553,177,0,0,1
221553,557,183,0,0,1
221631,565,189,0,0,1
221693,573,199,0,0,1
221771,583,211,0,0,1
221834,597,225,0,0,1
221912,615,235,0,0,1
221974,637,247,0,0,1
222052,639,247,0,0,1
222115,647,241,0,0,1
222193,661,213,0,0,1
222255,671,169,0,0,1
222333,675,139,0,0,1
222395,675,133,0,0,1
222473,669,129,0,0,1
222536,641,123,0,0,0
222598,569,123,0,0,0
222676,515,133,0,0,0
222739,483,139,0,0,0
222817,465,143,0,0,0
222879,449,151,0,0,0
222957,429,189,0,0,0
223019,399,233,0,0,0
223097,381,255,0,0,0
223160,371,269,0,0,0
223238,369,271,1,0,1
223300,365,279,1,0,1
223378,359,285,1,0,1
223441,353,291,1,0,1
223519,343,297,1,0,1
223581,335,301,1,0,1
223659,313,307,1,0,1
223721,281,313,1,0,1
223799,243,321,1,0,1
223862,207,333,1,0,1
223940,183,341,1,0,1
224002,167,347,1,0,1
224080,159,351,1,0,1
224143,157,357,1,0,1
224221,151,369,1,0,1
224283,147,389,1,0,1
224361,145,399,1,0,1
224423,145,401,1,0,1
224501,145,401,1,0,1
224564,145,403,1,0,1
224642,153,407,0,0,1
224704,175,397,0,0,1
224782,219,349,0,0,1
224845,213,265,0,0,1
224923,203,215,0,0,1
224985,207,187,0,0,1
225063,213,167,0,0,0
225125,225,147,0,0,0
225203,245,137,0,0,0
225266,281,127,0,0,0
225344,327,115,0,0,0
225406,381,111,0,0,0
225484,433,111,0,0,0
225547,487,111,0,0,0
225625,521,111,0,0,0
225703,551,113,0,0,0
225765,575,123,0,0,0
225843,595,137,0,0,0
225905,613,155,0,0,0
225983,631,185,0,0,0
226046,643,235,0,0,0
226124,649,283,0,0,0
226186,653,333,0,0,0
226264,653,369,0,0,0
226327,653,393,0,0,0
226405,651,409,0,0,0
226467,643,423,0,0,0
226545,621,433,0,0,0
226607,595,439,0,0,0
226685,569,429,0,0,0
226748,533,411,0,0,0
226826,493,409,0,0,0
226888,441,413,0,0,0
226966,405,419,0,0,0
227029,381,415,0,0,0
227107,353,401,0,0,0
227169,315,393,0,0,0
227247,263,391,0,0,0
227309,239,391,0,0,0
227387,221,389,0,0,0
227450,203,381,0,0,0
227512,185,369,0,0,0
227590,171,359,0,0,0
227653,159,347,0,0,0
227731,145,335,0,0,0
227793,135,325,0,0,0
227871,129,317,0,0,0
227933,121,305,0,0,0
228011,115,297,0,0,0
228074,113,283,0,0,0
228152,109,265,0,0,0
228214,107,249,0,0,0
228292,107,237,0,0,0
228355,117,223,0,0,0
228433,139,205,0,0,0
228495,173,189,0,0,0
228573,235,169,0,0,0
228635,341,189,0,0,0
228713,435,259,0,0,0
228776,483,327,0,0,0
228854,503,353,0,0,0
228916,519,367,0,0,1
228994,521,367,0,0,1
229057,521,365,0,0,1
229135,523,377,1,0,1
229197,527,395,1,0,1
229275,527,395,1,0,1
229337,525,373,1,0,1
229415,513,325,1,0,1
229478,509,305,1,0,1
229556,501,293,1,0,1
229618,499,301,1,0,1
229696,495,331,1,0,1
229759,495,343,1,0,1
229837,491,345,1,0,1
229899,481,305,1,0,1
229977,473,275,1,0,1
230039,473,283,1,0,1
230117,487,317,1,0,1
230180,499,319,0,0,1
230258,533,323,0,0,1
230320,577,303,0,0,1
230398,621,261,0,0,1
230461,633,237,0,0,1
230539,637,223,0,0,1
230601,643,213,0,0,1
230679,647,205,0,0,1
230741,651,189,0,0,1
230819,651,173,0,0,1
230882,631,151,0,0,1
230960,589,129,0,0,1
231022,531,121,0,0,1
231100,471,127,0,0,1
231163,407,159,0,0,1
231241,359,201,0,0,1
231303,337,217,0,0,1
231381,321,227,0,0,1
231443,309,237,0,0,1
231521,307,251,0,0,1
231584,307,253,1,0,1
231662,309,253,1,0,1
231724,311,253,1,0,1
231802,319,253,1,0,1
231880,325,255,1,0,1
231943,329,257,1,0,1
232021,331,257,1,0,1
232083,331,259,0,0,1
232161,331,259,0,0,1
232223,331,261,0,0,1
232301,323,265,0,0,1
232364,291,287,0,0,1
232442,245,323,0,0,1
232504,201,359,0,0,1
232582,175,397,0,0,1
232645,173,425,0,0,1
232723,185,439,0,0,1
232785,219,463,0,0,1
232863,271,471,0,0,1
232925,341,479,0,0,1
233003,401,487,0,0,1
233066,455,493,0,0,1
233144,499,497,0,0,1
233206,535,501,0,0,1
233284,561,501,0,0,1
233347,607,505,0,0,0
233425,637,499,0,0,0
233487,653,499,0,0,0
233565,671,495,0,0,0
233627,685,489,0,0,0
233705,699,481,0,0,0
233768,709,467,0,0,0
233846,717,433,0,0,0
233908,725,389,0,0,0
233986,727,347,0,0,0
234049,719,301,0,0,0
234127,713,267,0,0,0
234189,705,235,0,0,0
234267,699,211,0,0,0
234329,689,191,0,0,0
234392,675,171,0,0,0
234470,645,149,0,0,0
234548,611,137,0,0,0
234610,569,125,0,0,0
234688,537,119,0,0,0
234751,495,117,0,0,0
234829,453,117,0,0,0
234891,413,117,0,0,0
234969,377,117,0,0,0
235031,345,113,0,0,0
235109,307,113,0,0,0
235172,275,113,0,0,0
235250,247,113,0,0,0
235312,221,113,0,0,0
235375,197,117,0,0,0
235453,171,123,0,0,0
235515,147,131,0,0,0
235593,127,141,0,0,0
235671,109,159,0,0,0
235749,91,191,0,0,0
235811,85,227,0,0,0
235889,81,259,0,0,0
235952,81,291,0,0,0
236030,85,319,0,0,0
236092,99,349,0,0,0
236170,115,373,0,0,0
236233,141,399,0,0,0
236311,165,421,0,0,0
236373,191,439,0,0,0
236451,221,457,0,0,0
236513,255,467,0,0,0
236576,311,477,0,0,0
236654,371,485,0,0,0
236732,423,487,0,0,0
236794,465,487,0,0,0
236872,495,487,0,0,0
236935,521,487,0,0,0
237013,549,487,0,0,0
237075,577,481,0,0,0
237153,597,471,0,0,0
237215,613,459,0,0,0
237278,627,443,0,0,0
237356,645,419,0,0,0
237434,661,393,0,0,0
237496,667,373,0,0,0
237574,671,353,0,0,0
237637,671,331,0,0,0
237715,669,309,0,0,0
237777,663,283,0,0,0
237855,657,263,0,0,0
237917,643,235,0,0,0
237995,623,215,0,0,0
238058,601,195,0,0,0
238136,573,173,0,0,0
238198,549,155,0,0,0
238276,505,139,0,0,0
238339,461,127,0,0,0
238417,421,121,0,0,0
238479,389,117,0,0,0
238557,355,115,0,0,0
238619,323,111,0,0,0
238697,293,109,0,0,0
238775,271,107,0,0,0
238838,249,107,0,0,0
238916,229,107,0,0,0
238978,211,109,0,0,0
239056,191,119,0,0,0
239134,173,131,0,0,0
239197,157,151,0,0,0
239275,141,171,0,0,0
239337,129,193,0,0,0
239415,123,219,0,0,0
239477,117,247,0,0,0
239555,113,281,0,0,0
239618,113,313,0,0,0
239696,123,345,0,0,0
239758,147,371,0,0,0
239836,173,399,0,0,0
239899,207,417,0,0,0
239977,247,429,0,0,0
240039,291,441,0,0,0
240117,331,445,0,0,0
240179,383,451,0,0,0
240257,431,459,0,0,0
240320,469,461,0,0,0
240398,507,463,0,0,0
240460,541,465,0,0,0
240538,569,471,0,0,0
240601,601,475,0,0,0
240679,625,471,0,0,0
240741,647,463,0,0,0
240819,665,457,0,0,0
240881,681,449,0,0,0
240959,695,439,0,0,0
241037,709,423,0,0,0
241100,717,395,0,0,0
241178,719,365,0,0,0
241240,723,329,0,0,0
241318,723,295,0,0,0
241381,721,267,0,0,0
241459,715,245,0,0,0
241521,707,223,0,0,0
241599,701,205,0,0,0
241661,693,177,0,0,0
241739,671,145,0,0,0
241817,643,121,0,0,0
241880,599,103,0,0,0
241958,547,99,0,0,0
242020,507,97,0,0,0
242098,459,95,0,0,0
242161,419,91,0,0,0
242239,379,85,0,0,0
242301,349,81,0,0,0
242379,317,81,0,0,0
242441,287,81,0,0,0
242519,261,81,0,0,0
242582,243,85,0,0,0
242660,219,91,0,0,0
242722,191,97,0,0,0
242800,167,105,0,0,0
242863,147,117,0,0,0
242941,127,135,0,0,0
243003,113,167,0,0,0
243081,103,205,0,0,0
243143,93,249,0,0,0
243221,91,281,0,0,0
243284,97,309,0,0,0
243362,117,343,0,0,0
243424,143,369,0,0,0
243502,175,395,0,0,0
243565,221,421,0,0,0
243643,271,435,0,0,0
243705,327,447,0,0,0
243783,391,457,0,0,0
243845,441,463,0,0,0
243923,491,463,0,0,0
243986,535,465,0,0,0
244064,577,467,0,0,0
244126,611,467,0,0,0
244204,635,459,0,0,0
244267,659,453,0,0,0
244345,681,445,0,0,0
244407,697,437,0,0,0
244485,709,425,0,0,0
244547,723,401,0,0,0
244625,727,365,0,0,0
244688,731,333,0,0,0
244766,735,299,0,0,0
244828,733,265,0,0,0
244906,723,225,0,0,0
244969,705,181,0,0,0
245047,693,155,0,0,0
245109,673,135,0,0,0
245187,645,119,0,0,0
245250,615,111,0,0,0
245328,573,103,0,0,0
245390,527,95,0,0,0
245468,485,89,0,0,0
245530,447,85,0,0,0
245608,411,83,0,0,0
245671,383,83,0,0,0
245749,351,83,0,0,0
245811,321,83,0,0,0
245889,283,91,0,0,0
245952,249,97,0,0,0
246030,217,103,0,0,0
246092,189,113,0,0,0
246170,157,139,0,0,0
246232,131,175,0,0,0
246310,115,207,0,0,0
246373,103,245,0,0,0
246451,99,295,0,0,0
246513,97,331,0,0,0
246591,129,375,0,0,0
246654,175,421,0,0,0
246732,227,463,0,0,0
246794,287,483,0,0,0
246872,387,493,0,0,0
246934,467,487,0,0,0
247012,517,457,0,0,0
247075,535,413,0,0,0
247153,549,393,0,0,0
247215,555,369,0,0,0
247293,519,347,0,0,0
247356,487,345,0,0,1
247434,487,345,0,0,1
247496,487,345,0,0,1
247574,489,345,0,0,1
247636,491,343,0,0,1
247714,493,343,0,0,1
247777,493,343,0,0,1
247855,493,341,0,0,1
247917,491,339,1,0,1
247995,489,335,1,0,1
248058,487,333,1,0,1
248136,483,327,1,0,1
248198,475,323,1,0,1
248276,469,317,1,0,1
248338,465,315,1,0,1
248416,463,315,1,0,1
248479,463,315,1,0,1
248557,461,315,1,0,1
248619,461,315,1,0,1
248697,459,315,1,0,1
248760,457,311,0,0,1
248838,455,305,0,0,1
248900,455,305,0,0,1
248978,455,305,0,0,1
249040,455,303,0,0,1
249118,463,303,0,0,1
249181,469,301,0,0,1
249259,475,303,0,0,1
249321,483,323,0,0,1
249399,493,341,0,0,1
249462,519,371,0,0,1
249540,535,429,0,0,1
249602,543,469,0,0,1
249680,557,469,0,0,0
249742,591,449,0,0,0
249805,627,395,0,0,0
249883,665,323,0,0,0
249945,679,263,0,0,0
250023,679,223,0,0,0
250086,673,201,0,0,0
250164,669,183,0,0,0
250226,645,155,0,0,0
250304,597,123,0,0,0
250366,541,111,0,0,0
250444,491,107,0,0,0
250507,431,107,0,0,0
250585,369,107,0,0,0
250647,305,103,0,0,0
250725,253,105,0,0,0
250788,215,111,0,0,0
250866,191,117,0,0,0
250928,167,125,0,0,0
251006,145,135,0,0,0
251068,119,163,0,0,0
251146,101,203,0,0,0
251209,97,267,0,0,0
251287,117,321,0,0,0
251349,129,357,0,0,0
251427,143,385,0,0,0
251490,173,421,0,0,0
251568,217,457,0,0,0
251630,277,493,0,0,0
251708,355,515,0,0,0
251770,447,521,0,0,0
251848,507,523,0,0,0
251911,555,529,0,0,0
251989,591,535,0,0,0
252051,625,539,0,0,0
252129,645,539,0,0,0
252192,661,539,0,0,0
252270,671,541,0,0,0
252332,681,543,0,0,0
252410,689,543,0,0,0
252472,691,543,0,0,0
252550,691,543,0,0,0
252613,691,543,0,0,0
252691,691,543,0,0,0
252753,691,543,0,0,0
252831,691,545,0,0,0
252894,691,545,0,0,0
252972,691,545,0,0,0
253034,691,545,0,0,0
253112,689,545,0,0,0
253174,689,545,0,0,0
253237,689,545,0,0,0
253315,689,545,0,0,0
253377,689,545,0,0,0
253455,689,545,0,0,0
253518,687,545,0,0,0
253596,687,545,0,0,0
253658,687,545,0,0,0
253736,687,545,0,0,0
253798,685,545,0,0,0
253876,685,545,0,0,0
253939,685,545,0,0,0
254017,685,545,0,0,0
254079,685,545,0,0,0
254157,683,543,0,0,0
254235,683,543,0,0,0
254298,683,543,0,0,0
254360,683,543,0,0,0
254438,683,543,0,0,0
