31,135,527,0,0,0
109,135,527,0,0,0
187,135,527,0,0,0
265,135,527,0,0,0
343,135,527,0,0,0
421,135,527,0,0,0
515,162,494,0,0,0
593,260,416,0,0,0
671,339,347,0,0,0
749,373,311,0,0,0
827,398,290,0,0,0
905,400,289,0,0,0
983,412,286,0,0,0
1061,409,284,0,0,0
1154,392,292,0,0,0
1232,402,294,0,0,1
1310,403,291,0,0,1
1388,404,291,0,0,1
1466,403,290,0,0,1
1544,403,292,0,0,1
1622,405,292,0,0,1
1700,404,290,0,0,1
1794,403,298,0,0,1
1872,404,295,0,0,1
1950,400,299,0,0,1
2028,406,302,0,0,1
2106,404,300,0,0,1
2184,401,310,0,0,1
2262,409,304,0,0,1
2356,395,312,0,0,1
2434,400,313,0,0,1
2512,397,312,0,0,1
2590,399,315,0,0,1
2668,394,312,0,0,1
2746,395,318,0,0,1
2824,401,312,0,0,1
2902,397,315,0,0,1
2995,399,318,0,0,1
3073,395,314,0,0,1
3151,398,321,0,0,1
3229,395,317,0,0,1
3307,393,321,0,0,1
3385,394,318,0,0,1
3463,391,319,0,0,1
3541,395,322,0,0,1
3635,394,322,0,0,1
3713,396,331,0,0,1
3791,398,328,0,0,1
3869,398,329,0,0,1
3947,404,323,0,0,1
4025,400,324,0,0,1
4103,407,324,0,0,1
4181,402,320,0,0,1
4274,404,327,0,0,1
4352,402,322,0,0,1
4430,405,326,0,0,1
4508,406,321,0,0,1
4586,402,323,0,0,1
4664,405,319,0,0,1
4742,399,314,0,0,1
4820,401,315,0,0,1
4914,388,302,0,0,1
4992,386,309,0,0,1
5070,381,304,0,0,1
5148,382,307,0,0,1
5226,389,304,0,0,1
5304,389,306,0,0,1
5382,390,304,0,0,1
5476,386,305,0,0,1
5554,388,306,0,0,1
5632,386,301,0,0,1
5710,393,306,0,0,1
5788,392,299,0,0,1
5866,398,303,0,0,1
5944,400,297,0,0,1
6022,400,304,0,0,1
6115,400,299,0,0,1
6193,394,300,0,0,1
6271,405,302,0,0,1
6349,404,296,0,0,1
6427,408,305,0,0,1
6505,406,297,0,0,1
6583,407,307,0,0,1
6661,410,302,0,0,1
6755,403,305,0,0,1
6833,408,305,0,0,1
6911,402,299,0,0,1
6989,406,306,0,0,1
7067,404,299,0,0,1
7145,400,305,0,0,1
7223,408,302,0,0,1
7301,401,303,0,0,1
7394,406,307,1,0,1
7472,403,300,0,0,1
7550,406,307,0,0,1
7628,406,298,0,0,1
7706,405,304,0,0,1
7784,411,301,0,0,1
7862,397,299,0,0,1
7940,402,304,0,0,1
8034,408,295,0,0,1
8112,411,306,0,0,1
8190,411,299,0,0,1
8268,398,305,0,0,1
8346,407,304,0,0,1
8424,409,293,0,0,1
8502,405,307,0,0,1
8596,416,295,0,0,1
8674,400,299,0,0,1
8752,408,307,0,0,1
8830,408,296,0,0,1
8908,402,306,0,0,1
8986,405,295,0,0,1
9064,401,290,0,0,1
9142,406,296,0,0,1
9235,400,288,0,0,1
9313,378,314,0,0,1
9391,397,309,0,0,1
9469,395,306,0,0,1
9547,402,309,0,0,1
9625,400,302,0,0,1
9703,399,319,0,0,1
9781,411,304,0,0,1
9875,406,308,0,0,1
9953,419,330,0,0,1
10031,423,312,0,0,1
10109,403,318,0,0,1
10187,410,321,0,0,1
10265,410,308,0,0,1
10343,409,323,0,0,1
10421,416,315,0,0,1
10514,406,319,0,0,1
10592,419,325,0,0,1
10670,418,313,0,0,1
10748,411,328,0,0,1
10826,427,316,0,0,1
10904,427,309,0,0,1
10982,418,322,0,0,1
11076,424,310,0,0,1
11154,416,315,0,0,1
11232,431,319,0,0,1
11310,443,305,0,0,1
11388,445,318,0,0,1
11466,448,312,0,0,1
11544,446,317,0,0,1
11622,467,322,0,0,1
11716,466,322,0,0,1
11794,486,337,0,0,1
11872,488,333,0,0,1
11950,495,335,0,0,1
12028,489,328,0,0,1
12106,454,331,0,0,1
12184,453,320,0,0,1
12262,420,310,0,0,1
12355,422,319,0,0,1
12433,428,305,0,0,1
12511,410,316,0,0,1
12589,428,308,0,0,1
12667,425,304,0,0,1
12745,426,313,0,0,1
12823,415,296,0,0,1
12901,411,303,0,0,1
12995,412,298,0,0,1
13073,400,303,0,0,1
13151,408,314,0,0,1
13229,409,301,0,0,1
13307,406,311,0,0,1
13385,407,308,0,0,1
13463,402,309,0,0,1
13541,409,315,0,0,1
13635,408,306,0,0,1
13713,410,317,0,0,1
13791,413,311,0,0,1
13869,405,312,0,0,1
13947,415,315,0,0,1
14025,417,310,0,0,1
14103,420,326,0,0,1
14196,422,317,0,0,1
14274,414,324,0,0,1
14352,422,324,0,0,1
14430,418,317,0,0,1
14508,414,335,0,0,1
14586,416,326,0,0,1
14664,411,335,0,0,1
14742,423,345,0,0,1
14836,443,335,0,0,1
14914,418,347,0,0,1
14992,428,345,0,0,1
15070,417,328,0,0,1
15148,418,352,0,0,1
15226,430,333,0,0,1
15304,408,340,0,0,1
15382,411,355,0,0,1
15475,399,338,0,0,1
15553,393,358,0,0,1
15631,408,351,0,0,1
15709,397,359,0,0,1
15787,410,370,0,0,1
15865,408,367,0,0,1
15943,543,372,0,0,1
16021,559,350,0,0,1
16115,561,366,0,0,1
16193,568,351,0,0,1
16271,558,344,0,0,1
16349,566,356,0,0,1
16427,557,336,0,0,1
16505,540,347,0,0,1
16583,543,336,0,0,1
16661,517,334,0,0,1
16755,519,337,0,0,1
16833,510,328,0,0,1
16911,502,340,0,0,1
16989,501,332,0,0,1
17067,480,349,0,0,1
17145,484,350,0,0,1
17223,473,340,0,0,1
17316,467,359,0,0,1
17394,470,348,0,0,1
17472,455,359,0,0,1
17550,457,361,0,0,1
17628,445,353,0,0,1
17706,448,361,0,0,1
17784,446,346,0,0,1
17862,426,346,0,0,1
17956,437,342,0,0,1
18034,419,337,0,0,1
18112,412,347,0,0,1
18190,415,343,0,0,1
18268,360,360,0,0,1
18346,286,374,0,0,1
18424,283,384,0,0,0
18502,301,412,0,0,0
18595,411,436,0,0,0
18673,506,443,0,0,0
18751,556,437,0,0,0
18829,605,422,0,0,0
18907,635,398,0,0,0
18985,636,369,0,0,0
19063,629,335,0,0,0
19141,622,309,0,0,0
19235,621,282,0,0,0
19313,603,261,0,0,0
19391,583,249,0,0,0
19469,536,237,0,0,0
19547,505,228,0,0,0
19625,421,157,0,0,0
19703,355,144,0,0,0
19797,316,187,0,0,0
19875,339,287,0,0,0
19953,389,341,0,0,1
20031,413,342,0,0,1
20109,379,366,0,0,1
20187,426,407,0,0,1
20265,475,360,0,0,1
20343,418,376,0,0,1
20436,443,390,0,0,1
20514,452,346,0,0,1
20592,369,358,0,0,1
20670,399,370,0,0,1
20748,396,337,0,0,1
20826,390,370,0,0,1
20904,425,366,0,0,1
20982,410,321,0,0,1
21076,387,351,0,0,1
21154,455,346,0,0,1
21232,437,312,0,0,1
21310,342,330,0,0,1
21388,378,331,0,0,1
21466,380,308,0,0,1
21544,355,293,0,0,1
21622,297,285,0,0,1
21715,214,224,0,0,0
21793,175,186,0,0,0
21871,190,167,0,0,0
21949,258,142,0,0,0
22027,327,137,0,0,0
22105,390,142,0,0,0
22183,462,158,0,0,0
22261,495,175,0,0,0
22355,529,208,0,0,0
22433,554,247,0,0,0
22511,568,307,0,0,0
22589,568,364,0,0,0
22667,556,426,0,0,0
22745,520,458,0,0,0
22823,466,476,0,0,0
22917,411,480,0,0,0
22995,356,482,0,0,0
23073,293,484,0,0,0
23151,268,441,0,0,0
23229,291,322,0,0,0
23307,333,186,0,0,0
23385,351,122,0,0,0
23463,352,117,0,0,0
23556,311,91,0,0,0
23634,308,86,0,0,0
23712,308,85,0,0,1
23790,316,86,0,0,1
23868,318,88,0,0,1
23946,320,87,0,0,1
24024,323,88,0,0,1
24102,325,88,0,0,1
24196,329,104,0,0,1
24274,338,113,0,0,1
24352,335,131,0,0,1
24430,342,137,0,0,1
24508,341,138,0,0,1
24586,345,140,0,0,1
24664,346,143,0,0,1
24742,359,149,0,0,1
24835,360,153,0,0,1
24913,360,157,0,0,1
24991,360,160,0,0,1
25069,359,165,0,0,1
25147,363,173,0,0,1
25225,374,178,0,0,1
25303,372,183,0,0,1
25397,369,179,0,0,1
25475,373,190,0,0,1
25553,377,186,0,0,1
25631,370,194,0,0,1
25709,378,198,0,0,1
25787,370,197,0,0,1
25865,375,202,0,0,1
25943,370,200,0,0,1
26037,375,199,0,0,1
26115,370,194,0,0,1
26193,374,203,0,0,1
26271,372,193,0,0,1
26349,376,205,0,0,1
26427,376,202,0,0,1
26505,370,216,0,0,1
26583,381,216,0,0,1
26676,365,217,0,0,1
26754,364,204,0,0,1
26832,323,137,0,0,1
26910,319,137,0,0,1
26988,321,125,0,0,1
27066,302,127,0,0,1
27144,332,131,0,0,1
27222,328,138,0,0,1
27316,339,162,0,0,1
27394,330,158,0,0,1
27472,328,173,0,0,1
27550,333,171,0,0,1
27628,328,184,0,0,1
27706,337,181,0,0,1
27784,326,180,0,0,1
27862,337,185,0,0,1
27955,337,177,0,0,1
28033,335,192,0,0,1
28111,339,186,0,0,1
28189,333,190,0,0,1
28267,338,185,0,0,1
28345,329,186,0,0,1
28423,334,189,0,0,1
28517,329,177,0,0,1
28595,333,189,0,0,1
28673,334,176,0,0,1
28751,324,184,0,0,1
28829,332,188,0,0,1
28907,326,180,0,0,1
28985,325,193,0,0,1
29063,332,183,0,0,1
29157,330,184,0,0,1
29235,335,180,0,0,1
29313,326,175,0,0,1
29391,329,182,0,0,1
29469,327,168,0,0,1
29547,327,176,0,0,1
29625,330,169,0,0,1
29718,324,163,0,0,1
29796,334,171,0,0,1
29874,325,151,0,0,1
29952,315,161,0,0,1
30030,322,154,0,0,1
30108,315,141,0,0,1
30186,318,145,0,0,1
30264,318,128,0,0,1
30358,316,136,0,0,1
30436,318,132,0,0,1
30514,309,138,0,0,1
30592,314,150,0,0,1
30670,311,137,0,0,1
30748,316,145,0,0,1
30826,315,139,0,0,1
30904,307,138,0,0,1
30997,312,143,0,0,1
31075,306,128,0,0,1
31153,314,138,0,0,1
31231,312,129,0,0,1
31309,303,133,0,0,1
31387,311,134,0,0,1
31465,305,120,0,0,1
31543,307,133,0,0,1
31637,308,118,0,0,1
31715,303,122,0,0,1
31793,308,130,0,0,1
31871,303,117,0,0,1
31949,304,134,0,0,1
32027,302,128,0,0,1
32105,298,122,0,0,1
32183,309,140,0,0,1
32277,309,140,0,0,1
32355,324,177,0,0,1
32433,326,182,0,0,1
32511,322,185,0,0,1
32589,321,185,0,0,1
32667,316,183,0,0,1
32745,322,194,0,0,1
32838,321,194,0,0,1
32916,323,202,0,0,1
32994,310,176,0,0,1
33072,289,135,0,0,1
33150,289,135,0,0,1
33228,282,122,0,0,1
33306,281,122,0,0,1
33384,272,108,0,0,1
33478,261,94,0,0,1
33556,272,108,0,0,1
33634,268,101,0,0,1
33712,266,96,0,0,1
33790,273,105,0,0,1
33868,268,91,0,0,1
33946,267,87,0,0,1
34024,275,93,0,0,1
34117,268,83,0,0,1
34195,272,93,0,0,1
34273,278,98,0,0,1
34351,271,88,0,0,1
34429,279,101,0,0,1
34507,281,95,0,0,1
34585,275,85,0,0,1
34663,291,106,0,0,1
34757,286,98,0,0,1
34835,286,103,0,0,1
34913,288,105,0,0,1
34991,286,95,0,0,1
35069,297,108,0,0,1
35147,297,101,0,0,1
35225,303,109,0,0,1
35319,311,113,0,0,1
35397,317,111,0,0,1
35475,338,128,0,0,1
35553,338,128,0,0,1
35631,357,144,0,0,1
35709,363,143,0,0,1
35787,354,130,0,0,1
35865,359,138,0,0,1
35958,354,128,0,0,1
36036,349,123,0,0,1
36114,361,137,0,0,1
36192,356,116,0,0,1
36270,358,132,0,0,1
36348,361,133,0,0,1
36426,357,123,0,0,1
36504,373,146,0,0,1
36598,371,138,0,0,1
36676,371,148,0,0,1
36754,380,168,0,0,1
36832,379,166,0,0,1
36910,384,183,0,0,1
36988,384,185,0,0,1
37066,391,201,0,0,1
37159,392,188,0,0,1
37237,393,195,0,0,1
37315,399,197,0,0,1
37393,395,191,0,0,1
37471,427,226,0,0,1
37549,446,240,0,0,1
37627,481,289,0,0,1
37705,481,291,0,0,1
37799,477,302,0,0,1
37877,478,306,0,0,1
37955,478,313,0,0,1
38033,484,318,0,0,1
38111,475,315,0,0,1
38189,458,319,0,0,1
38267,472,315,0,0,1
38345,464,326,0,0,1
38439,469,322,0,0,1
38517,457,316,0,0,1
38595,461,317,0,0,1
38673,444,310,0,0,1
38751,448,320,0,0,1
38829,439,312,0,0,1
38907,451,300,0,0,1
38985,445,230,0,0,1
39078,438,235,0,0,1
39156,438,225,0,0,1
39234,429,222,0,0,1
39312,432,234,0,0,1
39390,424,218,0,0,1
39468,423,241,0,0,1
39546,433,233,0,0,1
39624,418,241,0,0,1
39718,422,245,0,0,1
39796,418,240,1,0,1
39874,424,250,0,0,1
39952,422,244,0,0,1
40030,419,256,0,0,1
40108,422,251,0,0,1
40186,414,250,0,0,1
40279,416,256,0,0,1
40357,408,243,0,0,1
40435,405,254,0,0,1
40513,408,249,0,0,1
40591,401,252,0,0,1
40669,405,257,1,0,1
40747,398,248,1,0,1
40825,397,265,1,0,1
40919,400,252,1,0,1
40997,382,244,1,0,1
41075,387,226,1,0,1
41153,375,194,1,0,1
41231,371,198,1,0,1
41309,355,191,1,0,1
41387,351,206,1,0,1
41481,356,206,1,0,1
41559,339,227,1,0,1
41637,342,234,1,0,1
41715,334,233,1,0,1
41793,332,239,1,0,1
41871,326,227,1,0,1
41949,324,239,1,0,1
42027,331,233,0,0,1
42120,320,235,1,0,1
42198,320,240,1,0,1
42276,318,232,1,0,1
42354,317,242,1,0,1
42432,331,214,1,0,1
42510,322,207,1,0,1
42588,329,212,1,0,1
42666,325,198,1,0,1
42760,327,210,1,0,1
42838,330,197,1,0,1
42916,315,195,1,0,1
42994,317,204,1,0,1
43072,312,187,1,0,1
43150,306,199,1,0,1
43228,311,183,1,0,1
43306,292,174,1,0,1
43399,295,181,1,0,1
43477,296,163,0,0,1
43555,292,173,0,0,1
43634,295,169,0,0,1
43712,286,165,0,0,1
43790,282,178,0,0,1
43868,286,163,0,0,1
43946,274,178,0,0,1
44039,285,176,0,0,1
44117,276,167,0,0,1
44195,276,181,0,0,1
44273,275,167,0,0,1
44351,264,175,0,0,1
44429,282,181,0,0,1
44507,289,185,0,0,1
44601,297,222,0,0,1
44679,305,225,0,0,1
44757,293,234,1,0,1
44835,323,241,1,0,1
44913,345,246,1,0,1
44991,360,250,1,0,1
45069,381,264,1,0,1
45147,384,289,1,0,1
45240,447,301,1,0,1
45318,438,303,1,0,1
45396,440,304,1,0,1
45474,439,307,1,0,1
45552,430,316,1,0,1
45630,424,312,1,0,1
45708,415,324,1,0,1
45786,420,320,1,0,1
45880,415,327,1,0,1
45958,422,332,1,0,1
46036,416,327,1,0,1
46114,415,329,1,0,1
46192,406,323,1,0,1
46270,356,325,1,0,1
46348,334,278,1,0,1
46426,244,236,1,0,1
46520,242,200,1,0,1
46598,190,153,1,0,1
46676,188,151,1,0,1
46754,183,140,1,0,1
46832,176,143,1,0,1
46910,178,131,1,0,1
46988,173,137,1,0,1
47081,177,141,1,0,1
47159,170,127,1,0,1
47237,172,133,1,0,1
47315,175,121,1,0,1
47393,171,121,1,0,1
47471,177,123,1,0,1
47549,178,117,1,0,1
47627,183,123,1,0,1
47721,183,117,1,0,1
47799,172,130,1,0,1
47877,173,126,1,0,1
47955,167,122,1,0,1
48033,165,133,1,0,1
48111,129,114,1,0,1
48189,132,124,1,0,1
48267,141,120,1,0,1
48360,140,136,1,0,1
48438,196,158,1,0,1
48516,194,166,1,0,1
48594,232,227,1,0,1
48672,282,248,1,0,1
48750,278,274,1,0,1
48828,340,281,1,0,1
48906,334,294,1,0,1
49000,365,307,1,0,1
49078,365,306,1,0,1
49156,393,309,1,0,1
49234,424,298,1,0,1
49312,433,316,1,0,1
49390,482,315,1,0,1
49468,480,322,1,0,1
49546,499,333,1,0,1
49640,505,333,1,0,1
49718,511,342,1,0,1
49796,513,340,1,0,1
49874,513,337,1,0,1
49952,513,337,1,0,1
50030,517,330,1,0,1
50108,512,311,1,0,0
50201,510,310,1,0,0
50279,509,310,1,0,0
50357,509,310,1,0,0
50435,509,310,1,0,0
50513,509,310,1,0,0
50591,509,310,1,0,0
50669,508,310,1,2,0
50747,508,310,1,0,0
50841,508,310,1,0,0
50919,508,311,1,0,0
50997,508,311,1,0,0
51075,508,311,1,0,0
51153,508,311,1,0,0
51231,508,311,1,0,0
51309,507,311,1,0,0
51387,505,307,1,0,0
51480,493,303,1,0,0
51558,482,300,1,0,0
51636,477,300,1,0,0
51714,467,299,1,0,0
51792,454,298,1,0,0
51870,432,298,1,0,0
51948,417,296,1,0,0
52026,395,295,1,0,0
52120,380,295,1,0,0
52198,362,295,1,0,0
52276,338,295,1,0,0
52354,310,293,1,0,0
52432,279,293,1,0,0
52510,255,293,1,0,0
52588,239,294,1,0,0
52666,235,297,1,0,0
52760,232,308,1,0,0
52838,239,324,1,0,0
52916,261,333,1,0,0
52994,292,338,1,0,0
53072,321,338,1,0,0
53150,359,336,1,0,0
53228,410,327,1,0,0
53321,450,314,1,0,0
53399,490,305,1,0,0
53477,518,302,1,0,0
53555,535,307,1,0,0
53633,561,324,1,0,0
53711,567,338,1,0,0
53789,580,362,1,0,0
53867,589,382,1,0,0
53961,585,391,1,0,0
54039,574,396,1,0,0
54117,570,394,1,0,0
54195,559,373,1,0,0
54273,543,342,1,0,0
54351,526,319,1,0,0
54429,500,301,1,0,0
54507,457,286,1,0,0
54600,424,279,1,0,0
54678,399,278,1,0,0
54756,363,281,1,0,0
54834,306,304,1,0,0
54912,266,328,1,0,0
54990,226,355,1,0,0
55068,199,375,1,0,0
55146,194,378,1,0,0
55240,194,377,1,0,0
55318,216,357,1,0,0
55396,239,334,1,0,0
55474,261,315,1,0,0
55552,290,293,1,0,0
55630,319,281,1,0,0
55708,342,272,1,0,0
55802,386,265,1,0,0
55880,421,264,1,0,0
55958,497,273,1,0,0
56036,547,293,1,0,0
56114,584,324,1,0,0
56192,617,358,1,0,0
56270,624,388,1,0,0
56348,614,416,1,0,0
56441,587,446,1,0,0
56519,541,455,1,0,0
56597,493,456,1,0,0
56675,449,457,1,0,0
56753,395,454,1,0,0
56831,340,443,1,0,0
56909,289,422,1,0,0
56987,245,393,1,0,0
57081,224,367,1,0,0
57159,212,335,1,0,0
57237,209,302,1,0,0
57315,234,261,1,0,0
57393,271,236,1,0,0
57471,305,206,1,0,0
57549,337,175,1,0,0
57627,352,173,1,0,0
57720,365,174,1,0,0
57798,380,176,1,0,0
57876,381,177,1,0,0
57954,381,183,1,0,0
58032,381,189,1,0,0
58110,387,195,1,0,1
58188,389,199,1,0,1
58266,392,202,1,0,1
58360,395,203,1,0,1
58438,399,208,1,0,1
58516,400,209,1,0,1
58594,400,209,1,0,1
58672,401,209,1,0,1
58750,407,203,1,0,1
58828,413,205,1,0,1
58922,442,228,1,0,1
59000,486,272,1,0,1
59078,522,320,1,0,1
59156,532,335,1,0,1
59234,535,347,1,0,0
59312,535,368,1,0,0
59390,521,386,1,0,0
59468,507,401,1,0,0
59561,488,412,1,0,0
59639,468,416,1,0,0
59717,433,417,1,0,0
59795,403,417,1,0,0
59873,370,411,1,0,0
59951,335,409,1,0,0
60029,304,404,1,0,0
60107,285,398,1,0,0
60201,265,389,1,0,0
60279,249,372,1,0,0
60357,232,337,1,0,0
60435,230,297,1,0,0
60513,245,255,1,0,0
60591,293,214,1,0,0
60669,357,176,1,1,0
60747,374,161,1,0,0
60840,383,154,1,0,0
60918,392,153,1,0,0
60996,395,152,1,0,0
61074,396,152,1,0,0
61152,396,158,1,0,0
61230,396,166,1,0,1
61308,396,174,1,0,1
61402,395,190,1,0,1
61480,395,198,1,0,1
61558,397,210,1,0,1
61636,397,217,1,0,1
61714,397,231,1,0,1
61792,397,237,1,0,1
61870,399,246,1,0,1
61948,399,251,1,0,1
62042,399,257,1,0,1
62120,399,263,1,0,1
62198,398,264,1,0,1
62276,397,265,1,0,1
62354,396,268,1,0,1
62432,393,268,1,0,1
62510,388,268,1,0,1
62588,387,268,1,0,1
62681,386,268,1,0,1
62759,383,259,1,0,1
62837,375,237,1,0,1
62915,353,202,1,0,1
62993,347,192,1,0,1
63071,344,192,1,0,1
63149,337,196,1,0,1
63227,340,191,1,0,1
63321,330,212,1,0,1
63399,339,215,1,0,1
63477,339,212,1,0,1
63555,338,228,1,0,1
63633,343,224,1,0,1
63711,331,237,1,0,1
63789,358,232,1,0,1
63867,345,225,1,0,1
63960,342,241,1,0,1
64038,346,235,1,0,1
64116,344,242,1,0,1
64194,347,240,1,0,1
64272,343,243,1,0,1
64350,365,240,1,0,1
64428,359,232,1,0,1
64522,362,243,1,0,1
64600,364,236,1,0,1
64678,361,246,1,0,1
64756,373,243,1,0,1
64834,370,247,1,0,1
64912,382,248,1,0,1
64990,380,247,1,0,1
65068,399,247,1,0,1
65162,395,246,1,0,1
65240,399,255,1,0,1
65318,400,249,1,0,1
65396,402,269,1,0,1
65474,401,260,1,0,1
65552,394,270,1,0,1
65630,401,266,1,0,1
65708,394,267,1,0,1
65801,405,274,1,0,1
65879,397,268,1,0,1
65957,396,275,1,0,1
66035,400,263,1,0,1
66113,397,272,1,0,1
66191,403,270,1,0,1
66269,397,270,1,0,1
66347,411,279,1,0,1
66441,416,272,1,0,1
66519,422,282,1,0,1
66597,426,275,1,0,1
66675,421,283,1,0,1
66753,422,281,1,0,1
66831,422,278,1,0,1
66909,427,283,1,0,1
66987,414,276,1,0,1
67080,418,292,1,0,1
67158,423,266,1,0,1
67236,419,280,1,0,1
67314,426,280,0,0,1
67392,421,273,0,0,1
67470,425,282,0,0,1
67548,416,275,0,0,1
67642,419,288,0,0,1
67720,428,278,0,0,1
67798,416,282,0,0,1
67876,419,280,0,0,1
67954,417,276,0,0,1
68032,427,280,0,0,1
68110,415,271,0,0,1
68188,418,278,0,0,1
68282,417,268,0,0,1
68360,413,274,0,0,1
68438,423,269,0,0,1
68516,413,261,0,0,1
68594,420,268,0,0,1
68672,422,255,0,0,1
68750,426,257,0,0,1
68828,437,248,0,0,1
68921,422,256,0,0,1
68999,442,245,0,0,1
69077,443,229,0,0,1
69155,444,240,0,0,1
69233,450,231,0,0,1
69311,445,239,0,0,1
69389,447,231,0,0,1
69467,431,231,0,0,1
69561,445,227,0,0,1
69639,435,214,0,0,1
69717,431,225,0,0,1
69795,428,205,0,0,1
69873,418,196,1,0,1
69951,423,187,1,0,1
70029,421,189,1,0,1
70122,426,192,1,0,1
70200,415,182,1,0,1
70278,403,194,1,0,1
70356,405,184,1,0,1
70434,390,201,1,0,1
70512,396,200,1,0,1
70590,368,213,1,0,1
70668,330,265,1,0,1
70762,322,266,1,0,1
70840,256,300,1,0,1
70918,268,305,1,0,1
70996,262,305,1,0,1
71074,259,316,1,0,1
71152,263,311,1,0,1
71230,248,327,1,0,1
71308,259,328,1,0,1
71402,249,326,1,0,1
71480,265,328,1,0,1
71558,269,317,1,0,1
71636,267,329,1,0,1
71714,284,318,1,0,1
71792,268,329,1,0,1
71870,287,323,1,0,1
71948,270,317,1,0,1
72041,260,325,1,0,1
72119,246,312,1,0,1
72197,245,323,1,0,1
72275,257,316,1,0,1
72353,245,319,1,0,1
72431,257,322,1,0,1
72509,252,315,1,0,1
72587,246,330,1,0,1
72681,254,323,1,0,1
72759,247,328,1,0,1
72837,264,321,1,0,1
72915,257,318,1,0,1
72993,276,329,1,0,1
73071,283,322,1,0,1
73149,304,342,1,0,1
73242,321,341,1,0,1
73320,304,348,1,0,1
73398,308,339,1,0,1
73476,302,345,1,0,1
73554,308,339,1,0,1
73632,287,333,1,0,1
73710,292,338,0,0,1
73788,292,328,0,0,1
73882,286,336,0,0,1
73960,290,329,0,0,1
74038,279,328,0,0,1
74116,285,331,0,0,1
74194,277,311,0,0,1
74272,269,322,0,0,1
74350,280,321,0,0,1
74428,273,314,0,0,1
74522,273,327,0,0,1
74600,270,317,1,0,1
74678,252,322,1,0,1
74756,256,320,1,0,1
74834,239,303,1,0,1
74912,237,317,1,0,1
74990,243,307,1,0,1
75068,234,308,1,0,1
75161,240,310,1,0,1
75239,236,301,1,0,1
75317,240,313,1,0,1
75395,241,301,1,0,1
75473,223,302,1,0,1
75551,233,306,0,0,1
75629,224,290,0,0,1
75707,222,302,0,0,1
75801,230,291,0,0,1
75879,212,277,0,0,1
75957,206,287,0,0,1
76035,210,270,0,0,1
76113,203,274,0,0,1
76191,208,272,0,0,1
76269,188,255,0,0,1
76363,174,262,1,0,1
76441,174,239,1,0,1
76519,164,236,1,0,1
76597,175,236,1,0,1
76675,167,224,1,0,1
76753,160,235,1,0,1
76831,162,213,1,0,1
76909,114,193,1,0,1
77002,107,193,0,0,1
77080,123,193,0,0,1
77158,170,210,0,0,1
77236,202,223,0,0,1
77314,208,225,0,0,1
77392,218,234,0,0,1
77470,220,233,0,0,1
77548,222,233,0,0,1
77642,248,228,0,0,0
77720,288,231,0,0,0
77798,355,236,0,0,0
77876,431,247,0,0,0
77954,526,266,0,0,0
78032,589,292,0,0,0
78110,639,330,0,0,0
78188,666,356,0,0,0
78281,675,367,0,0,0
78359,682,374,0,0,0
78437,681,374,0,0,0
78515,675,371,0,0,0
78593,658,347,0,0,0
78671,641,316,0,0,0
78749,588,277,0,0,0
78843,502,247,0,0,0
78921,443,242,0,0,0
78999,398,242,0,0,0
79077,357,245,0,0,0
79155,305,248,0,0,0
79233,245,257,0,0,0
79311,179,266,0,0,0
79389,191,226,0,0,0
79483,195,178,0,0,0
79561,197,167,0,0,0
79639,187,166,0,0,0
79717,182,166,0,0,0
79795,182,164,0,0,1
79873,203,172,0,0,1
79951,224,186,0,0,1
80029,253,218,0,0,1
80122,262,241,0,0,1
80200,271,259,0,0,1
80278,301,284,0,0,1
80356,329,308,0,0,1
80434,352,331,0,0,1
80512,369,352,0,0,1
80590,401,393,0,0,1
80668,416,413,0,0,1
80762,420,428,0,0,1
80840,423,447,0,0,1
80918,423,447,0,0,1
80996,423,447,0,0,1
81074,421,437,0,0,1
81152,403,384,0,0,0
81230,384,304,0,0,0
81308,383,235,0,0,0
81401,376,201,0,0,0
81479,359,162,0,0,0
81557,334,132,0,0,0
81635,323,119,0,0,0
81713,315,107,0,0,0
81791,293,94,0,0,0
81869,290,84,0,0,0
81963,281,79,0,0,0
82041,246,106,0,0,0
82119,248,115,0,0,0
82197,254,113,0,0,0
82275,271,129,0,0,1
82353,284,154,0,0,1
82431,283,173,0,0,1
82509,301,214,0,0,1
82603,308,221,0,0,1
82681,330,248,0,0,1
82759,343,256,0,0,1
82837,343,256,0,0,1
82915,363,268,0,0,1
82993,366,270,0,0,1
83071,382,282,0,0,1
83149,392,288,0,0,1
83242,395,292,0,0,1
83320,405,306,0,0,1
83398,400,307,0,0,1
83476,395,306,0,0,1
83554,394,306,0,0,1
83632,398,303,0,0,1
83710,398,303,0,0,1
83788,399,303,0,0,1
83882,399,303,0,0,1
83960,399,303,0,0,1
84038,399,303,0,0,1
84116,399,303,0,0,1
84194,399,303,0,0,0
84272,400,303,0,0,0
84350,400,303,0,0,0
84443,401,304,0,0,0
84521,402,304,0,0,0
84599,403,302,0,3,0
84677,406,283,0,0,0
84755,408,266,0,0,0
84833,407,226,0,0,0
84911,410,204,0,0,0
84989,417,196,0,0,0
85083,421,193,0,0,0
85161,426,188,0,0,0
85239,432,183,0,0,1
85317,438,178,0,0,1
85395,439,178,0,0,1
85473,444,176,1,0,1
85551,444,175,0,0,1
85629,452,180,0,0,1
85723,452,170,0,0,1
85801,452,173,0,0,1
85879,460,176,0,0,1
85957,457,166,0,0,1
86035,458,167,0,0,1
86113,465,158,0,0,1
86191,462,160,0,0,1
86284,470,165,0,0,1
86362,470,162,1,0,1
86440,471,169,1,0,1
86518,476,163,1,0,1
86596,472,165,1,0,1
86674,475,167,1,0,1
86752,472,157,1,0,1
86830,465,165,1,0,1
86924,474,162,1,0,1
87002,470,160,1,0,1
87080,469,168,1,0,1
87158,478,157,0,0,1
87236,469,165,0,0,1
87314,477,164,0,0,1
87392,470,154,0,0,1
87470,462,162,0,0,1
87563,474,156,0,0,1
87641,468,148,0,0,1
87719,470,157,0,0,1
87797,477,154,0,0,1
87875,468,154,0,0,1
87953,469,166,0,0,1
88031,471,155,0,0,1
88109,464,168,0,0,1
88203,470,164,1,0,1
88281,465,161,1,0,1
88359,467,170,1,0,1
88437,469,162,1,0,1
88515,465,169,1,0,1
88593,469,170,1,0,1
88671,463,162,1,0,1
88765,444,174,1,0,1
88843,453,173,1,0,1
88921,446,167,1,0,1
88999,444,176,0,0,1
89077,444,170,0,0,1
89155,432,179,0,0,1
89233,441,187,0,0,1
89311,436,177,0,0,1
89404,430,183,0,0,1
89482,445,177,0,0,1
89560,440,175,0,0,1
89638,440,178,0,0,1
89716,429,172,1,0,1
89794,422,182,1,0,1
89872,432,171,1,0,1
89950,423,172,1,0,1
90044,423,181,1,0,1
90122,417,169,1,0,1
90200,400,185,1,0,1
90278,406,186,1,0,1
90356,404,181,1,0,1
90434,403,199,1,0,1
90512,405,199,0,0,1
90590,404,197,0,0,1
90683,419,186,0,0,1
90761,416,182,0,0,1
90839,419,190,0,0,1
90917,423,168,0,0,1
90995,414,173,0,0,1
91073,416,175,0,0,1
91151,411,162,0,0,1
91229,414,179,1,0,1
91323,429,167,1,0,1
91401,422,158,1,0,1
91479,419,173,1,0,1
91557,431,158,1,0,1
91635,419,148,1,0,1
91713,415,165,1,0,1
91791,429,151,1,0,1
91885,416,149,1,0,1
91963,416,174,1,0,1
92041,426,163,0,0,1
92119,415,162,0,0,1
92197,422,218,0,0,1
92275,427,234,0,0,1
92353,379,285,0,0,1
92431,390,279,0,0,1
92524,394,274,0,0,1
92602,397,294,0,0,1
92680,397,293,0,0,1
92758,390,286,0,0,1
92836,408,279,0,0,1
92914,415,267,0,0,1
92992,413,274,0,0,1
93070,409,268,0,0,1
93164,409,282,0,0,1
93242,414,279,1,0,1
93320,409,273,1,0,1
93398,409,284,1,0,1
93476,409,270,1,0,1
93554,401,274,1,0,1
93632,408,277,1,0,1
93710,404,263,1,0,1
93803,405,274,1,0,1
93881,409,266,1,0,1
93959,406,265,0,0,1
94037,411,273,0,0,1
94115,410,263,0,0,1
94193,402,273,0,0,1
94271,418,265,0,0,1
94349,414,260,0,0,1
94443,408,275,0,0,1
94521,413,269,0,0,1
94599,406,271,0,0,1
94677,410,281,0,0,1
94755,417,270,0,0,1
94833,391,275,1,0,1
94911,395,280,1,0,1
95005,401,264,1,0,1
95083,392,275,1,0,1
95161,397,274,1,0,1
95239,392,264,1,0,1
95317,379,276,1,0,1
95395,388,271,1,0,1
95473,381,259,1,0,1
95551,374,274,1,0,1
95644,387,262,1,0,1
95722,379,255,0,0,1
95800,374,271,0,0,1
95878,376,260,0,0,1
95956,368,264,0,0,1
96034,373,274,0,0,1
96112,372,261,0,0,1
96190,359,272,0,0,1
96284,365,270,0,0,1
96362,353,259,0,0,1
96440,357,276,0,0,1
96518,381,272,0,0,1
96596,374,281,0,0,1
96674,405,294,0,0,1
96752,404,285,0,0,1
96830,408,312,0,0,1
96923,429,304,0,0,1
97001,429,300,0,0,1
97079,439,306,0,0,1
97157,453,293,0,0,1
97235,437,308,0,0,1
97313,439,299,0,0,1
97391,428,287,0,0,1
97485,442,298,0,0,1
97563,456,289,0,0,1
97641,458,304,0,0,1
97719,470,290,0,0,1
97797,460,288,0,0,1
97875,475,286,0,0,1
97953,480,271,0,0,1
98031,501,283,0,0,1
98125,527,265,0,0,1
98203,526,275,0,0,1
98281,547,266,0,0,1
98359,544,254,0,0,1
98437,554,272,0,0,1
98515,569,250,1,0,1
98593,563,247,0,0,1
98671,570,259,0,0,1
98764,572,246,0,0,1
98842,571,253,0,0,1
98920,581,257,0,0,1
98998,582,241,0,0,1
99076,574,261,0,0,1
99154,596,250,0,0,1
99232,587,239,0,0,1
99310,588,251,1,0,1
99404,599,231,1,0,1
99482,588,230,1,0,1
99560,586,248,1,0,1
99638,606,229,1,0,1
99716,595,225,1,0,1
99794,599,250,1,0,1
99872,623,233,1,0,1
99950,599,227,0,0,1
100043,586,249,0,0,1
100121,600,231,0,0,1
100199,573,239,0,0,1
100277,573,264,0,0,1
100355,587,239,0,0,1
100433,568,242,0,0,1
100511,570,263,0,0,1
100605,577,251,0,0,1
100683,537,268,0,0,1
100761,540,282,1,0,1
100839,550,263,1,0,1
100917,514,291,1,0,1
100995,522,306,1,0,1
101073,526,282,1,0,1
101151,472,301,1,0,1
101245,464,325,1,0,1
101323,498,311,1,0,1
101401,480,321,1,0,1
101479,479,329,0,0,1
101557,470,309,0,0,1
101635,466,323,0,0,1
101713,466,314,0,0,1
101791,381,292,0,0,1
101884,364,306,0,0,1
101962,363,306,0,0,1
102040,358,305,0,0,1
102118,360,304,0,0,1
102196,361,303,0,0,1
102274,363,302,0,0,1
102352,364,302,0,0,1
102430,364,302,0,0,1
102524,364,302,0,0,1
102602,366,302,0,0,1
102680,372,302,0,0,1
102758,390,303,0,0,1
102836,397,303,0,0,1
102914,409,295,0,0,1
102992,421,286,0,0,1
103070,421,285,0,0,1
103163,421,285,0,0,1
103241,421,287,0,0,1
103319,421,287,0,0,1
103397,424,286,0,0,1
103475,424,286,0,0,1
103553,425,283,0,0,1
103631,432,276,0,0,1
103725,447,262,0,0,1
103803,453,253,0,0,1
103881,455,248,0,0,1
103959,456,244,0,0,1
104037,456,243,0,0,1
104115,456,243,0,0,1
104193,454,242,0,0,1
104271,454,241,0,0,1
104365,453,240,0,0,1
104443,452,239,0,0,1
104521,452,239,0,0,1
104599,452,239,0,0,1
104677,451,237,0,0,1
104755,451,234,0,0,1
104833,450,231,0,0,1
104911,448,230,0,0,1
105004,447,230,0,0,1
105082,444,230,0,0,1
105160,437,232,0,0,1
105238,437,232,0,0,1
105316,437,232,0,0,1
105394,437,232,0,0,1
105472,437,232,0,0,1
105550,437,232,0,0,1
105644,437,232,0,0,1
105722,439,229,0,0,1
105800,441,227,0,0,1
105878,443,225,0,0,1
105956,447,222,0,0,1
106034,449,220,0,0,1
106112,451,218,0,0,1
106206,453,214,0,0,1
106284,455,210,0,0,1
106362,457,207,0,0,1
106440,458,205,0,0,1
106518,458,198,0,0,1
106596,458,196,0,0,1
106674,458,191,0,0,1
106752,460,187,0,0,0
106845,463,179,0,0,0
106923,475,170,0,0,0
107001,509,164,0,0,0
107079,527,163,0,0,0
107157,548,163,0,0,0
107235,583,168,0,0,0
107313,599,177,0,0,0
107391,609,192,0,0,0
107485,616,197,0,0,0
107563,624,205,0,0,0
107641,626,209,0,0,0
107719,627,209,0,0,0
107797,628,209,0,0,0
107875,629,209,0,2,0
107953,629,209,0,0,0
108031,629,210,0,0,0
108124,631,216,0,0,0
108202,643,234,0,0,0
108280,645,256,0,0,0
108358,641,278,0,0,0
108436,623,314,0,0,0
108514,594,345,0,0,0
108592,554,384,0,0,0
108670,521,409,0,0,0
108764,495,421,0,0,0
108842,468,427,0,0,0
108920,433,427,0,0,0
108998,408,426,0,0,0
109076,390,420,0,0,0
109154,364,411,0,0,0
109232,312,389,0,0,0
109326,275,361,0,0,0
109404,261,332,0,0,0
109482,258,305,0,0,0
109560,264,275,0,0,0
109638,290,240,0,0,0
109716,319,213,0,0,0
109794,340,202,0,0,0
109872,394,200,0,0,0
109965,447,199,0,0,0
110043,505,199,0,0,0
110121,545,205,0,0,0
110199,573,229,0,0,0
110277,599,267,0,0,0
110355,603,299,0,0,0
110433,602,330,0,0,0
110511,600,357,0,0,0
110605,594,376,0,0,0
110683,587,389,0,0,0
110761,572,402,0,0,0
110839,556,412,0,0,0
110917,525,423,0,0,0
110995,482,429,0,0,0
111073,437,429,0,0,0
111151,378,413,0,0,0
111244,349,383,0,0,0
111322,314,347,0,0,0
111400,326,323,0,0,0
111478,335,313,0,0,0
111556,344,312,0,0,0
111634,361,312,0,0,0
111712,377,312,0,0,0
111790,383,312,0,0,0
111884,394,306,0,0,0
111962,394,306,0,0,0
112040,394,306,0,0,0
112118,394,306,0,0,0
112196,394,306,0,0,0
112274,395,306,0,0,0
112352,395,306,0,0,0
112446,395,306,0,0,0
112524,396,306,0,0,0
112602,396,306,0,1,0
112680,400,306,0,0,0
112758,404,306,0,0,0
112836,404,306,0,0,0
112914,405,306,0,0,0
112992,406,306,0,0,0
113085,405,305,0,0,0
113163,413,303,0,0,0
113241,413,303,0,0,1
113319,407,300,0,0,1
113397,402,300,0,0,1
113475,402,300,1,0,1
113553,399,287,1,0,1
113631,399,288,1,0,1
113725,402,294,1,0,1
113803,398,291,1,0,1
113881,398,297,1,0,1
113959,402,293,1,0,1
114037,401,294,1,0,1
114115,406,296,1,0,1
114193,404,288,1,0,1
114271,400,297,1,0,1
114364,407,290,1,0,1
114442,402,294,1,0,1
114520,406,297,0,0,1
114598,404,289,0,0,1
114676,400,301,0,0,1
114754,405,297,0,0,1
114848,400,294,0,0,1
114926,401,302,0,0,1
115004,407,293,0,0,1
115082,400,300,0,0,1
115160,406,297,0,0,1
115238,405,294,0,0,1
115316,409,303,0,0,1
115394,410,297,0,0,1
115488,407,306,0,0,1
115566,419,299,1,0,1
115644,416,296,1,0,1
115722,421,304,1,0,1
115800,429,295,1,0,1
115878,428,301,1,0,1
115956,433,298,1,0,1
116049,426,294,1,0,1
116127,432,303,1,0,1
116205,434,293,1,0,1
116283,430,297,1,0,1
116361,442,292,1,0,1
116439,436,295,1,0,1
116517,441,301,0,0,1
116595,440,293,1,0,1
116689,444,305,1,0,1
116767,458,292,1,0,1
116845,451,298,1,0,1
116923,457,301,1,0,1
117001,455,295,1,0,1
117079,461,298,1,0,1
117157,473,295,1,0,1
117235,470,310,1,0,1
117328,487,296,1,0,1
117406,483,296,1,0,1
117484,493,303,0,0,1
117562,496,290,0,0,1
117640,495,304,0,0,1
117718,502,295,0,0,1
117796,491,301,0,0,1
117874,500,305,0,0,1
117968,498,300,0,0,1
118046,513,320,1,0,1
118124,511,318,0,0,1
118202,451,292,0,0,1
118280,373,268,0,0,1
118358,372,267,0,0,1
118436,374,263,0,0,1
118514,374,263,0,0,1
118608,395,278,0,0,1
118686,395,277,0,0,1
118764,399,295,0,0,1
118842,403,284,0,0,1
118920,404,291,0,0,1
118998,411,290,0,0,1
119076,405,297,0,0,1
119169,408,297,0,0,1
119247,404,295,0,0,1
119325,406,303,0,0,1
119403,406,293,0,0,1
119481,402,300,0,0,1
119559,405,296,0,0,1
119637,403,296,0,0,1
119715,405,305,0,0,1
119809,401,298,0,0,1
119887,393,307,0,0,1
119965,396,302,0,0,1
120043,393,304,0,0,1
120121,401,305,0,0,1
120199,397,301,0,0,1
120277,399,307,0,0,1
120355,399,302,0,0,1
120448,402,315,0,0,1
120526,480,324,0,0,1
120604,488,342,0,0,1
120682,493,362,0,0,1
120760,521,363,0,0,1
120838,524,375,0,0,1
120916,529,368,0,0,1
120994,525,371,0,0,1
121088,529,363,0,0,1
121166,518,360,0,0,1
121244,525,369,0,0,1
121322,521,360,0,0,1
121400,512,362,0,0,1
121478,514,350,0,0,1
121556,506,355,0,0,1
121634,511,353,0,0,1
121728,502,349,0,0,1
121806,507,353,0,0,1
121884,499,339,0,0,1
121962,501,344,0,0,1
122040,501,332,0,0,1
122118,487,339,0,0,1
122196,491,336,0,0,1
122289,474,326,0,0,1
122367,475,325,0,0,1
122445,473,308,0,0,1
122523,465,312,0,0,1
122601,464,306,0,0,1
122679,446,304,0,0,1
122757,450,275,0,0,1
122835,440,256,0,0,1
122929,358,213,0,0,1
123007,302,156,0,0,1
123085,300,154,0,0,1
123163,300,152,0,0,1
123241,303,139,0,0,1
123319,291,112,0,0,1
123397,233,98,0,0,0
123475,205,98,0,0,0
123568,188,107,0,0,0
123646,159,137,0,0,0
123724,147,162,0,0,0
123802,149,197,0,0,0
123880,160,233,0,0,0
123958,178,265,0,0,0
124036,200,295,0,0,0
124114,223,316,0,0,0
124208,289,353,0,0,0
124286,384,375,0,0,0
124364,487,386,0,0,0
124442,540,388,0,0,0
124520,546,387,0,0,0
124598,561,382,0,0,0
124676,588,381,0,0,0
124770,618,383,0,0,0
124848,661,394,0,0,0
124926,677,398,0,0,0
125004,682,395,0,0,0
125082,694,376,0,0,0
125160,705,360,0,0,0
125238,710,343,0,0,0
125316,704,320,0,0,0
125409,678,291,0,0,0
125487,665,268,0,0,0
125565,643,241,0,0,0
125643,622,220,0,0,0
125721,597,211,0,0,0
125799,561,199,0,0,0
125877,534,189,0,0,0
125955,510,181,0,0,0
126049,480,175,0,0,0
126127,441,174,0,0,0
126205,422,174,0,0,0
126283,399,172,0,0,0
126361,378,172,0,0,0
126439,334,173,0,0,0
126517,305,174,0,0,0
126595,290,175,0,0,0
126688,273,178,0,0,0
126766,259,182,0,0,0
126844,220,198,0,0,0
126922,197,212,0,0,0
127000,178,237,0,0,0
127078,169,273,0,0,0
127156,184,302,0,0,0
127234,283,301,0,0,0
127328,410,255,0,0,0
127406,445,213,0,0,0
127484,421,167,0,0,0
127562,406,128,0,0,0
127640,407,122,0,0,0
127718,407,119,0,0,0
127796,401,118,0,0,1
127890,398,118,0,0,1
127968,398,118,0,0,1
128046,388,117,0,0,1
128124,384,129,0,0,1
128202,389,127,0,0,1
128280,384,128,0,0,1
128358,389,136,0,0,1
128436,399,127,0,0,1
128529,397,143,1,0,1
128607,402,141,1,0,1
128685,398,140,1,0,1
128763,401,152,1,0,1
128841,401,144,1,0,1
128919,402,149,1,0,1
128997,405,145,1,0,1
129075,395,142,1,0,1
129169,398,150,1,0,1
129247,407,137,1,0,1
129325,398,151,1,0,1
129403,402,148,1,0,1
129481,399,140,0,0,1
129559,402,148,0,0,1
129637,402,141,0,0,1
129715,406,144,0,0,1
129808,408,145,0,0,1
129886,407,141,0,0,1
129964,407,141,0,0,1
130042,407,141,0,0,1
130120,402,138,0,0,1
130198,404,135,1,0,1
130276,414,117,1,0,1
130354,408,103,1,0,1
130448,419,109,1,0,1
130526,414,94,1,0,1
130604,408,99,1,0,1
130682,416,95,1,0,1
130760,411,84,1,0,1
130838,416,96,1,0,1
130916,410,89,0,0,1
131010,403,97,0,0,1
131088,404,98,0,0,1
131166,395,89,0,0,1
131244,396,105,0,0,1
131322,400,99,0,0,1
131400,394,106,0,0,1
131478,401,110,0,0,1
131556,395,96,0,0,1
131649,388,108,0,0,1
131727,400,98,0,0,1
131805,398,86,1,0,1
131883,394,92,0,0,1
131961,408,83,0,0,1
132039,405,73,0,0,1
132117,380,93,0,0,1
132195,393,89,0,0,1
132289,391,82,0,0,1
132367,385,98,0,0,1
132445,391,96,0,0,1
132523,385,86,0,0,1
132601,368,105,1,0,1
132679,377,98,1,0,1
132757,370,84,1,0,1
132835,369,102,1,0,1
132928,381,92,1,0,1
133006,378,83,1,0,1
133084,374,95,1,0,1
133162,384,87,1,0,1
133240,378,82,1,0,1
133318,374,96,0,0,1
133396,381,89,0,0,1
133490,372,79,0,0,1
133568,361,106,0,0,1
133646,371,96,0,0,1
133724,366,86,0,0,1
133802,361,105,0,0,1
133880,374,89,0,0,1
133958,372,81,0,0,1
134036,372,103,1,0,1
134130,378,100,1,0,1
134208,374,96,1,0,1
134286,368,121,1,0,1
134364,378,114,1,0,1
134442,376,117,1,0,1
134520,392,150,1,0,1
134598,397,149,1,0,1
134676,401,173,1,0,1
134769,415,186,1,0,1
134847,399,210,1,0,1
134925,407,237,0,0,1
135003,409,239,0,0,1
135081,406,237,0,0,1
135159,410,242,0,0,1
135237,404,234,0,0,1
135315,408,258,0,0,1
135409,412,258,0,0,1
135487,402,252,0,0,1
135565,412,267,0,0,1
135643,411,257,1,0,1
135721,418,268,1,0,1
135799,424,269,1,0,1
135877,415,278,1,0,1
135955,424,298,1,0,1
136048,419,289,1,0,1
136126,413,309,1,0,1
136204,419,313,1,0,1
136282,411,308,1,0,1
136360,410,335,1,0,1
136438,411,336,0,0,1
136516,409,343,0,0,1
136610,414,334,0,0,1
136688,358,328,0,0,1
136766,330,323,0,0,1
136844,302,311,0,0,1
136922,307,317,0,0,1
137000,314,298,0,0,1
137078,306,309,0,0,1
137156,317,308,0,0,1
137250,304,296,0,0,1
137328,314,307,0,0,1
137406,314,290,0,0,1
137484,310,299,0,0,1
137562,307,289,0,0,1
137640,299,293,0,0,1
137718,304,295,0,0,1
137796,299,290,0,0,1
137889,305,307,0,0,1
137967,304,296,0,0,1
138045,305,308,0,0,1
138123,322,300,0,0,1
138201,332,317,0,0,1
138279,424,335,0,0,1
138357,427,331,0,0,1
138435,424,360,0,0,1
138529,440,342,0,0,1
138607,437,349,0,0,1
138685,451,357,0,0,1
138763,446,353,0,0,1
138841,443,363,0,0,1
138919,441,354,1,0,1
138997,447,364,1,0,1
139075,453,355,1,0,1
139169,444,356,1,0,1
139247,456,361,1,0,1
139325,452,349,1,0,1
139403,446,360,1,0,1
139481,453,353,1,0,1
139559,449,349,1,0,1
139637,453,358,1,0,1
139730,450,342,1,0,1
139808,443,346,1,0,1
139886,455,349,0,0,1
139964,450,334,0,0,1
140042,444,347,0,0,1
140120,449,340,0,0,1
140198,435,344,0,0,1
140276,439,354,0,0,1
140370,437,343,0,0,1
140448,439,355,0,0,1
140526,434,334,0,0,1
140604,312,252,0,0,1
140682,309,244,0,0,1
140760,308,235,0,0,1
140838,305,226,0,0,1
140916,315,216,1,0,1
141009,317,225,1,0,1
141087,318,226,1,0,1
141165,310,221,1,0,1
141243,311,236,1,0,1
141321,319,224,1,0,1
141399,314,239,1,0,1
141477,321,236,1,0,1
141555,308,228,1,0,1
141649,304,247,1,0,1
141727,304,231,1,0,1
141805,301,234,1,0,1
141883,304,231,1,0,1
141961,297,222,1,0,1
142039,296,227,1,0,1
142117,295,212,1,0,1
142211,290,218,1,0,1
142289,298,228,0,0,1
142367,295,223,0,0,1
142445,292,239,0,0,1
142523,294,229,0,0,1
142601,284,220,0,0,1
142679,279,231,0,0,1
142757,290,216,0,0,1
142850,268,213,0,0,1
142928,265,224,0,0,1
143006,260,207,0,0,1
143084,260,226,0,0,1
143162,274,221,0,0,1
143240,265,213,0,0,1
143318,263,235,0,0,1
143396,278,220,0,0,1
143490,270,222,0,0,1
143568,289,234,0,0,1
143646,306,219,0,0,1
143724,295,236,0,0,1
143802,321,243,0,0,1
143880,391,238,0,0,1
143958,414,238,0,0,1
144036,429,242,0,0,1
144129,439,245,0,0,1
144207,439,255,0,0,1
144285,442,268,0,0,1
144363,442,273,0,0,0
144441,441,275,0,0,0
144519,441,281,0,0,0
144597,459,293,0,0,0
144675,490,306,0,0,0
144769,512,308,0,0,0
144847,514,308,0,0,0
144925,514,308,0,0,0
145003,514,308,0,0,0
145081,523,346,0,0,0
145159,524,423,0,0,0
145237,507,454,0,0,0
145331,491,466,0,0,0
145409,454,480,0,0,0
145487,424,482,0,0,0
145565,370,483,0,0,0
145643,332,483,0,0,0
145721,294,484,0,0,0
145799,253,483,0,0,0
145877,217,468,0,0,0
145970,184,452,0,0,0
146048,163,432,0,0,0
146126,146,407,0,0,0
146204,125,375,0,0,0
146282,119,358,0,0,0
146360,119,341,0,0,0
146438,119,319,0,0,0
146516,125,289,0,0,0
146610,143,260,0,0,0
146688,161,246,0,0,0
146766,166,245,0,0,0
146844,176,248,0,0,0
146922,185,249,0,0,0
147000,222,249,0,0,0
147078,228,251,0,0,0
147156,232,254,0,0,0
147249,233,256,0,0,0
147327,234,262,0,0,0
147405,235,266,0,0,0
147483,235,266,0,0,0
147561,238,267,0,2,0
147639,293,272,0,0,0
147717,342,282,0,0,0
147811,383,295,0,0,0
147889,440,316,0,0,0
147967,477,343,0,0,0
148045,481,353,0,0,0
148123,478,356,0,0,0
148201,475,358,0,0,0
148279,462,369,0,0,0
148357,430,393,0,0,0
148451,421,391,0,0,0
148529,401,375,0,0,0
148607,393,364,0,0,0
148685,391,362,0,0,0
148763,391,361,0,0,0
148841,392,359,0,0,0
148919,396,357,0,0,0
148997,397,356,0,0,0
149090,401,354,0,0,0
149168,406,352,0,0,0
149246,407,347,0,0,0
149324,395,324,0,1,0
149402,378,301,0,0,0
149480,370,290,0,0,0
149558,358,274,0,0,0
149636,354,258,0,0,0
149730,347,240,0,0,0
149808,346,236,0,0,0
149886,346,234,0,0,1
149964,337,247,0,0,1
150042,336,262,0,0,1
150120,340,256,0,0,1
150198,339,262,0,0,1
150276,345,272,0,0,1
150369,347,269,0,0,1
150447,348,282,0,0,1
150525,375,280,0,0,1
150603,370,283,0,0,1
150681,365,302,0,0,1
150759,369,291,0,0,1
150837,363,299,0,0,1
150931,374,295,0,0,1
151009,368,287,0,0,1
151087,375,291,0,0,1
151165,375,289,0,0,1
151243,376,301,0,0,1
151321,392,294,0,0,1
151399,388,292,0,0,1
151477,394,300,0,0,1
151571,392,295,0,0,1
151649,408,307,0,0,1
151727,468,299,0,0,1
151805,574,292,0,0,1
151883,667,297,0,0,1
151961,677,300,0,0,1
152039,639,317,0,0,1
152117,635,311,0,0,1
152210,599,288,0,0,1
152288,592,283,0,0,1
152366,590,278,0,0,0
152444,578,267,0,0,0
152522,574,265,0,0,0
152600,564,261,0,0,0
152678,551,253,0,0,0
152756,541,251,0,0,0
152850,476,214,0,0,0
152928,468,210,0,0,0
153006,454,203,0,0,0
153084,414,194,0,0,0
153162,390,197,0,0,0
153240,373,197,0,0,0
153318,341,203,0,0,0
153396,320,209,0,0,0
153489,295,225,0,0,0
153567,268,251,0,0,0
153645,260,271,0,0,0
153723,265,293,0,0,0
153801,288,326,0,0,0
153879,344,357,0,0,0
153957,422,368,0,0,0
154051,473,365,0,0,0
154129,528,355,0,0,0
154207,582,350,0,0,0
154285,626,350,0,0,0
154363,660,352,0,0,0
154441,696,360,0,0,0
154519,704,363,0,0,0
154597,730,367,0,0,0
154691,740,368,0,0,0
154769,733,355,0,0,0
154847,682,301,0,0,0
154925,609,248,0,0,0
155003,529,215,0,0,0
155081,482,199,0,0,0
155159,463,193,0,0,0
155237,438,188,0,0,0
155330,415,184,0,0,0
155408,386,180,0,0,0
155486,359,176,0,0,0
155564,337,175,0,0,0
155642,308,174,0,0,0
155720,295,174,0,0,0
155798,267,178,0,0,0
155876,248,186,0,0,0
155970,234,189,0,0,0
156048,212,198,0,0,0
156126,197,205,0,0,0
156204,187,211,0,0,0
156282,177,223,0,0,0
156360,174,228,0,0,0
156438,174,228,0,0,0
156531,178,225,0,0,0
156609,198,213,0,0,0
156687,216,198,0,0,0
156765,223,191,0,0,0
156843,241,182,0,0,0
156921,278,176,0,0,0
156999,313,174,0,0,0
157077,363,178,0,0,0
157171,412,188,0,0,0
157249,455,195,0,0,0
157327,477,196,0,0,0
157405,500,194,0,0,0
157483,546,189,0,0,0
157561,590,188,0,0,0
157639,635,191,0,0,0
157717,644,199,0,0,0
157811,636,222,0,0,0
157889,600,240,0,0,0
157967,564,255,0,0,0
158045,512,246,0,0,0
158123,475,222,0,0,0
158201,431,187,0,0,0
158279,399,162,0,0,0
158357,374,153,0,0,0
158450,340,148,0,0,0
158528,315,147,0,0,0
158606,291,149,0,0,0
158684,239,154,0,0,0
158762,191,172,0,0,0
158840,138,211,0,0,0
158918,122,266,0,0,0
158996,139,315,0,0,0
159090,176,343,0,0,0
159168,247,358,0,0,0
159246,334,348,0,0,0
159324,403,327,0,0,0
159402,487,318,0,0,0
159480,571,339,0,0,0
159558,626,393,0,0,0
159651,599,415,0,0,0
159729,571,424,0,0,0
159807,541,425,0,0,0
159885,504,404,0,0,0
159963,462,335,0,0,0
160041,419,265,0,0,0
160119,397,246,0,0,0
160197,391,245,0,0,0
160291,381,243,0,0,0
160369,370,231,0,0,0
160447,367,228,0,0,1
160525,374,229,0,0,1
160603,382,227,0,0,1
160681,380,226,0,0,1
160759,383,222,0,0,1
160837,390,213,0,0,1
160931,390,215,0,0,1
161009,406,215,0,0,1
161087,409,226,0,0,1
161165,416,228,0,0,1
161243,418,242,0,0,1
161321,468,247,0,0,1
161399,464,265,0,0,1
161477,466,269,0,0,1
161570,464,286,0,0,1
161648,486,288,0,0,1
161726,485,293,0,0,1
161804,488,296,0,0,1
161882,478,316,0,0,1
161960,487,313,0,0,1
162038,476,339,0,0,1
162116,494,344,0,0,1
162210,482,348,0,0,1
162288,489,352,0,0,1
162366,482,340,0,0,1
162444,490,344,0,0,1
162522,500,335,0,0,1
162600,500,335,0,0,1
162678,496,330,0,0,1
162771,484,329,0,0,1
162849,490,326,0,0,1
162927,523,373,0,0,1
163005,573,392,0,0,1
163083,579,385,0,0,1
163161,552,385,0,0,1
163239,560,373,0,0,1
163317,548,383,0,0,1
163411,548,376,0,0,1
163489,536,375,0,0,1
163567,548,370,0,0,1
163645,539,372,0,0,1
163723,546,374,0,0,1
163801,527,365,0,0,1
163879,534,379,0,0,1
163957,532,367,0,0,1
164051,529,380,0,0,1
164129,536,371,0,0,1
164207,517,371,0,0,1
164285,531,366,0,0,1
164363,514,353,0,0,1
164441,507,364,0,0,1
164519,500,343,0,0,1
164597,474,353,0,0,1
164690,490,346,0,0,1
164768,483,341,0,0,1
164846,491,338,0,0,1
164924,502,318,0,0,0
165002,516,288,0,0,0
165080,519,271,0,0,0
165158,497,237,0,0,0
165252,416,221,0,0,0
165330,351,220,0,0,0
165408,323,226,0,0,0
165486,278,245,0,0,0
165564,245,262,0,0,0
165642,212,278,0,0,0
165720,197,288,0,0,0
165798,189,307,0,0,0
165891,191,328,0,0,0
165969,232,352,0,0,0
166047,292,354,0,0,0
166125,349,340,0,0,0
166203,403,336,0,0,0
166281,404,336,0,0,0
166359,409,337,0,0,0
166437,411,337,0,0,1
166531,398,334,0,0,1
166609,382,333,0,0,1
166687,358,309,0,0,1
166765,352,305,0,0,1
166843,348,294,0,0,1
166921,303,283,0,0,1
166999,278,287,0,0,1
167077,278,287,0,0,1
167171,277,291,0,0,1
167249,277,292,0,0,1
167327,214,292,0,0,1
167405,214,289,0,0,1
167483,214,289,0,0,1
167561,213,290,0,0,1
167639,193,307,0,0,1
167717,205,306,0,0,1
167810,198,311,0,0,1
167888,198,312,0,0,1
167966,194,311,0,0,1
168044,247,310,0,0,1
168122,335,284,0,0,1
168200,365,272,0,0,1
168278,388,264,0,0,1
168372,412,256,0,0,1
168450,449,241,0,0,1
168528,462,232,0,0,1
168606,468,228,0,0,0
168684,474,227,0,0,0
168762,529,222,0,0,0
168840,573,210,0,0,0
168918,575,204,0,0,0
169012,569,203,0,0,1
169090,568,203,0,0,1
169168,540,191,0,0,1
169246,499,199,0,0,1
169324,499,208,0,0,1
169402,482,214,0,0,1
169480,458,258,0,0,1
169558,461,251,0,0,1
169651,458,252,0,0,1
169729,464,250,0,0,1
169807,459,241,0,0,1
169885,481,237,0,0,1
169963,478,225,0,0,1
170041,469,231,0,0,1
170119,486,222,0,0,1
170197,452,231,0,0,1
170291,440,245,0,0,1
170369,440,236,0,0,1
170447,441,233,0,0,1
170525,441,224,0,0,1
170603,431,228,0,0,1
170681,442,234,0,0,1
170759,441,234,0,0,1
170837,436,255,0,0,1
170930,435,256,0,0,1
171008,431,265,0,0,1
171086,375,277,0,0,1
171164,264,278,0,0,1
171242,229,296,0,0,1
171320,223,298,0,0,1
171398,155,308,0,0,1
171492,173,321,0,0,1
171570,182,320,0,0,1
171648,192,335,0,0,1
171726,218,320,0,0,1
171804,212,332,0,0,1
171882,246,325,0,0,1
171960,231,330,0,0,1
172038,258,334,0,0,1
172132,253,327,0,0,1
172210,263,337,0,0,1
172288,254,331,0,0,1
172366,247,347,0,0,1
172444,229,326,0,0,1
172522,212,334,0,0,1
172600,220,323,0,0,1
172693,191,333,0,0,1
172771,199,334,0,0,1
172849,184,321,0,0,1
172927,198,333,0,0,1
173005,206,324,0,0,1
173083,202,340,0,0,1
173161,209,335,0,0,1
173239,196,347,0,0,1
173333,227,347,0,0,1
173411,215,341,0,0,1
173489,228,363,0,0,1
173567,251,346,0,0,1
173645,231,363,0,0,1
173723,274,353,0,0,1
173801,273,345,0,0,1
173879,289,343,0,0,1
173972,281,335,0,0,1
174050,284,346,0,0,1
174128,290,321,0,0,1
174206,285,325,0,0,1
174284,305,311,0,0,1
174362,292,305,0,0,1
174440,308,309,0,0,1
174518,303,295,0,0,1
174612,296,314,0,0,1
174690,306,302,0,0,1
174768,304,313,0,0,1
174846,311,312,0,0,1
174924,304,309,0,0,1
175002,316,313,0,0,1
175080,309,307,0,0,1
175174,325,318,0,0,1
175252,327,310,0,0,1
175330,325,325,0,0,1
175408,377,324,0,0,1
175486,371,345,0,0,1
175564,410,349,0,0,1
175642,395,346,0,0,1
175720,390,360,0,0,1
175813,398,342,0,0,1
175891,388,345,0,0,1
175969,390,339,0,0,1
176047,389,344,0,0,1
176125,394,345,0,0,1
176203,384,333,0,0,1
176281,389,347,0,0,1
176359,387,333,0,0,1
176453,382,342,0,0,1
176531,398,342,0,0,1
176609,382,337,0,0,1
176687,384,350,1,0,1
176765,383,334,1,0,1
176843,379,343,1,0,1
176921,394,337,1,0,1
176999,387,332,1,0,1
177092,434,343,1,0,1
177170,524,315,1,0,1
177248,563,311,1,0,1
177326,537,310,1,0,1
177404,438,310,1,0,1
177482,405,317,1,0,1
177560,412,311,1,0,1
177638,395,332,1,0,1
177732,399,328,1,0,1
177810,376,331,1,0,1
177888,385,340,1,0,1
177966,395,321,1,0,1
178044,396,337,1,0,1
178122,397,327,1,0,1
178200,384,335,1,0,1
178294,392,339,1,0,1
178372,379,328,1,0,1
178450,380,346,1,0,1
178528,382,335,1,0,1
178606,377,337,1,0,1
178684,390,338,1,0,1
178762,383,331,1,0,1
178840,378,348,1,0,1
178933,380,336,0,0,1
179011,370,341,0,0,1
179089,379,345,0,0,1
179167,376,337,0,0,1
179245,378,353,0,0,1
179323,385,344,0,0,1
179401,378,343,0,0,1
179479,379,345,0,0,1
179573,380,335,0,0,1
179651,377,345,0,0,1
179729,378,345,0,0,1
179807,376,340,0,0,1
179885,381,345,0,0,1
179963,383,334,0,0,1
180041,377,345,0,0,1
180119,387,341,0,0,1
180212,384,333,0,0,1
180290,379,343,0,0,1
180368,383,337,1,0,1
180446,378,343,1,0,1
180524,387,339,1,0,1
180602,386,326,1,0,1
180680,388,334,1,0,1
180758,396,319,1,0,1
180852,391,331,1,0,1
180930,414,319,1,0,1
181008,415,303,1,0,1
181086,406,311,1,0,1
181164,425,298,1,0,1
181242,399,299,1,0,1
181320,397,297,1,0,1
181414,368,252,1,0,1
181492,317,206,1,0,1
181570,312,206,1,0,1
181648,288,209,1,0,1
181726,280,210,1,0,1
181804,271,215,1,0,1
181882,272,215,1,0,1
181960,263,224,1,0,1
182053,273,224,1,0,1
182131,273,224,1,0,1
182209,275,226,1,0,1
182287,289,227,1,0,1
182365,298,228,1,0,1
182443,298,228,1,0,1
182521,306,235,1,0,1
182599,308,236,1,0,1
182693,310,237,1,0,1
182771,322,238,1,0,1
182849,330,238,1,0,1
182927,344,238,1,0,1
183005,352,239,1,0,1
183083,351,246,1,0,1
183161,351,251,1,0,1
183239,351,251,1,0,1
183332,381,261,1,0,1
183410,463,260,1,0,1
183488,496,248,1,0,1
183566,502,240,1,0,1
183644,507,233,1,0,1
183722,521,226,1,0,1
183800,522,226,1,0,1
183894,562,213,1,0,1
183972,569,207,0,0,1
184050,568,207,0,0,1
184128,583,179,0,0,1
184206,578,173,0,0,1
184284,585,186,0,0,1
184362,580,179,0,0,1
184440,579,178,0,0,1
184534,585,177,0,0,1
184612,585,177,0,0,1
184690,578,185,0,0,1
184768,580,187,0,0,1
184846,580,187,1,0,1
184924,568,210,1,0,1
185002,577,197,1,0,1
185080,565,192,1,0,1
185173,567,204,1,0,1
185251,556,200,1,0,1
185329,549,218,1,0,1
185407,559,211,1,0,1
185485,538,221,1,0,1
185563,542,225,1,0,1
185641,525,223,1,0,1
185719,524,242,1,0,1
185813,534,235,1,0,1
185891,503,247,1,0,1
185969,508,244,1,0,1
186047,509,235,0,0,1
186125,508,246,0,0,1
186203,517,242,0,0,1
186281,500,250,0,0,1
186359,509,248,0,0,1
186452,507,230,0,0,1
186530,487,262,0,0,1
186608,496,254,0,0,1
186686,469,261,0,0,1
186764,485,270,0,0,1
186842,482,252,0,0,1
186920,459,263,0,0,1
187014,475,251,0,0,1
187092,461,246,0,0,1
187170,472,261,0,0,1
187248,471,244,0,0,1
187326,467,262,0,0,1
187404,480,253,0,0,1
187482,479,252,1,0,1
187560,486,251,1,0,1
187654,470,250,1,0,1
187732,460,252,1,0,1
187810,462,241,1,0,1
187888,472,257,1,0,1
187966,474,246,1,0,1
188044,395,247,1,0,1
188122,392,241,1,0,1
188200,346,210,1,0,1
188293,335,226,1,0,1
188371,330,221,1,0,1
188449,335,237,1,0,1
188527,355,239,1,0,1
188605,340,244,1,0,1
188683,343,251,1,0,1
188761,342,240,1,0,1
188839,335,254,0,0,1
188933,343,246,0,0,1
189011,331,246,0,0,1
189089,338,256,0,0,1
189167,332,249,0,0,1
189245,336,256,0,0,1
189323,338,244,0,0,1
189401,321,246,0,0,1
189479,337,240,0,0,1
189572,328,236,0,0,1
189650,332,253,1,0,1
189728,329,238,1,0,1
189806,316,246,1,0,1
189884,320,245,1,0,1
189962,306,233,1,0,1
190040,310,256,1,0,1
190134,315,246,1,0,1
190212,309,256,0,0,1
190290,369,271,0,0,1
190368,525,252,0,0,1
190446,555,245,0,0,1
190524,556,242,0,0,1
190602,563,234,0,0,1
190680,544,215,0,0,1
190774,527,202,0,0,1
190852,511,210,0,0,1
190930,517,199,0,0,1
191008,491,208,0,0,1
191086,500,202,0,0,1
191164,499,193,0,0,1
191242,496,211,0,0,1
191320,495,201,0,0,1
191413,489,205,1,0,1
191491,495,206,1,0,1
191569,491,201,1,0,1
191647,489,210,1,0,1
191725,487,208,1,0,1
191803,482,212,0,0,1
191881,488,212,0,0,1
191959,484,206,0,0,1
192053,473,217,0,0,1
192131,483,210,0,0,1
192209,473,207,0,0,1
192287,466,216,0,0,1
192365,479,210,0,0,1
192443,466,220,0,0,1
192521,471,224,0,0,1
192614,465,218,0,0,1
192692,463,228,0,0,1
192770,462,223,0,0,1
192848,447,230,0,0,1
192926,459,230,0,0,1
193004,458,226,0,0,1
193082,454,235,0,0,1
193160,464,231,0,0,1
193254,443,233,0,0,1
193332,443,241,0,0,1
193410,441,233,0,0,1
193488,438,246,0,0,1
193566,440,247,0,0,1
193644,424,245,0,0,1
193722,427,254,0,0,1
193800,432,247,0,0,1
193894,419,257,0,0,1
193972,427,257,0,0,1
194050,416,251,0,0,1
194128,400,267,0,0,1
194206,401,264,0,0,1
194284,388,269,0,0,1
194362,398,272,0,0,1
194440,391,265,0,0,1
194533,387,277,0,0,1
194611,376,274,0,0,1
194689,369,279,0,0,1
194767,443,282,0,0,1
194845,466,279,0,0,1
194923,529,274,0,0,1
195001,531,266,0,0,1
195079,531,270,0,0,1
195173,538,264,0,0,1
195251,535,252,0,0,1
195329,539,266,0,0,1
195407,548,249,0,0,1
195485,537,242,0,0,1
195563,542,256,0,0,1
195641,540,245,0,0,1
195734,534,251,0,0,1
195812,536,247,0,0,1
195890,526,242,0,0,1
195968,528,251,0,0,1
196046,530,237,0,0,1
196124,514,247,0,0,1
196202,514,243,0,0,1
196280,495,235,0,0,1
196374,511,247,0,0,1
196452,506,241,0,0,1
196530,504,254,0,0,1
196608,500,247,0,0,1
196686,424,257,0,0,1
196764,388,264,0,0,1
196842,282,266,0,0,1
196920,268,290,0,0,1
197014,269,284,0,0,1
197092,264,304,0,0,1
197170,291,316,0,0,1
197248,281,324,0,0,1
197326,294,325,0,0,1
197404,297,324,0,0,1
197482,299,328,0,0,1
197560,295,321,0,0,1
197653,300,331,0,0,1
197731,307,323,0,0,1
197809,300,322,0,0,1
197887,308,328,0,0,1
197965,308,317,0,0,1
198043,320,331,0,0,1
198121,371,316,0,0,1
198199,354,315,0,0,1
198293,388,317,0,0,1
198371,389,299,0,0,1
198449,390,318,0,0,1
198527,390,316,0,0,1
198605,348,317,0,0,1
198683,349,329,0,0,1
198761,375,315,0,0,1
198854,354,339,0,0,1
198932,362,355,0,0,1
199010,443,328,0,0,1
199088,429,330,0,0,1
199166,420,340,0,0,1
199244,420,337,0,0,1
199322,420,332,0,0,1
199400,437,317,0,0,0
199494,508,246,0,0,0
199572,583,156,0,0,0
199650,609,114,0,0,0
199728,611,105,0,0,0
199806,603,78,0,0,0
199884,579,89,0,0,0
199962,568,91,0,0,0
200056,568,91,0,0,0
200134,565,93,0,0,1
200212,538,95,0,0,1
200290,532,104,0,0,1
200368,532,102,0,0,1
200446,523,107,0,0,1
200524,526,127,0,0,1
200602,523,114,0,0,1
200695,528,122,0,0,1
200773,531,121,0,0,1
200851,516,113,0,0,1
200929,521,123,0,0,1
201007,515,115,0,0,1
201085,487,139,0,0,1
201163,501,131,0,0,1
201241,480,126,0,0,1
201335,476,143,0,0,1
201413,474,138,0,0,1
201491,459,142,0,0,1
201569,464,139,0,0,1
201647,451,130,0,0,1
201725,457,139,0,0,1
201803,450,135,0,0,1
201881,437,155,0,0,1
201975,447,152,0,0,1
202053,431,148,0,0,1
202131,439,163,0,0,1
202209,418,161,0,0,1
202287,413,166,0,0,1
202365,413,157,0,0,1
202443,372,164,0,0,1
202521,376,168,0,0,1
202614,362,158,0,0,1
202692,364,186,0,0,1
202770,363,176,0,0,1
202848,323,180,0,0,1
202926,333,203,0,0,1
203004,329,185,0,0,1
203082,330,228,0,0,1
203176,356,241,0,0,1
203254,404,243,0,0,1
203332,424,243,0,0,1
203410,465,238,0,0,1
203488,507,221,0,0,0
203566,512,217,0,0,0
203644,524,231,0,0,0
203722,643,290,0,0,0
203815,655,299,0,0,0
203893,638,318,0,0,0
203971,621,336,0,0,0
204049,605,346,0,0,0
204127,573,356,0,0,0
204205,561,360,0,0,0
204283,541,362,0,0,0
204361,522,363,0,0,0
204455,493,364,0,0,0
204533,438,364,0,0,0
204611,378,363,0,0,0
204689,326,354,0,0,0
204767,301,351,0,0,0
204845,279,347,0,0,0
204923,241,345,0,0,0
205001,212,344,0,0,0
205095,198,331,0,0,0
205173,196,315,0,0,0
205251,219,298,0,0,0
205329,241,287,0,0,0
205407,269,285,0,0,0
205485,332,285,0,0,0
205563,342,281,0,0,0
205656,369,272,0,0,0
205734,372,271,0,0,0
205812,316,310,0,0,0
205890,232,349,0,0,0
205968,175,341,0,0,0
206046,180,338,0,0,1
206124,189,340,0,0,1
206202,190,340,0,0,1
206296,199,340,0,0,1
206374,215,333,0,0,1
206452,219,321,0,0,1
206530,226,333,0,0,1
206608,236,322,0,0,1
206686,228,336,0,0,1
206764,249,328,0,0,1
206842,237,332,0,0,1
206935,256,325,0,0,1
207013,249,317,0,0,1
207091,246,328,0,0,1
207169,228,321,0,0,1
207247,209,332,0,0,1
207325,229,323,0,0,1
207403,201,323,0,0,1
207481,209,326,0,0,1
207575,203,321,0,0,1
207653,212,328,0,0,1
207731,217,320,0,0,1
207809,211,325,0,0,1
207887,229,319,0,0,1
207965,219,322,0,0,1
208043,225,327,0,0,1
208121,214,322,0,0,1
208215,214,329,0,0,1
208293,217,325,0,0,1
208371,217,326,0,0,1
208449,220,325,0,0,1
208527,218,329,0,0,1
208605,229,328,0,0,1
208683,221,327,0,0,1
208776,232,332,0,0,1
208854,232,323,0,0,1
208932,222,335,0,0,1
209010,242,323,0,0,1
209088,230,321,0,0,1
209166,247,332,0,0,1
209244,258,322,0,0,1
209322,264,332,0,0,1
209416,288,315,0,0,1
209494,287,313,0,0,1
209572,305,306,0,0,1
209650,309,302,0,0,1
209728,322,310,0,0,1
209806,330,301,0,0,1
209884,332,301,0,0,1
209962,342,291,0,0,1
210055,340,304,0,0,1
210133,349,301,0,0,1
210211,344,300,0,0,1
210289,348,301,0,0,1
210367,353,292,0,0,1
210445,354,299,0,0,1
210523,365,295,0,0,1
210601,361,293,0,0,1
210695,368,304,0,0,1
210773,371,294,0,0,1
210851,377,303,0,0,1
210929,398,301,0,0,1
211007,404,296,0,0,1
211085,420,297,0,0,1
211163,451,297,0,0,1
211257,476,284,0,0,1
211335,502,269,0,0,0
211413,508,267,0,0,0
211491,508,267,0,0,0
211569,513,262,0,0,0
211647,518,259,0,0,0
211725,552,253,0,0,0
211803,557,249,0,0,0
211896,559,249,0,0,0
211974,615,249,0,0,0
212052,625,249,0,0,0
212130,629,256,0,0,0
212208,645,271,0,0,0
212286,647,300,0,0,0
212364,628,316,0,0,0
212442,598,343,0,0,0
212536,577,356,0,0,0
212614,548,372,0,0,0
212692,487,373,0,0,0
212770,452,348,0,0,0
212848,434,334,0,0,0
212926,415,318,0,0,0
213004,404,310,0,0,1
213082,374,322,0,0,1
213175,378,330,0,0,1
213253,375,331,0,0,1
213331,360,348,0,0,1
213409,383,338,0,0,1
213487,375,331,1,0,1
213565,369,342,1,0,1
213643,365,337,1,0,1
213721,361,350,1,0,1
213815,376,345,1,0,1
213893,366,338,1,0,1
213971,352,355,1,0,1
214049,358,348,1,0,1
214127,346,347,0,0,1
214205,345,352,0,0,1
214283,336,350,0,0,1
214377,326,365,0,0,1
214455,329,362,0,0,1
214533,322,358,0,0,1
214611,326,367,1,0,1
214689,318,356,1,0,1
214767,303,367,1,0,1
214845,321,362,1,0,1
214923,312,348,1,0,1
215016,301,369,1,0,1
215094,315,360,1,0,1
215172,292,370,1,0,1
215250,298,377,1,0,1
215328,278,375,1,0,1
215406,265,396,1,0,1
215484,266,390,0,0,1
215562,270,387,0,0,1
215656,283,382,0,0,1
215734,317,359,0,0,1
215812,348,334,0,0,1
215890,366,323,0,0,1
215968,377,315,0,0,1
216046,386,309,0,0,1
216124,374,309,0,0,1
216202,346,306,0,0,1
216295,320,289,0,0,1
216373,308,285,0,0,1
216451,287,286,0,0,1
216529,283,286,0,0,1
216607,268,286,0,0,1
216685,305,302,0,0,1
216763,356,300,0,0,1
216841,377,300,0,0,1
216935,419,299,0,0,1
217013,449,298,0,0,1
217091,460,301,0,0,1
217169,501,327,0,0,1
217247,512,331,0,0,1
217325,519,334,0,0,1
217403,557,345,0,0,1
217497,551,338,0,0,1
217575,538,330,0,0,1
217653,531,327,0,0,1
217731,523,321,0,0,1
217809,501,322,0,0,1
217887,502,317,0,0,1
217965,388,310,0,0,1
218043,384,314,0,0,1
218136,381,312,0,0,1
218214,368,312,0,0,1
218292,346,312,0,0,1
218370,325,313,0,0,1
218448,320,313,0,0,1
218526,301,320,0,0,1
218604,311,314,0,0,1
218682,287,325,0,0,1
218776,304,323,0,0,1
218854,298,323,0,0,1
218932,307,321,0,0,1
219010,301,320,0,0,1
219088,289,324,0,0,1
219166,297,321,0,0,1
219244,260,335,0,0,1
219322,285,327,0,0,1
219415,316,326,0,0,1
219493,342,312,0,0,1
219571,354,308,0,0,1
219649,360,303,0,0,1
219727,379,291,0,0,1
219805,380,288,0,0,1
219883,384,281,0,0,1
219977,381,281,0,0,1
220055,399,267,0,0,1
220133,392,269,0,0,1
220211,376,275,0,0,1
220289,398,262,0,0,1
220367,385,271,0,0,1
220445,403,268,0,0,1
220523,399,271,0,0,1
220617,393,276,0,0,1
220695,395,270,0,0,1
220773,378,279,0,0,1
220851,385,273,0,0,1
220929,362,283,0,0,1
221007,367,279,0,0,1
221085,381,272,0,0,1
221163,362,290,0,0,1
221256,379,277,0,0,1
221334,364,290,0,0,1
221412,365,291,0,0,1
221490,375,278,0,0,1
221568,359,287,0,0,1
221646,374,281,0,0,1
221724,361,290,0,0,1
221802,348,301,0,0,1
221896,357,285,0,0,1
221974,335,301,0,0,1
222052,371,292,0,0,1
222130,462,302,0,0,1
222208,471,297,0,0,1
222286,478,287,0,0,1
222364,462,306,0,0,1
222457,466,287,0,0,1
222535,443,310,0,0,1
222613,447,304,0,0,1
222691,465,285,0,0,1
222769,446,305,0,0,1
222847,465,287,0,0,1
222925,475,277,0,0,1
223003,461,293,0,0,1
223097,474,274,1,0,1
223175,467,283,1,0,1
223253,462,289,1,0,1
223331,471,270,1,0,1
223409,450,291,1,0,1
223487,453,286,1,0,1
223565,464,266,1,0,1
223643,439,292,1,0,1
223737,452,277,1,0,1
223815,457,270,1,0,1
223893,446,287,0,0,1
223971,451,277,1,0,1
224049,442,291,1,0,1
224127,425,314,1,0,1
224205,438,287,1,0,1
224298,417,324,1,0,1
224376,403,337,1,0,1
224454,405,321,1,0,1
224532,382,352,1,0,1
224610,390,337,1,0,1
224688,385,342,1,0,1
224766,369,369,1,0,1
224844,373,347,1,0,1
224938,361,368,1,0,1
225016,367,357,1,0,1
225094,362,359,1,0,1
225172,359,366,0,0,1
225250,362,357,0,0,1
225328,355,365,0,0,1
225406,376,335,0,0,1
225484,429,279,0,0,1
225577,450,262,0,0,1
225655,472,229,0,0,1
225733,475,204,0,0,1
225811,449,195,0,0,1
225889,370,186,0,0,1
225967,308,181,0,0,1
226045,277,183,0,0,1
226123,283,184,0,0,1
226217,249,207,0,0,1
226295,262,203,0,0,1
226373,262,199,0,0,1
226451,271,210,0,0,1
226529,274,202,0,0,1
226607,268,222,0,0,1
226685,281,217,0,0,1
226763,277,219,0,0,1
226857,289,225,0,0,1
226935,288,221,0,0,1
227013,298,233,0,0,1
227091,310,227,0,0,1
227169,302,234,0,0,1
227247,308,232,0,0,1
227325,302,231,0,0,1
227418,303,255,0,0,1
227496,307,250,0,0,1
227574,308,261,0,0,1
227652,312,257,0,0,1
227730,292,262,0,0,1
227808,289,277,0,0,1
227886,326,268,0,0,1
227964,324,296,0,0,1
228058,363,311,0,0,1
228136,360,311,0,0,1
228214,360,320,0,0,1
228292,355,317,0,0,1
228370,338,343,0,0,1
228448,339,339,0,0,1
228526,329,342,0,0,1
228619,330,355,0,0,1
228697,321,349,0,0,1
228775,308,372,0,0,1
228853,318,381,0,0,1
228931,294,379,0,0,1
229009,283,391,0,0,1
229087,282,382,0,0,1
229165,264,395,0,0,1
229259,289,395,0,0,1
229337,290,393,0,0,1
229415,306,394,0,0,1
229493,362,343,0,0,1
229571,396,311,0,0,1
229649,397,291,0,0,1
229727,408,265,0,0,1
229805,456,216,0,0,1
229899,453,210,0,0,1
229977,262,245,0,0,1
230055,251,248,0,0,1
230133,243,257,0,0,1
230211,210,282,0,0,1
230289,210,296,0,0,1
230367,177,309,0,0,1
230445,216,328,0,0,1
230538,225,315,0,0,1
230616,230,321,0,0,1
230694,288,315,0,0,1
230772,285,317,0,0,1
230850,294,318,0,0,1
230928,283,314,0,0,1
231006,291,328,0,0,1
231084,308,326,0,0,1
231178,298,329,0,0,1
231256,283,321,0,0,1
231334,188,303,0,0,1
231412,274,324,0,0,1
231490,260,314,0,0,1
231568,253,322,0,0,1
231646,231,313,0,0,1
231740,246,332,0,0,1
231818,261,328,0,0,1
231896,258,326,0,0,1
231974,267,326,0,0,1
232052,261,322,0,0,1
232130,269,321,0,0,1
232208,264,309,0,0,1
232286,275,326,0,0,1
232379,276,313,0,0,1
232457,262,330,0,0,1
232535,279,327,0,0,1
232613,263,323,0,0,1
232691,279,344,0,0,1
232769,276,327,0,0,1
232847,281,337,0,0,1
232925,313,330,0,0,1
233019,302,321,0,0,1
233097,333,279,0,0,1
233175,369,204,0,0,1
233253,369,195,0,0,1
233331,369,195,0,0,1
233409,368,193,0,0,1
233487,368,188,0,0,1
233565,368,188,0,0,1
233658,367,192,0,0,1
233736,362,198,0,0,1
233814,351,213,0,0,1
233892,323,235,0,0,1
233970,223,271,0,0,1
234048,135,302,0,0,1
234126,140,306,0,0,1
234220,141,304,0,0,1
234298,175,305,0,0,1
234376,205,295,0,0,1
234454,208,304,0,0,1
234532,237,295,0,0,1
234610,237,299,0,0,1
234688,247,299,0,0,1
234766,244,297,0,0,1
234860,273,329,0,0,1
234938,266,325,0,0,1
235016,273,342,0,0,1
235094,321,344,0,0,1
235172,312,347,0,0,1
235250,321,328,0,0,1
235328,312,331,0,0,1
235406,316,338,0,0,1
235499,307,314,0,0,1
235577,305,339,0,0,1
235655,336,336,0,0,1
235733,329,329,0,0,1
235811,346,319,0,0,1
235889,377,288,0,0,1
235967,381,265,0,0,1
236045,388,248,0,0,1
236139,365,273,0,0,1
236217,366,268,0,0,1
236295,373,258,0,0,1
236373,359,280,0,0,1
236451,369,276,1,0,1
236529,355,293,1,0,1
236607,355,293,1,0,1
236685,353,293,0,0,1
236778,353,295,0,0,1
236856,374,271,0,0,1
236934,374,276,0,0,1
237012,377,277,1,0,1
237090,383,269,1,0,1
237168,374,288,1,0,1
237246,375,284,0,0,1
237340,394,266,0,0,1
237418,389,277,0,0,1
237496,393,253,0,0,1
237574,383,268,0,0,1
237652,382,268,0,0,1
237730,390,257,0,0,1
237808,383,270,1,0,1
237886,396,247,1,0,1
237980,400,244,1,0,1
238058,400,244,1,0,1
238136,410,231,1,0,1
238214,407,248,1,0,1
238292,417,227,0,0,1
238370,429,212,0,0,1
238448,429,216,0,0,1
238526,430,215,0,0,1
238619,445,200,0,0,1
238697,438,223,1,0,1
238775,443,216,0,0,1
238853,446,210,0,0,1
238931,443,217,0,0,1
239009,443,217,0,0,1
239087,438,217,1,0,1
239165,437,219,1,0,1
239259,437,219,1,0,1
239337,437,219,0,0,1
239415,437,219,0,0,1
239493,437,219,0,0,0
239571,437,219,0,0,0
239649,437,219,0,0,0
239727,440,218,0,0,0
239805,440,218,0,0,0
239898,440,218,0,0,0
239976,443,216,0,3,0
240054,447,214,0,0,0
240132,447,214,0,0,0
240210,447,214,0,0,0
240288,447,214,0,0,0
240366,447,214,0,0,0
240460,448,217,0,0,0
240538,446,219,0,0,0
240616,446,220,0,0,0
240694,445,220,0,0,0
240772,445,220,0,0,0
240850,445,220,0,0,0
240928,444,218,0,0,0
241006,444,217,0,0,0
241100,443,215,0,0,1
241178,433,229,0,0,1
241256,433,231,0,0,1
241334,435,229,0,0,1
241412,426,241,0,0,1
241490,429,240,0,0,1
241568,425,245,0,0,1
241646,420,250,0,0,1
241739,423,250,1,0,1
241817,419,253,1,0,1
241895,417,257,1,0,1
241973,425,241,1,0,1
242051,404,260,1,0,1
242129,412,262,1,0,1
242207,410,248,1,0,1
242285,402,258,1,0,1
242379,411,248,1,0,1
242457,390,266,1,0,1
242535,397,266,1,0,1
242613,396,253,1,0,1
242691,387,271,1,0,1
242769,402,260,1,0,1
242847,386,268,1,0,1
242940,394,266,0,0,1
243018,392,255,0,0,1
243096,393,268,0,0,1
243174,395,262,0,0,1
243252,376,282,0,0,1
243330,391,276,0,0,1
243408,378,277,0,0,1
243486,376,299,0,0,1
243580,403,273,1,0,1
243658,390,279,1,0,1
243736,426,256,1,0,1
243814,430,248,1,0,1
243892,441,255,1,0,1
243970,444,243,1,0,1
244048,439,259,1,0,1
244126,450,244,1,0,1
244220,437,247,1,0,1
244298,444,259,0,0,1
244376,452,242,0,0,1
244454,424,253,0,0,1
244532,434,251,0,0,1
244610,424,245,0,0,1
244688,422,259,0,0,1
244766,423,252,0,0,1
244859,413,267,0,0,1
244937,424,262,1,0,1
245015,412,263,0,0,1
245093,408,274,0,0,1
245171,406,266,0,0,1
245249,400,282,0,0,1
245327,407,280,0,0,1
245405,396,275,0,0,1
245499,392,289,1,0,1
245577,400,279,1,0,1
245655,391,275,1,0,1
245733,394,276,1,0,1
245811,382,265,1,0,1
245889,368,279,1,0,1
245967,385,264,1,0,1
246060,376,264,1,0,1
246138,381,275,1,0,1
246216,377,256,0,0,1
246294,375,271,0,0,1
246372,386,262,0,0,1
246450,359,265,0,0,1
246528,354,281,0,0,1
246606,344,269,0,0,1
246700,344,286,0,0,1
246778,354,282,0,0,1
246856,351,288,0,0,1
246934,357,293,0,0,1
247012,349,289,1,0,1
247090,351,296,1,0,1
247168,350,284,1,0,1
247246,347,289,1,0,1
247340,350,284,1,0,1
247418,342,279,1,0,1
247496,337,289,1,0,1
247574,322,276,1,0,1
247652,317,292,1,0,1
247730,339,289,1,0,1
247808,337,289,0,0,1
247886,337,292,0,0,1
247979,319,288,0,0,1
248057,330,297,0,0,1
248135,349,289,0,0,1
248213,340,302,0,0,1
248291,345,297,0,0,1
248369,341,283,0,0,1
248447,404,302,0,0,1
248525,419,297,0,0,1
248619,422,302,0,0,1
248697,437,291,0,0,1
248775,429,294,0,0,1
248853,437,299,0,0,1
248931,442,285,0,0,1
249009,434,300,0,0,1
249087,438,296,0,0,1
249180,389,323,1,0,1
249258,400,333,1,0,1
249336,409,320,1,0,1
249414,404,332,1,0,1
249492,408,320,1,0,1
249570,396,326,1,0,1
249648,397,327,0,0,1
249726,395,321,1,0,1
249820,413,328,1,0,1
249898,429,312,1,0,1
249976,412,330,1,0,1
250054,437,324,1,0,1
250132,439,313,1,0,1
250210,439,327,1,0,1
250288,454,319,1,0,1
250366,441,323,1,0,1
250460,450,329,0,0,1
250538,450,314,0,0,1
250616,446,324,0,0,1
250694,449,323,0,0,1
250772,443,323,0,0,1
250850,449,338,0,0,1
250928,449,325,0,0,1
251006,444,327,1,0,1
251099,448,327,1,0,1
251177,444,326,1,0,1
251255,446,340,1,0,1
251333,453,333,1,0,1
251411,437,345,1,0,1
251489,452,341,1,0,1
251567,449,335,1,0,1
251661,453,340,0,0,1
251739,444,332,1,0,1
251817,432,340,1,0,1
251895,440,337,1,0,1
251973,431,328,1,0,1
252051,432,339,1,0,1
252129,456,329,1,0,1
252207,436,341,1,0,1
252300,433,346,0,0,1
252378,426,340,0,0,1
252456,414,353,0,0,1
252534,414,351,0,0,1
252612,407,354,0,0,1
252690,429,355,0,0,1
252768,421,344,0,0,1
252846,413,354,0,0,1
252940,417,351,1,0,1
253018,401,348,1,0,1
253096,408,352,1,0,1
253174,442,342,1,0,1
253252,448,350,1,0,1
253330,444,353,1,0,1
253408,444,353,1,0,1
253486,444,353,1,0,1
253580,444,355,0,0,1
253658,429,354,0,0,1
253736,366,303,0,0,1
253814,334,261,0,0,1
253892,308,240,0,0,1
253970,308,238,0,0,1
254048,306,233,0,0,1
254126,290,244,0,0,1
254219,285,243,0,0,1
254297,279,241,0,0,1
254375,280,237,0,0,1
254453,280,236,0,0,1
254531,280,236,0,0,1
254609,287,242,0,0,1
254687,283,242,0,0,1
254781,278,240,0,0,1
254859,287,248,0,0,1
254937,284,242,0,0,1
255015,287,249,0,0,1
255093,285,249,0,0,1
255171,287,250,0,0,1
255249,293,252,0,0,1
255327,292,251,0,0,1
255420,304,254,0,0,1
255498,301,252,0,0,1
255576,305,253,0,0,1
255654,306,253,0,0,1
255732,310,256,0,0,1
255810,313,257,0,0,1
255888,313,257,0,0,1
255966,316,259,0,0,1
256060,321,261,0,0,1
256138,324,263,0,0,1
256216,333,271,0,0,1
256294,335,270,0,0,1
256372,326,266,0,0,1
256450,325,266,0,0,1
256528,334,270,0,0,1
256606,334,270,0,0,1
256700,337,273,0,0,1
256778,370,295,0,0,1
256856,369,297,0,0,1
256934,371,307,0,0,1
257012,378,314,0,0,1
257090,382,319,0,0,1
257168,384,321,0,0,1
257246,382,324,0,0,1
257339,378,328,0,0,1
257417,372,333,0,0,1
257495,369,341,0,0,1
257573,367,344,0,0,1
257651,365,349,0,0,1
257729,358,359,0,0,1
257807,351,366,0,0,1
257901,345,369,0,0,1
257979,327,373,0,0,1
258057,309,375,0,0,1
258135,289,381,0,0,1
258213,278,387,0,0,1
258291,264,396,0,0,1
258369,262,397,0,0,1
258447,277,383,0,0,1
258540,327,343,0,0,1
258618,343,329,0,0,1
258696,359,303,0,0,1
258774,369,281,0,0,1
258852,374,265,0,0,1
258930,371,257,0,0,1
259008,359,248,0,0,1
259086,337,241,0,0,1
259180,325,236,0,0,1
259258,318,231,0,0,1
259336,312,221,0,0,1
259414,297,218,0,0,1
259492,291,217,0,0,0
259570,291,217,0,0,0
259648,292,217,0,0,0
259726,343,225,0,0,0
259820,357,225,0,0,0
259898,357,225,0,0,0
259976,375,236,0,0,0
260054,378,237,0,0,0
260132,375,243,0,0,0
260210,365,249,0,0,0
260288,340,246,0,0,0
260381,337,241,0,0,0
260459,324,224,0,0,0
260537,308,201,0,0,0
260615,308,199,0,0,0
260693,310,197,0,0,0
260771,312,196,0,0,0
260849,299,184,0,0,0
260927,272,176,0,0,0
261021,263,170,0,0,0
261099,262,169,0,0,0
261177,262,169,0,0,0
261255,290,169,0,0,0
261333,307,173,0,0,0
261411,339,185,0,0,0
261489,362,186,0,0,0
261567,379,191,0,0,0
261660,398,199,0,0,0
261738,424,225,0,0,0
261816,450,246,0,0,0
261894,466,260,0,0,0
261972,467,262,0,0,0
262050,465,261,0,0,0
262129,455,246,0,0,0
262207,435,214,0,0,0
262300,423,189,0,0,0
262378,407,165,0,0,0
262456,393,132,0,0,0
262534,387,126,0,0,0
262612,387,126,0,0,0
262690,383,123,0,0,0
262768,383,122,0,0,0
262846,385,121,0,0,0
262940,399,123,0,0,0
263018,417,143,0,0,0
263096,424,155,0,0,0
263174,433,168,0,0,0
263252,458,193,0,0,0
263330,487,214,0,0,0
263408,563,248,0,0,0
263501,577,258,0,0,0
263579,578,270,0,0,0
263657,563,282,0,0,0
263735,528,273,0,0,0
263813,449,207,0,0,0
263891,415,174,0,0,0
263969,414,173,0,0,0
264047,412,173,0,0,0
264141,402,168,0,0,0
264219,393,166,0,0,0
264297,388,163,0,0,0
264375,379,155,0,0,0
264453,373,150,0,0,0
264531,308,146,0,0,0
264609,271,146,0,0,0
264687,284,143,0,0,0
264781,353,148,0,0,0
264859,353,148,0,0,0
264937,349,151,0,0,0
265015,351,143,0,0,0
265093,349,140,0,0,0
265171,349,140,0,0,0
265249,356,139,0,0,0
265327,364,138,0,0,0
265420,365,137,0,0,0
265498,372,138,0,0,0
265576,433,163,0,0,0
265654,469,184,0,0,0
265732,512,216,0,0,0
265810,526,231,0,0,0
265888,548,253,0,0,0
265982,567,281,0,0,0
266060,570,302,0,0,0
266138,570,317,0,0,0
266216,566,337,0,0,0
266294,560,353,0,0,0
266372,559,356,0,0,0
266450,554,359,0,0,0
266528,528,348,0,0,0
266621,483,311,0,0,0
266699,468,284,0,0,0
266777,441,245,0,0,0
266855,405,212,0,0,0
266933,386,190,0,0,0
267011,366,162,0,0,0
267089,356,153,0,0,0
267167,338,152,0,0,0
267261,322,151,0,0,0
267339,316,147,0,0,0
267417,329,117,0,0,0
267495,333,106,0,0,0
267573,329,93,0,0,0
267651,320,87,0,0,1
267729,320,87,0,0,1
267807,324,89,0,0,1
267901,332,91,0,0,1
267979,325,90,0,0,1
268057,325,90,0,0,1
268135,330,92,0,0,1
268213,321,92,0,0,1
268291,334,105,0,0,1
268369,348,114,0,0,1
268447,336,107,0,0,1
268540,354,112,0,0,1
268618,360,112,0,0,1
268696,351,107,0,0,1
268774,361,112,0,0,1
268852,354,108,0,0,1
268930,343,105,0,0,1
269008,384,116,0,0,1
269102,375,105,0,0,1
269180,368,99,0,0,1
269258,396,101,0,0,1
269336,375,89,0,0,1
269414,373,96,0,0,1
269492,400,102,0,0,1
269570,352,120,0,0,1
269648,265,146,0,0,1
269741,196,130,0,0,1
269819,175,131,0,0,1
269897,175,134,0,0,1
269975,164,139,0,0,1
270053,166,163,0,0,1
270131,176,169,0,0,1
270209,161,167,0,0,1
270287,179,185,0,0,1
270381,185,185,0,0,1
270459,183,197,0,0,1
270537,221,210,0,0,1
270615,211,210,0,0,1
270693,242,218,0,0,1
270771,236,217,0,0,1
270849,225,217,0,0,1
270927,247,213,0,0,1
271021,240,208,0,0,1
271099,250,211,0,0,1
271177,245,212,0,0,1
271255,282,221,0,0,1
271333,298,217,0,0,1
271411,287,219,0,0,1
271489,326,220,0,0,1
271567,293,218,0,0,1
271660,323,217,0,0,1
271738,306,215,0,0,1
271816,260,212,0,0,1
271894,306,209,0,0,1
271972,250,209,0,0,1
272050,266,211,0,0,1
272128,257,218,0,0,1
272222,283,225,0,0,1
272300,279,218,0,0,1
272378,301,233,0,0,1
272456,322,221,0,0,1
272534,302,218,0,0,1
272612,352,225,0,0,1
272690,338,212,0,0,1
272768,354,223,0,0,1
272861,363,212,0,0,1
272939,371,213,0,0,1
273017,389,202,0,0,1
273095,385,182,0,0,1
273173,392,161,0,0,1
273251,390,146,0,0,1
273329,388,166,0,0,1
273407,402,191,0,0,1
273501,510,242,0,0,1
273579,531,255,0,0,1
273657,528,260,0,0,0
273735,509,245,0,0,0
273813,450,201,0,0,0
273891,425,192,0,0,0
273969,419,191,0,0,0
274047,413,192,0,0,0
274141,448,230,0,0,0
274219,470,230,0,0,0
274297,450,201,0,0,0
274375,424,196,0,0,0
274453,465,207,0,0,0
274531,426,184,0,0,0
274609,419,181,0,0,0
274702,407,181,0,0,0
274780,385,181,0,0,0
274858,350,199,0,0,0
274936,319,225,0,0,0
275014,291,259,0,0,0
275092,285,290,0,0,0
275170,289,324,0,0,0
275248,313,355,0,0,0
275342,339,373,0,0,0
275420,371,386,0,0,0
275498,417,391,0,0,0
275576,468,391,0,0,0
275654,531,391,0,0,0
275732,559,391,0,0,0
275810,501,367,0,0,0
275888,430,351,0,0,0
275981,417,350,0,0,0
276059,410,349,0,0,0
276137,404,347,0,0,0
276215,410,333,0,0,0
276293,433,303,0,0,0
276371,466,292,0,0,0
276449,499,285,0,0,0
276527,538,284,0,0,0
276621,578,284,0,0,0
276699,606,294,0,0,0
276777,623,317,0,0,0
276855,630,340,0,0,0
276933,626,362,0,0,0
277011,616,373,0,0,0
277089,596,384,0,0,0
277167,559,393,0,0,0
277261,506,393,0,0,0
277339,445,395,0,0,0
277417,408,395,0,0,0
277495,348,393,0,0,0
277573,291,391,0,0,0
277651,255,386,0,0,0
277729,209,383,0,0,0
277822,168,354,0,0,0
277900,108,319,0,0,0
277978,97,300,0,0,0
278056,80,271,0,0,0
278134,78,239,0,0,0
278212,86,214,0,0,0
278290,117,184,0,0,0
278368,143,157,0,0,0
278462,178,124,0,0,0
278540,202,115,0,0,0
278618,267,109,0,0,0
278696,338,109,0,0,0
278774,397,109,0,0,0
278852,494,127,0,0,0
278930,574,153,0,0,0
279008,629,188,0,0,0
279101,654,227,0,0,0
279179,660,271,0,0,0
279257,648,317,0,0,0
279335,614,360,0,0,0
279413,580,393,0,0,0
279491,536,417,0,0,0
279569,488,431,0,0,0
279647,412,434,0,0,0
279741,314,427,0,0,0
279819,270,406,0,0,0
279897,239,384,0,0,0
279975,219,360,0,0,0
280053,206,338,0,0,0
280131,188,310,0,0,0
280209,168,286,0,0,0
280287,148,265,0,0,0
280381,134,238,0,0,0
280459,135,210,0,0,0
280537,151,175,0,0,0
280615,182,139,0,0,0
280693,219,110,0,0,0
280771,240,99,0,0,0
280849,276,91,0,0,0
280942,339,84,0,0,0
281020,378,85,0,0,0
281098,454,96,0,0,0
281176,521,110,0,0,0
281254,575,136,0,0,0
281332,606,153,0,0,0
281410,635,177,0,0,0
281488,636,232,0,0,0
281582,599,292,0,0,0
281660,579,326,0,0,0
281738,563,356,0,0,0
281816,544,378,0,0,0
281894,521,397,0,0,0
281972,494,411,0,0,0
282050,453,424,0,0,0
282128,420,429,0,0,0
282221,390,432,0,0,0
282299,352,433,0,0,0
282377,306,433,0,0,0
282455,250,433,0,0,0
282533,194,430,0,0,0
282611,157,419,0,0,0
282689,134,401,0,0,0
282767,111,376,0,0,0
282861,103,348,0,0,0
282939,106,308,0,0,0
283017,113,281,0,0,0
283095,134,248,0,0,0
283173,165,206,0,0,0
283251,199,171,0,0,0
283329,235,140,0,0,0
283423,255,132,0,0,0
283501,258,132,0,0,0
283579,260,135,0,0,0
283657,267,139,0,0,0
283735,278,140,0,0,0
283813,278,140,0,0,0
283891,278,140,0,0,0
283969,278,140,0,0,0
284062,278,140,0,0,0
284140,278,140,0,0,0
284218,278,140,0,0,0
284296,278,140,0,0,0
284374,278,140,0,0,0
