16,407,341,0,0,1
94,407,341,0,0,1
156,407,341,0,0,1
234,407,341,0,0,1
297,407,341,0,0,1
375,407,341,0,0,1
437,409,341,0,0,1
515,409,341,0,0,1
577,409,341,0,0,1
655,409,341,0,0,1
718,409,341,0,0,1
796,411,341,0,0,1
858,411,341,0,0,1
936,409,341,0,0,1
999,405,341,0,0,1
1077,397,341,0,0,1
1139,393,343,0,0,1
1217,393,343,0,0,1
1279,391,343,0,0,1
1357,391,343,0,0,1
1420,391,343,0,0,1
1498,391,343,0,0,1
1560,391,343,0,0,1
1638,391,343,0,0,1
1701,391,339,0,0,1
1779,399,335,0,0,1
1841,405,331,0,0,1
1919,409,329,0,0,1
1981,409,327,0,0,1
2059,409,327,0,0,1
2122,409,325,0,0,1
2200,409,325,0,0,1
2262,409,325,0,0,1
2340,409,323,0,0,1
2403,409,323,0,0,1
2481,409,317,0,0,1
2543,411,311,0,0,1
2621,411,311,0,0,1
2683,411,311,0,0,1
2761,413,309,0,0,1
2824,415,305,0,0,1
2902,417,301,0,0,1
2964,417,299,0,0,1
3042,417,299,0,0,1
3105,417,299,0,0,1
3183,419,299,0,0,1
3245,419,297,0,0,1
3307,419,297,0,0,1
3385,419,297,0,0,1
3448,419,297,0,0,1
3526,419,297,0,0,1
3604,419,297,0,0,1
3666,419,297,0,0,1
3729,421,299,0,0,1
3807,427,303,0,0,1
3869,431,305,0,0,1
3947,431,305,0,0,1
4009,431,305,0,0,1
4087,429,305,0,0,1
4150,421,305,0,0,1
4228,403,293,0,0,1
4290,387,287,0,0,1
4368,355,263,0,0,1
4431,331,245,0,0,1
4509,331,245,0,0,1
4571,331,247,0,0,1
4649,331,249,0,0,1
4711,331,253,0,0,1
4789,331,253,0,0,1
4852,331,253,0,0,1
4930,331,253,0,0,1
4992,333,253,0,0,1
5070,333,253,0,0,1
5133,333,253,0,0,1
5211,335,253,0,0,1
5273,335,253,0,0,1
5351,335,253,0,0,1
5413,337,253,0,0,1
5491,339,253,0,0,1
5554,339,253,0,0,1
5632,339,253,0,0,1
5694,341,255,0,0,1
5772,341,255,0,0,1
5835,343,257,0,0,1
5913,345,257,0,0,1
5975,345,257,0,0,1
6053,347,259,0,0,1
6115,347,261,0,0,1
6193,347,261,0,0,1
6256,351,263,0,0,1
6334,351,263,0,0,1
6396,351,263,0,0,1
6474,353,265,0,0,1
6537,353,267,0,0,1
6615,353,273,0,0,1
6677,353,273,0,0,1
6755,353,273,0,0,1
6817,357,275,0,0,1
6895,361,281,0,0,1
6958,363,285,0,0,1
7036,367,289,0,0,1
7098,371,289,0,0,1
7161,377,293,0,0,1
7239,387,301,0,0,1
7301,391,305,0,0,1
7379,395,305,0,0,1
7441,399,307,0,0,1
7519,407,305,0,0,1
7582,417,303,0,0,1
7660,433,309,0,0,1
7722,447,311,0,0,1
7800,457,313,0,0,1
7863,463,315,0,0,1
7941,471,317,0,0,1
8003,479,325,0,0,1
8081,489,335,0,0,1
8143,495,341,0,0,1
8221,501,343,0,0,1
8284,505,345,0,0,1
8362,511,349,0,0,1
8424,525,357,0,0,1
8502,537,365,0,0,1
8565,555,373,0,0,1
8643,563,373,0,0,1
8705,569,375,0,0,1
8783,575,383,0,0,1
8845,575,385,0,0,1
8923,575,387,0,0,1
8986,573,387,0,0,1
9064,571,387,0,0,1
9126,569,387,0,0,1
9204,565,387,0,0,1
9267,533,375,0,0,1
9345,457,329,0,0,1
9407,399,295,0,0,1
9485,375,283,0,0,1
9547,363,279,0,0,1
9625,359,277,0,0,1
9688,359,277,0,0,1
9766,367,277,0,0,1
9828,371,277,0,0,1
9906,381,285,0,0,1
9969,393,293,0,0,1
10047,393,293,0,0,1
10109,393,293,0,0,1
10187,393,293,0,0,1
10249,393,293,0,0,1
10327,393,293,0,0,1
10390,391,295,0,0,1
10468,387,295,0,0,1
10530,385,295,0,0,1
10608,383,295,0,0,1
10671,383,295,0,0,1
10749,383,295,0,0,1
10811,381,295,0,0,1
10889,377,297,0,0,1
10951,373,297,0,0,1
11029,371,299,0,0,1
11092,371,303,0,0,1
11170,371,305,0,0,1
11232,373,307,1,0,1
11310,383,313,1,0,1
11373,389,313,1,0,1
11451,399,315,1,0,1
11513,401,319,0,0,1
11591,401,321,0,0,1
11653,393,327,0,0,1
11731,393,327,0,0,1
11794,393,329,0,0,1
11872,391,329,0,0,1
11934,391,329,0,0,1
12012,391,331,0,0,1
12075,391,331,0,0,1
12153,391,331,0,0,1
12215,391,331,0,0,1
12293,391,333,0,0,1
12355,385,335,0,0,1
12418,377,343,0,0,1
12496,369,349,0,0,1
12558,357,353,0,0,1
12636,343,357,0,0,1
12699,327,357,0,0,1
12777,309,355,0,0,1
12839,289,351,0,0,1
12917,277,347,0,0,1
12979,275,347,0,0,1
13057,275,349,0,0,1
13120,275,353,0,0,1
13198,275,357,0,0,1
13260,273,365,0,0,1
13338,271,397,0,0,1
13401,261,429,0,0,1
13479,253,455,0,0,1
13541,249,463,0,0,1
13619,249,465,0,0,1
13682,249,465,0,0,1
13760,249,461,0,0,1
13822,249,459,0,0,1
13900,249,459,0,0,1
13962,249,459,0,0,1
14040,249,459,0,0,1
14103,249,457,0,0,1
14181,241,429,0,0,1
14243,221,385,0,0,1
14321,219,381,0,0,1
14384,219,369,0,0,1
14462,231,351,0,0,1
14524,237,343,0,0,1
14602,239,339,0,0,1
14664,249,337,0,0,1
14742,253,335,0,0,1
14805,257,335,0,0,1
14883,257,335,0,0,1
14945,259,335,0,0,1
15023,259,335,0,0,1
15086,263,335,0,0,1
15164,267,331,0,0,1
15226,271,331,0,0,1
15288,275,329,0,0,1
15366,275,329,0,0,1
15429,277,329,0,0,1
15507,277,329,0,0,1
15569,277,329,0,0,1
15647,277,329,0,0,1
15710,277,329,0,0,1
15788,277,329,0,0,1
15850,281,337,0,0,1
15928,375,425,0,0,1
15990,451,491,0,0,1
16068,469,499,0,0,1
16131,475,499,0,0,1
16209,481,499,0,0,1
16271,483,495,0,0,1
16349,475,485,0,0,1
16412,471,469,0,0,1
16490,463,447,0,0,1
16552,459,439,0,0,1
16630,455,435,0,0,1
16692,449,423,0,0,1
16770,447,419,0,0,1
16833,441,407,0,0,1
16911,439,395,0,0,1
16973,437,391,0,0,1
17051,437,387,0,0,1
17114,437,383,0,0,1
17192,435,377,0,0,1
17254,433,367,0,0,1
17332,429,357,0,0,1
17394,423,349,0,0,1
17472,423,347,0,0,1
17535,421,345,0,0,1
17613,421,343,0,0,1
17675,419,341,0,0,1
17753,419,341,0,0,1
17816,419,341,0,0,1
17894,419,339,0,0,1
17956,419,339,0,0,1
18034,419,337,0,0,1
18096,417,333,0,0,1
18174,417,333,0,0,1
18237,417,331,0,0,1
18315,417,329,0,0,1
18377,415,329,0,0,1
18455,413,325,0,0,1
18518,411,319,0,0,1
18596,407,317,0,0,1
18658,407,315,0,0,1
18720,405,313,0,0,1
18798,405,311,0,0,1
18861,403,311,0,0,1
18939,403,311,0,0,1
19001,403,311,0,0,1
19079,401,311,0,0,1
19142,399,311,0,0,1
19220,397,315,0,0,1
19282,397,315,0,0,1
19360,397,315,0,0,1
19422,395,317,0,0,1
19500,395,317,0,0,1
19563,395,317,0,0,1
19641,395,319,0,0,1
19703,393,319,0,0,1
19781,393,319,0,0,1
19844,393,321,0,0,1
19922,393,321,0,0,1
19984,391,323,0,0,1
20062,391,323,0,0,1
20124,391,325,0,0,1
20202,391,327,0,0,1
20265,389,329,0,0,1
20343,387,331,0,0,1
20405,387,333,0,0,1
20483,387,335,0,0,1
20546,387,337,0,0,1
20624,387,339,0,0,1
20686,387,343,0,0,1
20764,387,345,0,0,1
20826,389,347,0,0,1
20904,389,349,0,0,1
20967,389,351,0,0,1
21045,389,353,0,0,1
21107,389,359,0,0,1
21185,387,365,0,0,1
21248,385,373,0,0,1
21326,383,379,0,0,1
21388,381,389,0,0,1
21466,377,395,0,0,1
21528,377,399,0,0,1
21606,373,405,0,0,1
21669,371,411,0,0,1
21747,371,419,0,0,1
21809,371,433,0,0,1
21887,373,435,0,0,1
21950,375,439,0,0,1
22028,377,441,0,0,1
22090,381,443,0,0,1
22168,383,445,0,0,1
22230,383,445,0,0,1
22308,385,447,0,0,1
22371,385,451,0,0,1
22449,387,453,0,0,1
22511,389,455,0,0,1
22589,389,457,0,0,1
22652,391,459,0,0,1
22730,395,461,0,0,1
22792,397,463,0,0,1
22870,401,467,0,0,1
22932,403,469,0,0,1
22995,405,471,0,0,1
23073,407,473,0,0,1
23135,409,475,0,0,1
23213,411,477,0,0,1
23276,413,477,0,0,1
23354,413,477,0,0,1
23416,415,477,0,0,1
23494,417,477,0,0,1
23556,417,475,0,0,1
23634,417,475,0,0,1
23697,419,475,0,0,1
23775,419,473,0,0,1
23837,419,473,0,0,1
23915,419,471,0,0,1
23978,421,467,0,0,1
24056,433,449,0,0,1
24118,453,421,0,0,1
24196,475,401,0,0,1
24258,493,373,0,0,1
24336,503,345,0,0,1
24399,513,327,0,0,1
24477,517,321,0,0,1
24555,517,317,0,0,1
24617,517,317,0,0,1
24695,515,317,0,0,1
24758,509,317,0,0,1
24836,505,317,0,0,1
24898,503,317,0,0,1
24976,501,317,0,0,1
25038,499,313,0,0,1
25116,495,311,0,0,1
25179,485,313,0,0,1
25257,471,321,0,0,1
25319,461,329,0,0,1
25397,455,333,0,0,1
25460,449,341,0,0,1
25538,441,351,0,0,1
25600,433,361,0,0,1
25678,423,371,0,0,1
25740,415,377,0,0,1
25818,411,381,0,0,1
25881,407,383,0,0,1
25959,405,383,0,0,1
26021,403,383,0,0,1
26099,401,383,0,0,1
26162,397,383,0,0,1
26224,393,385,0,0,1
26302,389,385,0,0,1
26364,383,387,0,0,1
26442,375,391,0,0,1
26505,371,393,0,0,1
26583,367,393,0,0,1
26645,367,393,0,0,1
26723,369,393,0,0,1
26786,377,391,0,0,1
26864,381,387,0,0,1
26926,383,385,0,0,1
27004,385,383,0,0,1
27066,389,381,0,0,1
27144,393,377,0,0,1
27207,395,373,0,0,1
27285,397,371,0,0,1
27347,399,369,0,0,1
27425,405,369,0,0,1
27488,411,367,0,0,1
27566,415,365,0,0,1
27628,421,365,0,0,1
27706,425,365,0,0,1
27768,431,365,0,0,1
27846,441,365,0,0,1
27909,455,363,0,0,1
27987,469,363,0,0,1
28049,479,363,0,0,1
28127,491,363,0,0,1
28190,505,363,0,0,1
28268,519,363,0,0,1
28330,529,363,0,0,1
28408,539,365,0,0,1
28470,549,367,0,0,1
28548,557,369,0,0,1
28611,565,371,0,0,1
28689,573,375,0,0,1
28751,579,375,0,0,1
28829,587,377,0,0,1
28892,595,377,0,0,1
28970,601,379,0,0,1
29032,605,379,0,0,1
29110,609,381,0,0,1
29172,613,385,0,0,1
29250,621,387,0,0,1
29313,629,391,0,0,1
29391,635,393,0,0,1
29453,643,395,0,0,1
29531,649,397,0,0,1
29594,655,399,0,0,1
29672,663,401,0,0,1
29734,671,401,0,0,1
29812,677,403,1,0,1
29874,679,403,0,0,1
29952,683,403,1,0,1
30015,687,405,0,0,1
30093,693,405,1,0,1
30155,699,407,0,0,1
30233,703,409,1,0,1
30296,707,409,0,0,1
30358,713,411,1,0,1
30436,715,413,0,0,1
30498,719,413,1,0,1
30576,721,413,0,0,1
30639,725,415,1,0,1
30717,731,417,0,0,1
30779,733,419,1,0,1
30857,739,421,0,0,1
30920,741,421,1,0,1
30998,743,421,0,0,1
31060,747,421,1,0,1
31138,749,421,0,0,1
31200,751,421,0,0,1
31278,753,421,0,0,1
31341,755,421,0,0,1
31419,755,421,0,0,1
31481,755,421,0,0,1
31559,751,421,0,0,1
31622,743,423,0,0,1
31700,727,425,0,0,1
31762,653,423,0,0,1
31840,447,383,0,0,1
31902,337,365,0,0,1
31980,293,351,0,0,1
32043,273,343,0,0,1
32121,263,335,0,0,1
32183,267,335,0,0,1
32261,285,333,0,0,1
32324,295,331,0,0,1
32402,299,331,0,0,1
32464,299,329,0,0,1
32542,301,329,0,0,1
32604,301,329,0,0,1
32682,301,329,0,0,1
32745,305,329,0,0,1
32823,307,327,0,0,1
32885,309,325,0,0,1
32963,309,325,0,0,1
33026,309,325,0,0,1
33088,309,325,0,0,1
33166,309,325,0,0,1
33228,309,325,0,0,1
33306,311,325,0,0,1
33384,311,327,0,0,1
33447,311,327,0,0,1
33525,311,327,0,0,1
33587,313,327,0,0,1
33665,321,317,0,0,1
33728,323,313,0,0,1
33806,325,309,0,0,1
33868,325,307,0,0,1
33930,325,307,0,0,1
34008,325,307,0,0,1
34071,325,305,0,0,1
34149,329,301,0,0,1
34211,339,295,0,0,1
34289,341,295,0,0,1
34352,341,293,0,0,1
34430,341,293,0,0,1
34492,341,289,0,0,1
34570,339,287,0,0,1
34632,339,287,0,0,1
34710,339,285,0,0,1
34773,337,285,0,0,1
34851,337,283,0,0,1
34913,337,283,0,0,1
34991,337,283,0,0,1
35054,335,283,0,0,1
35132,335,285,0,0,1
35194,355,285,0,0,1
35272,433,269,0,0,1
35334,525,255,0,0,1
35412,599,243,0,0,1
35475,625,237,0,0,1
35553,635,233,0,0,1
35615,637,233,0,0,1
35693,645,229,0,0,1
35756,661,227,0,0,1
35834,683,227,0,0,1
35896,697,227,0,0,1
35974,701,227,0,0,1
36036,705,227,0,0,1
36114,711,227,0,0,1
36177,719,225,0,0,1
36255,723,223,0,0,1
36317,727,221,0,0,1
36395,727,219,0,0,1
36458,729,217,0,0,1
36536,729,213,0,0,1
36598,731,209,0,0,1
36676,731,203,0,0,1
36738,731,197,0,0,1
36816,731,191,0,0,1
36879,727,185,0,0,1
36957,719,179,0,0,1
37019,715,177,0,0,1
37097,713,173,0,0,1
37160,713,173,0,0,1
37238,713,173,0,0,1
37300,711,171,0,0,1
37378,707,167,0,0,1
37440,703,161,0,0,1
37518,699,155,0,0,1
37581,695,151,0,0,1
37659,691,149,0,0,1
37721,685,145,0,0,1
37799,681,145,0,0,1
37862,677,143,0,0,1
37940,669,141,0,0,1
38002,665,141,0,0,1
38080,659,141,0,0,1
38142,655,141,0,0,1
38220,651,141,0,0,1
38283,645,141,0,0,1
38361,643,141,0,0,1
38423,643,141,0,0,1
38501,643,141,0,0,1
38564,641,141,0,0,1
38642,633,139,0,0,1
38704,621,137,0,0,1
38782,603,137,0,0,1
38844,585,137,0,0,1
38922,571,139,0,0,1
38985,557,139,0,0,1
39063,533,139,0,0,1
39125,515,135,0,0,1
39203,507,129,0,0,1
39266,497,123,0,0,1
39344,479,123,0,0,1
39406,457,125,0,0,1
39484,437,133,0,0,1
39546,425,137,0,0,1
39624,423,139,0,0,1
39687,445,141,0,0,1
39765,477,125,0,0,1
39827,495,115,0,0,1
39890,515,103,0,0,1
39968,521,99,0,0,1
40030,523,99,0,0,1
40108,523,99,0,0,1
40170,523,99,0,0,1
40248,523,99,0,0,1
40311,523,99,0,0,1
40389,523,99,0,0,1
40451,525,99,0,0,1
40529,525,99,0,0,1
40592,525,99,0,0,1
40670,527,99,0,0,1
40732,527,99,0,0,1
40810,529,99,0,0,1
40872,531,97,0,0,1
40950,533,97,0,0,1
41013,535,95,0,0,1
41091,535,95,0,0,1
41153,535,95,0,0,1
41231,535,175,0,0,1
41294,511,381,0,0,1
41372,489,437,0,0,1
41434,483,437,0,0,1
41512,483,437,0,0,1
41574,485,435,0,0,1
41652,495,429,0,0,1
41715,499,425,0,0,1
41793,499,423,0,0,1
41855,499,421,0,0,1
41933,495,419,0,0,1
41996,489,413,0,0,1
42074,485,407,0,0,1
42136,481,405,0,0,1
42214,481,403,0,0,1
42276,481,401,0,0,1
42354,481,401,0,0,1
42417,479,399,0,0,1
42495,479,397,0,0,1
42557,479,397,0,0,1
42635,477,395,0,0,1
42698,475,391,0,0,1
42776,473,387,0,0,1
42838,473,383,0,0,1
42916,469,377,0,0,1
42978,467,373,0,0,1
43056,467,365,0,0,1
43119,467,357,0,0,1
43197,467,355,0,0,1
43259,467,353,0,0,1
43337,467,353,0,0,1
43400,467,353,0,0,1
43478,467,353,0,0,1
43540,467,353,0,0,1
43618,465,353,0,0,1
43680,463,353,0,0,1
43758,463,353,0,0,1
43821,463,353,0,0,1
43899,461,353,0,0,1
43961,461,353,0,0,1
44039,459,353,0,0,1
44102,455,355,0,0,1
44180,453,355,0,0,1
44242,433,323,0,0,1
44320,379,237,0,0,1
44382,365,203,0,0,1
44460,359,195,0,0,1
44523,359,193,0,0,1
44601,357,195,0,0,1
44663,357,195,0,0,1
44741,357,197,0,0,1
44804,361,197,0,0,1
44882,361,197,0,0,1
44944,361,197,0,0,1
45022,361,197,0,0,1
45085,361,199,0,0,1
45163,361,199,0,0,1
45225,361,199,0,0,1
45303,361,199,0,0,1
45365,361,199,0,0,1
45443,361,199,0,0,1
45506,361,201,0,0,1
45584,361,201,0,0,1
45646,361,201,0,0,1
45724,361,201,0,0,1
45787,361,201,0,0,1
45849,363,201,0,0,1
45927,363,203,0,0,1
46005,365,203,0,0,1
46067,365,203,0,0,1
46145,367,203,0,0,1
46208,367,205,0,0,1
46270,369,205,0,0,1
46348,369,205,0,0,1
46411,371,207,0,0,1
46489,373,207,0,0,1
46551,377,207,0,0,1
46629,379,209,0,0,1
46691,379,213,0,0,1
46769,383,217,0,0,1
46832,385,221,0,0,1
46910,389,223,0,0,1
46972,391,225,0,0,1
47050,393,227,0,0,1
47113,395,227,0,0,1
47191,395,227,0,0,1
47253,395,227,0,0,1
47331,395,227,0,0,1
47393,397,229,0,0,1
47471,397,229,0,0,1
47534,399,231,0,0,1
47612,399,231,0,0,1
47674,401,231,0,0,1
47752,403,233,0,0,1
47815,403,235,0,0,1
47893,407,235,0,0,1
47955,409,237,0,0,1
48033,411,237,0,0,1
48095,413,241,0,0,1
48173,417,241,0,0,1
48236,417,241,0,0,1
48314,417,241,0,0,1
48376,417,241,0,0,1
48454,417,243,0,0,1
48517,417,243,0,0,1
48595,417,243,0,0,1
48657,417,243,0,0,1
48735,417,243,0,0,1
48797,417,243,0,0,1
48875,407,247,0,0,1
48938,375,255,0,0,1
49000,355,259,0,0,1
49078,335,263,0,0,1
49141,321,265,0,0,1
49219,317,265,0,0,1
49281,309,265,0,0,1
49359,301,267,1,0,1
49421,299,265,1,0,1
49499,299,257,1,0,1
49562,313,251,1,0,1
49640,325,249,1,0,1
49702,329,261,1,0,1
49780,327,279,1,0,1
49843,311,283,1,0,1
49921,307,269,1,0,1
49983,313,249,1,0,1
50061,329,245,1,0,1
50123,337,245,1,0,1
50201,343,247,1,0,1
50264,343,247,1,0,1
50342,343,247,0,0,1
50404,343,247,0,0,1
50482,343,247,0,0,1
50545,343,245,0,0,1
50623,347,241,0,0,1
50685,349,239,0,0,1
50763,351,239,0,0,1
50825,355,237,0,0,1
50903,359,237,0,0,1
50966,363,235,0,0,1
51044,367,233,0,0,1
51106,371,233,0,0,1
51184,373,231,0,0,1
51247,377,227,0,0,1
51325,381,225,0,0,1
51387,389,221,0,0,1
51465,395,219,0,0,1
51527,405,215,0,0,1
51605,409,213,0,0,1
51668,415,213,0,0,1
51730,415,213,0,0,1
51808,415,213,0,0,1
51886,415,213,0,0,1
51949,413,213,0,0,1
52027,413,213,0,0,1
52089,413,215,0,0,1
52151,419,219,0,0,1
52229,425,223,0,0,1
52292,433,225,0,0,1
52370,443,225,0,0,1
52448,453,227,0,0,1
52510,463,227,0,0,1
52588,473,225,0,0,1
52651,485,223,0,0,1
52729,499,219,0,0,1
52791,509,215,0,0,1
52869,521,213,0,0,1
52931,529,211,0,0,1
53009,537,209,0,0,1
53072,545,209,0,0,1
53134,549,209,0,0,1
53212,555,209,0,0,1
53290,559,209,0,0,1
53353,563,209,0,0,1
53431,567,211,0,0,1
53493,581,239,0,0,1
53555,607,333,0,0,1
53633,607,369,0,0,1
53696,597,373,0,0,1
53774,583,367,0,0,1
53836,563,363,0,0,1
53914,551,363,0,0,1
53977,543,363,0,0,1
54055,541,363,0,0,1
54117,539,363,0,0,1
54195,533,361,0,0,1
54257,525,359,0,0,1
54335,519,357,0,0,1
54398,515,355,0,0,1
54476,511,355,0,0,1
54538,507,353,0,0,1
54616,505,353,0,0,1
54679,501,351,0,0,1
54757,495,349,0,0,1
54819,489,349,0,0,1
54897,485,347,0,0,1
54959,481,345,0,0,1
55037,475,345,0,0,1
55100,469,343,0,0,1
55178,457,313,0,0,1
55240,419,233,0,0,1
55318,401,189,0,0,1
55381,397,177,0,0,1
55459,395,169,0,0,1
55521,393,165,0,0,1
55599,391,165,0,0,1
55661,387,169,0,0,1
55739,379,179,0,0,1
55802,371,197,0,0,1
55880,363,207,0,0,1
55942,355,217,0,0,1
56020,349,223,0,0,1
56083,345,229,0,0,1
56161,343,231,0,0,1
56223,341,233,0,0,1
56301,339,237,0,0,1
56363,339,239,0,0,1
56441,337,243,0,0,1
56504,335,245,0,0,1
56582,331,249,0,0,1
56644,325,253,0,0,1
56722,319,259,0,0,1
56785,315,259,0,0,1
56863,313,261,0,0,1
56925,311,263,0,0,1
56987,311,263,0,0,1
57065,311,263,0,0,1
57128,311,263,0,0,1
57206,311,263,0,0,1
57268,311,263,0,0,1
57346,311,263,0,0,1
57409,311,263,1,0,1
57487,313,263,1,0,1
57549,319,263,1,0,1
57627,333,261,1,0,1
57689,337,261,1,0,1
57767,339,261,1,0,1
57830,341,261,1,0,1
57908,341,261,1,0,1
57970,337,261,1,0,1
58048,335,265,1,0,1
58111,327,277,1,0,1
58189,319,285,1,0,1
58251,311,289,1,0,1
58329,307,291,1,0,1
58391,301,293,0,0,1
58469,287,297,0,0,1
58532,275,297,0,0,1
58610,267,295,0,0,1
58672,263,291,0,0,1
58750,261,289,0,0,1
58813,261,289,0,0,1
58891,261,289,0,0,1
58953,267,289,0,0,1
59031,269,289,0,0,1
59093,271,291,0,0,1
59171,275,291,0,0,1
59234,277,291,0,0,1
59312,277,293,0,0,1
59374,281,293,0,0,1
59452,285,293,0,0,1
59515,289,295,0,0,1
59593,291,295,0,0,1
59655,293,295,0,0,1
59733,297,297,0,0,1
59795,301,297,0,0,1
59873,303,297,0,0,1
59936,305,297,0,0,1
60014,307,309,0,0,1
60076,313,329,0,0,1
60154,315,333,0,0,1
60217,315,333,0,0,1
60295,315,333,0,0,1
60357,315,333,0,0,1
60435,315,333,0,0,1
60497,315,333,0,0,1
60575,315,333,0,0,1
60638,315,333,0,0,1
60716,313,333,0,0,1
60778,313,333,0,0,1
60841,313,333,0,0,1
60919,313,333,0,0,1
60981,313,333,0,0,1
61059,313,333,0,0,1
61121,313,333,0,0,1
61199,313,333,0,0,1
61262,313,333,0,0,1
61340,313,333,0,0,1
61402,313,333,0,0,1
61480,313,333,0,0,1
61543,323,363,0,0,1
61621,351,451,0,0,1
61683,355,457,0,0,1
61761,355,455,0,0,1
61823,355,443,0,0,1
61901,349,431,0,0,1
61964,339,423,0,0,1
62042,329,415,0,0,1
62104,325,411,0,0,1
62182,325,411,0,0,1
62245,325,411,0,0,1
62323,325,411,0,0,1
62385,323,411,0,0,1
62463,323,411,0,0,1
62525,321,411,0,0,1
62603,319,411,0,0,1
62666,319,413,0,0,1
62744,319,417,0,0,1
62806,317,423,0,0,1
62884,317,435,0,0,1
62947,317,445,0,0,1
63025,315,455,0,0,1
63087,315,459,0,0,1
63165,313,461,0,0,1
63227,309,465,0,0,1
63305,305,471,0,0,1
63368,303,477,0,0,1
63446,301,479,0,0,1
63508,299,481,0,0,1
63586,297,481,0,0,1
63649,297,479,0,0,1
63727,299,473,0,0,1
63789,321,461,0,0,1
63867,347,445,0,0,1
63929,369,429,0,0,1
64007,377,423,0,0,1
64070,381,419,0,0,1
64148,385,415,0,0,1
64210,385,415,0,0,1
64288,385,413,0,0,1
64351,385,411,0,0,1
64429,385,407,0,0,1
64491,383,401,0,0,1
64569,383,397,0,0,1
64631,381,395,0,0,1
64709,381,393,0,0,1
64772,381,393,0,0,1
64850,381,391,0,0,1
64912,381,389,0,0,1
64990,381,387,0,0,1
65053,381,383,0,0,1
65131,383,379,0,0,1
65193,383,377,0,0,1
65271,385,377,0,0,1
65333,387,375,0,0,1
65411,389,375,0,0,1
65474,391,371,0,0,1
65552,391,369,0,0,1
65614,383,365,0,0,1
65692,321,345,0,0,1
65755,279,333,0,0,1
65833,263,329,0,0,1
65895,253,329,0,0,1
65973,253,329,0,0,1
66035,257,329,0,0,1
66113,261,329,0,0,1
66176,267,329,0,0,1
66254,271,329,0,0,1
66316,275,329,0,0,1
66394,279,329,0,0,1
66457,281,327,0,0,1
66519,283,327,0,0,1
66597,283,327,0,0,1
66659,285,327,0,0,1
66737,287,327,0,0,1
66800,289,327,0,0,1
66878,291,327,0,0,1
66940,291,325,0,0,1
67018,295,325,0,0,1
67081,299,325,0,0,1
67159,311,325,0,0,1
67221,339,333,0,0,1
67299,383,355,0,0,1
67361,435,375,0,0,1
67439,455,383,0,0,1
67502,471,383,0,0,1
67580,477,383,0,0,1
67642,479,379,0,0,1
67720,471,367,0,0,1
67783,457,345,0,0,1
67861,453,333,0,0,1
67923,453,325,0,0,1
68001,453,321,0,0,1
68063,453,319,0,0,1
68141,457,319,0,0,1
68204,461,317,0,0,1
68282,463,317,0,0,1
68344,465,317,0,0,1
68422,467,317,0,0,1
68485,471,317,0,0,1
68563,475,317,0,0,1
68625,479,317,0,0,1
68703,485,317,0,0,1
68765,491,317,0,0,1
68843,497,319,0,0,1
68906,503,319,0,0,1
68984,513,321,0,0,1
69046,519,323,0,0,1
69124,525,327,0,0,1
69187,531,329,0,0,1
69265,539,329,0,0,1
69327,545,333,0,0,1
69405,551,333,0,0,1
69467,555,337,0,0,1
69545,563,341,0,0,1
69608,571,343,0,0,1
69686,579,347,0,0,1
69748,587,349,0,0,1
69826,593,349,0,0,1
69889,591,349,0,0,1
69967,583,349,0,0,1
70029,579,349,0,0,1
70107,579,349,0,0,1
70169,585,349,0,0,1
70247,591,349,0,0,1
70310,599,351,0,0,1
70388,607,351,0,0,1
70450,617,353,0,0,1
70528,629,355,0,0,1
70591,641,357,0,0,1
70669,655,359,0,0,1
70731,665,359,0,0,1
70809,671,359,0,0,1
70871,677,359,0,0,1
70949,683,359,0,0,1
71012,691,359,0,0,1
71090,699,359,0,0,1
71152,707,359,0,0,1
71230,713,359,0,0,1
71293,721,361,0,0,1
71371,725,361,0,0,1
71433,727,361,0,0,1
71511,723,361,0,0,1
71573,697,363,0,0,1
71651,647,369,0,0,1
71714,515,359,0,0,1
71776,357,339,0,0,1
71854,287,331,0,0,1
71932,269,325,0,0,1
71995,249,315,0,0,1
72073,241,315,0,0,1
72135,237,317,0,0,1
72197,247,321,0,0,1
72275,263,327,0,0,1
72338,267,327,0,0,1
72416,269,327,0,0,1
72478,269,327,0,0,1
72556,269,327,0,0,1
72619,269,327,0,0,1
72697,269,327,0,0,1
72759,269,327,0,0,1
72837,269,327,0,0,1
72899,269,327,0,0,1
72977,269,327,0,0,1
73040,269,327,0,0,1
73118,273,327,0,0,1
73180,273,327,0,0,1
73258,263,327,0,0,1
73321,251,321,0,0,1
73399,247,317,0,0,1
73461,245,317,0,0,1
73539,245,317,0,0,1
73601,247,315,0,0,1
73679,255,311,0,0,1
73742,261,309,0,0,1
73820,263,309,0,0,1
73882,267,307,0,0,1
73960,273,305,0,0,1
74023,277,305,0,0,1
74101,277,305,0,0,1
74163,279,305,0,0,1
74241,279,305,0,0,1
74303,279,305,0,0,1
74381,279,305,0,0,1
74444,279,305,0,0,1
74522,279,305,0,0,1
74584,279,305,0,0,1
74662,277,305,0,0,1
74725,277,305,0,0,1
74803,277,305,0,0,1
74865,277,305,0,0,1
74943,279,305,0,0,1
75005,283,305,0,0,1
75083,285,307,0,0,1
75146,287,309,0,0,1
75224,289,309,0,0,1
75286,291,309,0,0,1
75349,293,311,0,0,1
75427,295,313,0,0,1
75489,297,313,0,0,1
75567,297,313,0,0,1
75629,297,313,0,0,1
75707,299,313,0,0,1
75770,299,313,0,0,1
75848,299,313,0,0,1
75910,299,313,0,0,1
75988,299,313,0,0,1
76051,303,317,0,0,1
76129,331,331,0,0,1
76191,361,341,0,0,1
76269,367,343,0,0,1
76332,367,343,0,0,1
76410,367,343,0,0,1
76472,365,345,0,0,1
76550,365,345,0,0,1
76612,363,345,0,0,1
76690,363,345,0,0,1
76753,361,347,0,0,1
76831,361,347,0,0,1
76893,361,349,0,0,1
76971,361,349,0,0,1
77034,359,349,0,0,1
77112,357,349,0,0,1
77174,353,349,0,0,1
77252,347,349,0,0,1
77314,337,351,0,0,1
77392,329,355,0,0,1
77455,329,357,0,0,1
77533,341,359,0,0,1
77595,347,359,0,0,1
77673,347,359,0,0,1
77736,347,363,0,0,1
77814,361,389,0,0,1
77876,369,403,0,0,1
77954,371,405,0,0,1
78016,371,405,0,0,1
78094,373,405,0,0,1
78157,371,405,0,0,1
78235,367,407,0,0,1
78297,365,407,0,0,1
78375,363,407,0,0,1
78438,363,409,0,0,1
78516,363,409,0,0,1
78578,363,411,0,0,1
78656,363,413,0,0,1
78718,363,413,0,0,1
78781,361,417,0,0,1
78859,361,419,0,0,1
78921,357,425,0,0,1
78999,355,429,0,0,1
79062,355,429,0,0,1
79140,357,431,0,0,1
79202,375,435,0,0,1
79280,465,437,0,0,1
79342,531,415,0,0,1
79420,545,401,0,0,1
79483,547,399,0,0,1
79561,545,397,0,0,1
79623,533,389,0,0,1
79701,525,385,0,0,1
79764,521,383,0,0,1
79842,517,381,0,0,1
79904,515,377,0,0,1
79982,513,375,0,0,1
80044,509,371,0,0,1
80122,505,369,0,0,1
80185,503,365,0,0,1
80263,499,361,0,0,1
80325,497,359,0,0,1
80403,495,357,0,0,1
80466,493,355,0,0,1
80544,491,349,0,0,1
80606,485,341,0,0,1
80684,479,329,0,0,1
80746,471,315,0,0,1
80824,469,307,0,0,1
80887,467,303,0,0,1
80965,465,301,0,0,1
81027,463,299,0,0,1
81105,459,297,0,0,1
81168,457,297,0,0,1
81246,453,297,0,0,1
81308,451,297,0,0,1
81386,449,297,0,0,1
81448,445,297,0,0,1
81526,445,297,0,0,1
81589,443,297,0,0,1
81667,443,297,0,0,1
81729,443,297,0,0,1
81807,443,297,0,0,1
81870,443,297,0,0,1
81948,443,297,0,0,1
82010,451,297,0,0,1
82088,513,305,0,0,1
82150,567,311,0,0,1
82228,571,311,0,0,1
82291,571,311,0,0,1
82369,571,309,0,0,1
82431,571,309,0,0,1
82509,569,303,0,0,1
82572,565,297,0,0,1
82650,563,295,0,0,1
82712,557,293,0,0,1
82790,553,291,0,0,1
82852,549,289,0,0,1
82930,545,287,0,0,1
82993,543,287,0,0,1
83071,541,285,0,0,1
83133,539,285,0,0,1
83211,539,285,0,0,1
83274,535,285,0,0,1
83336,535,285,0,0,1
83414,533,285,0,0,1
83476,531,285,0,0,1
83554,531,285,0,0,1
83617,529,285,0,0,1
83695,527,285,0,0,1
83757,515,291,0,0,1
83835,475,333,0,0,1
83913,439,379,0,0,1
83976,425,399,0,0,1
84038,423,407,0,0,1
84116,423,409,0,0,1
84178,419,409,0,0,1
84256,417,409,0,0,1
84319,417,409,0,0,1
84397,417,409,0,0,1
84459,417,409,0,0,1
84537,417,409,0,0,1
84600,417,409,0,0,1
84678,417,407,0,0,1
84740,417,405,0,0,1
84818,419,405,0,0,1
84880,421,405,0,0,1
84958,421,403,0,0,1
85021,425,403,0,0,1
85099,427,403,0,0,1
85161,435,401,0,0,1
85239,443,399,0,0,1
85302,449,399,0,0,1
85380,449,399,0,0,1
85442,451,399,0,0,1
85520,451,399,0,0,1
85582,451,397,0,0,1
85660,451,397,0,0,1
85723,453,395,0,0,1
85801,453,395,0,0,1
85863,455,395,0,0,1
85941,457,393,0,0,1
86004,463,391,0,0,1
86082,465,389,0,0,1
86144,465,389,0,0,1
86222,467,387,0,0,1
86284,467,385,0,0,1
86362,473,381,0,0,1
86425,475,379,0,0,1
86503,475,379,0,0,1
86565,475,379,0,0,1
86643,477,379,0,0,1
86706,487,373,0,0,1
86784,489,373,0,0,1
86846,493,373,0,0,1
86924,493,373,0,0,1
86986,497,373,0,0,1
87064,501,369,0,0,1
87127,501,369,0,0,1
87205,501,369,0,0,1
87267,501,369,0,0,1
87345,503,367,0,0,1
87408,503,363,0,0,1
87486,505,363,0,0,1
87548,505,363,0,0,1
87626,505,359,0,0,1
87688,507,357,0,0,1
87766,507,353,0,0,1
87829,507,353,0,0,1
87907,507,353,0,0,1
87969,507,349,0,0,1
88047,509,345,0,0,1
88110,511,337,0,0,1
88188,511,337,0,0,1
88250,511,335,0,0,1
88328,513,335,0,0,1
88390,513,331,0,0,1
88468,513,327,0,0,1
88531,513,327,0,0,1
88609,511,327,0,0,1
88671,509,323,0,0,1
88749,509,311,0,0,1
88812,507,299,0,0,1
88890,507,299,0,0,1
88952,507,297,0,0,1
89030,501,289,0,0,1
89092,501,287,0,0,1
89170,499,283,0,0,1
89233,499,283,0,0,1
89311,499,283,0,0,1
89373,499,283,0,0,1
89451,499,283,0,0,1
89514,497,281,0,0,1
89592,497,281,0,0,1
89654,497,281,0,0,1
89732,495,275,0,0,1
89794,493,271,0,0,1
89872,493,269,0,0,1
89935,493,269,0,0,1
90013,493,269,0,0,1
90075,491,265,0,0,1
90153,489,261,0,0,1
90216,483,251,0,0,1
90294,481,251,0,0,1
90356,477,251,0,0,1
90434,465,251,0,0,1
90496,455,247,0,0,1
90574,453,245,0,0,1
90637,453,245,0,0,1
90715,453,245,0,0,1
90777,453,245,0,0,1
90840,451,243,0,0,1
90918,445,235,0,0,1
90980,445,233,0,0,1
91058,445,233,0,0,1
91120,443,233,0,0,1
91198,441,231,0,0,1
91261,437,229,0,0,1
91339,435,229,0,0,1
91401,435,229,0,0,1
91479,429,227,0,0,1
91542,427,225,0,0,1
91620,423,221,0,0,1
91682,423,221,0,0,1
91760,423,221,0,0,1
91822,423,221,0,0,1
91900,419,219,0,0,1
91963,415,217,0,0,1
92041,415,217,0,0,1
92103,413,217,0,0,1
92181,413,217,0,0,1
92244,401,225,0,0,1
92322,351,255,0,0,1
92384,309,293,0,0,1
92462,295,305,0,0,1
92524,289,311,0,0,1
92602,287,311,0,0,1
92665,291,311,0,0,1
92743,299,313,0,0,1
92805,303,317,0,0,1
92883,305,317,0,0,1
92946,305,317,0,0,1
93024,305,317,0,0,1
93086,305,317,0,0,1
93164,305,317,0,0,1
93226,305,317,0,0,1
93304,307,317,0,0,1
93367,307,317,0,0,1
93445,307,317,0,0,1
93507,307,317,0,0,1
93585,307,317,0,0,1
93648,307,317,0,0,1
93726,307,317,0,0,1
93788,307,317,0,0,1
93866,307,317,0,0,1
93928,307,317,0,0,1
94006,307,317,0,0,1
94069,307,317,0,0,1
94147,307,317,0,0,1
94209,319,321,0,0,1
94287,409,331,0,0,1
94350,463,325,0,0,1
94428,483,317,0,0,1
94490,483,317,0,0,1
94568,485,319,0,0,1
94630,485,319,0,0,1
94708,485,319,0,0,1
94771,483,319,0,0,1
94849,481,319,0,0,1
94911,481,319,0,0,1
94989,479,319,1,0,1
95052,473,319,1,0,1
95130,465,319,1,0,1
95192,459,319,1,0,1
95270,457,319,1,0,1
95332,457,319,1,0,1
95395,455,319,1,0,1
95473,453,319,1,0,1
95535,451,319,1,0,1
95613,449,321,1,0,1
95676,449,321,1,0,1
95754,449,321,0,0,1
95816,451,321,0,0,1
95894,451,321,0,0,1
95956,453,321,0,0,1
96034,455,321,0,0,1
96097,455,321,0,0,1
96175,457,321,0,0,1
96237,457,321,0,0,1
96315,457,323,0,0,1
96378,457,325,0,0,1
96456,457,325,0,0,1
96518,457,325,0,0,1
96596,461,323,0,0,1
96658,473,321,0,0,1
96736,477,321,0,0,1
96799,477,319,0,0,1
96877,477,319,0,0,1
96939,475,319,0,0,1
97017,473,319,0,0,1
97080,473,321,0,0,1
97158,471,321,0,0,1
97220,471,323,0,0,1
97298,471,323,0,0,1
97360,469,325,0,0,1
97438,465,329,0,0,1
97501,463,329,0,0,1
97579,463,331,0,0,1
97641,463,331,0,0,1
97719,465,333,0,0,1
97782,473,347,0,0,1
97860,475,351,0,0,1
97922,475,353,0,0,1
98000,477,353,0,0,1
98062,477,355,0,0,1
98140,479,361,0,0,1
98203,481,363,0,0,1
98281,481,369,0,0,1
98343,481,371,0,0,1
98421,483,375,0,0,1
98484,485,383,0,0,1
98562,485,387,0,0,1
98624,487,391,0,0,1
98702,489,395,0,0,1
98764,491,405,0,0,1
98842,497,425,0,0,1
98905,497,431,0,0,1
98983,485,429,0,0,1
99045,413,379,0,0,1
99123,329,333,0,0,1
99186,311,329,0,0,1
99264,285,329,0,0,1
99326,259,325,0,0,1
99404,261,325,0,0,1
99466,271,325,0,0,1
99544,275,325,0,0,1
99607,277,329,0,0,1
99685,277,329,0,0,1
99747,279,329,0,0,1
99825,283,329,0,0,1
99888,293,329,0,0,1
99950,295,329,0,0,1
100028,299,329,0,0,1
100090,305,327,0,0,1
100168,307,325,0,0,1
100231,311,325,0,0,1
100309,311,325,0,0,1
100387,311,325,0,0,1
100449,311,325,0,0,1
100527,311,325,0,0,1
100590,311,325,0,0,1
100668,311,325,0,0,1
100730,313,317,0,0,1
100808,319,311,0,0,1
100870,321,301,0,0,1
100948,323,299,0,0,1
101011,323,299,0,0,1
101089,323,299,0,0,1
101151,323,299,0,0,1
101229,329,297,0,0,1
101292,333,297,0,0,1
101370,335,297,0,0,1
101432,335,297,0,0,1
101510,335,297,0,0,1
101572,335,297,0,0,1
101650,335,297,0,0,1
101713,335,299,0,0,1
101791,335,299,0,0,1
101853,335,299,0,0,1
101931,335,299,0,0,1
101994,335,299,0,0,1
102056,335,299,0,0,1
102134,335,299,0,0,1
102212,333,299,0,0,1
102274,329,287,0,0,1
102352,319,267,0,0,1
102415,317,263,0,0,1
102477,315,261,0,0,1
102555,309,255,0,0,1
102618,305,253,0,0,1
102696,303,253,0,0,1
102758,299,259,0,0,1
102836,297,265,0,0,1
102898,295,265,0,0,1
102976,295,267,0,0,1
103039,295,267,0,0,1
103117,295,269,0,0,1
103179,293,271,0,0,1
103257,293,271,0,0,1
103320,293,271,0,0,1
103398,293,271,0,0,1
103460,291,275,0,0,1
103538,287,283,0,0,1
103600,285,285,0,0,1
103678,285,285,0,0,1
103741,285,285,0,0,1
103819,283,285,0,0,1
103881,279,291,0,0,1
103959,275,295,0,0,1
104022,275,295,0,0,1
104100,273,295,0,0,1
104162,271,295,0,0,1
104240,269,295,0,0,1
104302,269,297,0,0,1
104380,269,297,0,0,1
104443,269,297,0,0,1
104521,269,297,0,0,1
104583,269,297,0,0,1
104661,269,297,0,0,1
104724,269,297,0,0,1
104802,269,297,0,0,1
104864,269,297,0,0,1
104942,265,299,0,0,1
105004,263,307,0,0,1
105082,263,309,0,0,1
105145,263,309,0,0,1
105207,263,309,0,0,1
105285,263,309,0,0,1
105348,263,309,0,0,1
105426,263,309,0,0,1
105488,261,309,0,0,1
105566,261,309,0,0,1
105628,261,311,0,0,1
105706,259,315,0,0,1
105769,257,317,0,0,1
105847,257,317,0,0,1
105909,257,317,0,0,1
105987,259,319,0,0,1
106050,347,353,0,0,1
106128,455,365,0,0,1
106190,541,375,0,0,1
106268,557,373,0,0,1
106330,557,371,0,0,1
106408,547,367,0,0,1
106471,521,345,0,0,1
106549,507,339,0,0,1
106611,499,331,0,0,1
106689,491,325,0,0,1
106752,487,325,0,0,1
106830,487,325,0,0,1
106892,487,325,0,0,1
106970,487,325,0,0,1
107032,487,325,0,0,1
107111,487,325,0,0,1
107173,487,325,0,0,1
107251,487,325,0,0,1
107313,487,325,0,0,1
107391,487,325,0,0,1
107454,485,327,0,0,1
107532,479,331,0,0,1
107594,475,333,0,0,1
107672,469,335,0,0,1
107735,457,335,0,0,1
107813,431,345,0,0,1
107875,389,357,0,0,1
107953,321,361,0,0,1
108015,297,359,0,0,1
108093,275,351,0,0,1
108156,257,341,0,0,1
108234,259,339,0,0,1
108296,267,337,0,0,1
108374,273,337,0,0,1
108437,277,337,0,0,1
108515,277,337,0,0,1
108577,281,337,0,0,1
108655,283,337,0,0,1
108717,287,335,0,0,1
108780,287,335,0,0,1
108858,289,333,0,0,1
108920,291,333,0,0,1
108998,295,335,0,0,1
109061,297,335,0,0,1
109139,301,335,0,0,1
109201,303,335,0,0,1
109279,305,335,0,0,1
109341,307,335,0,0,1
109419,309,335,0,0,1
109482,311,335,0,0,1
109560,315,333,0,0,1
109622,317,333,0,0,1
109700,319,333,0,0,1
109763,321,333,0,0,1
109841,321,335,0,0,1
109903,323,335,0,0,1
109981,323,337,0,0,1
110043,325,337,0,0,1
110121,327,339,0,0,1
110184,329,339,0,0,1
110262,331,341,0,0,1
110324,337,341,0,0,1
110402,341,341,0,0,1
110465,343,343,0,0,1
110543,345,343,0,0,1
110605,347,345,0,0,1
110683,349,345,0,0,1
110745,349,345,0,0,1
110823,349,345,0,0,1
110886,349,345,0,0,1
110964,349,345,0,0,1
111026,349,345,0,0,1
111104,349,345,0,0,1
111167,351,345,0,0,1
111245,351,347,0,0,1
111354,353,347,0,0,1
111432,353,347,0,0,1
111494,355,347,0,0,1
111572,355,347,0,0,1
111635,357,347,0,0,1
111713,357,347,0,0,1
111775,359,347,0,0,1
111853,361,347,0,0,1
111915,363,347,0,0,1
111993,365,347,0,0,1
112056,367,347,0,0,1
112134,369,347,0,0,1
112196,371,347,0,0,1
112259,371,345,0,0,1
112337,371,345,0,0,1
112399,371,345,0,0,1
112477,371,345,0,0,1
112539,371,345,0,0,1
112617,371,345,0,0,1
112680,371,345,0,0,1
112758,371,343,0,0,1
112820,371,343,0,0,1
112898,371,343,0,0,1
112961,371,343,0,0,1
113039,371,343,0,0,1
113101,371,343,0,0,1
113179,373,341,0,0,1
113241,373,341,1,0,1
113319,375,341,0,0,1
113382,375,341,1,0,1
113460,375,341,0,0,1
113522,375,341,1,0,1
113600,375,341,0,0,1
113663,375,341,1,0,1
113741,375,341,0,0,1
113803,375,341,1,0,1
113881,375,341,0,0,1
113943,375,341,1,0,1
114021,375,341,0,0,1
114084,375,341,1,0,1
114162,375,341,0,0,1
114224,375,341,1,0,1
114302,375,341,0,0,1
114365,375,341,1,0,1
114443,375,341,0,0,1
114505,375,341,0,0,1
114583,375,341,0,0,1
114645,375,341,0,0,1
114723,375,341,0,0,1
114786,375,341,0,0,1
114864,377,339,0,0,1
114926,377,339,0,0,1
115004,377,339,0,0,1
115067,377,337,0,0,1
115145,377,337,0,0,1
115207,377,337,0,0,1
115285,377,337,0,0,1
115347,377,337,0,0,1
115425,381,337,0,0,1
115488,387,337,0,0,1
115566,393,337,0,0,1
115628,395,337,0,0,1
115706,395,337,0,0,1
115769,395,337,0,0,1
115847,397,337,0,0,1
115909,397,337,0,0,1
115987,397,337,0,0,1
116049,397,337,0,0,1
116127,397,337,0,0,1
116190,397,337,0,0,1
116268,397,337,0,0,1
116330,397,337,0,0,1
116408,401,337,0,0,1
116471,405,335,0,0,1
116549,409,333,0,0,1
116611,411,331,0,0,1
116689,411,331,0,0,1
116751,411,331,0,0,1
116829,411,331,0,0,1
116892,411,331,0,0,1
116970,411,331,0,0,1
117032,411,331,0,0,1
117110,411,331,0,0,1
117173,411,327,0,0,1
117235,413,327,0,0,1
117313,415,325,0,0,1
117375,417,325,0,0,1
117453,419,325,0,0,1
117516,421,323,0,0,1
117594,423,321,0,0,1
117656,425,321,0,0,1
117734,425,319,0,0,1
117797,425,319,0,0,1
117875,425,319,0,0,1
117937,425,317,0,0,1
118015,427,317,0,0,1
118077,427,317,0,0,1
118155,427,315,0,0,1
118218,427,315,0,0,1
118296,427,315,0,0,1
118358,429,315,0,0,1
118436,431,315,0,0,1
118499,433,313,0,0,1
118577,435,311,0,0,1
118639,437,309,0,0,1
118717,437,309,0,0,1
118779,437,309,0,0,1
118857,439,309,0,0,1
118920,439,309,0,0,1
118998,439,309,0,0,1
119060,439,309,0,0,1
119138,439,309,0,0,1
119201,439,309,0,0,1
119279,439,309,0,0,1
119341,441,307,0,0,1
119419,443,307,0,0,1
119481,443,305,0,0,1
119559,445,305,0,0,1
119622,445,305,0,0,1
119700,445,305,0,0,1
119762,445,303,0,0,1
119840,445,303,0,0,1
119903,445,303,0,0,1
119981,441,303,0,0,1
120043,435,303,0,0,1
120121,427,303,0,0,1
120183,423,305,0,0,1
120261,421,305,0,0,1
120324,419,307,0,0,1
120402,415,309,0,0,1
120464,409,313,0,0,1
120542,409,315,0,0,1
120605,407,317,0,0,1
120683,407,319,0,0,1
120745,403,321,0,0,1
120807,403,323,0,0,1
120885,401,323,0,0,1
120948,401,325,0,0,1
121026,397,327,0,0,1
121088,395,331,0,0,1
121166,391,335,0,0,1
121229,387,339,0,0,1
121307,385,341,0,0,1
121369,381,343,0,0,1
121447,377,345,0,0,1
121509,375,345,0,0,1
121587,373,347,0,0,1
121650,371,347,0,0,1
121728,371,347,0,0,1
121790,371,347,0,0,1
121868,377,347,0,0,1
121931,391,341,0,0,1
122009,409,333,0,0,1
122071,411,329,0,0,1
122149,413,327,0,0,1
122211,413,325,0,0,1
122289,413,323,0,0,1
122352,415,319,0,0,1
122430,417,315,0,0,1
122492,421,309,0,0,1
122570,425,305,0,0,1
122633,427,301,0,0,1
122711,427,299,0,0,1
122773,427,299,0,0,1
122851,427,299,0,0,1
122913,425,299,1,0,1
122991,423,299,1,0,1
123054,421,305,1,0,1
123132,415,311,1,0,1
123194,413,315,1,0,1
123272,411,319,1,0,1
123335,409,323,1,0,1
123413,405,327,1,0,1
123475,403,331,1,0,1
123553,403,335,1,0,1
123615,401,343,1,0,1
123693,401,345,1,0,1
123756,401,345,1,0,1
123834,401,339,1,0,1
123896,409,329,1,0,1
123974,417,321,1,0,1
124037,421,315,1,0,1
124115,425,309,1,0,1
124177,429,305,1,0,1
124239,429,303,1,0,1
124317,429,301,1,0,1
124395,425,299,1,0,1
124458,423,297,1,0,1
124536,421,297,0,0,1
124598,421,295,0,0,1
124661,421,295,0,0,1
124739,421,295,0,0,1
124801,421,295,0,0,1
124879,421,295,0,0,1
124941,421,293,0,0,1
125019,423,291,0,0,1
125082,423,289,0,0,1
125160,425,289,0,0,1
125238,425,287,0,0,1
125300,425,285,0,0,1
125378,427,285,1,0,1
125441,427,285,1,0,1
125519,423,293,1,0,1
125581,417,299,1,0,1
125659,411,307,1,0,1
125721,407,315,1,0,1
125799,405,321,1,0,1
125862,405,323,1,0,1
125940,405,323,1,0,1
126002,405,323,0,0,1
126080,405,323,0,0,1
126143,405,323,0,0,1
126221,405,323,0,0,1
126283,403,323,0,0,1
126345,403,323,0,0,1
126423,403,323,0,0,1
126486,403,323,0,0,1
126564,403,323,0,0,1
126642,403,321,0,0,1
126704,407,321,0,0,1
126767,409,321,0,0,1
126845,411,321,0,0,1
126907,411,321,0,0,1
126985,411,321,0,0,1
127047,413,321,0,0,1
127125,413,323,0,0,1
127188,413,325,0,0,1
127266,417,327,0,0,1
127328,421,327,0,0,1
127406,425,329,0,0,1
127469,427,331,0,0,1
127547,427,323,0,0,1
127609,415,237,0,0,1
127687,409,171,0,0,1
127765,405,157,0,0,1
127827,403,155,0,0,1
127905,403,155,0,0,1
127968,403,159,0,0,1
128046,403,159,0,0,1
128108,407,159,0,0,1
128186,411,161,0,0,1
128249,423,163,0,0,1
128327,429,167,0,0,1
128389,435,167,0,0,1
128467,439,167,0,0,1
128529,441,167,0,0,1
128607,441,167,0,0,1
128670,445,167,0,0,1
128748,445,167,0,0,1
128810,447,167,0,0,1
128888,451,167,0,0,1
128951,453,167,0,0,1
129029,457,167,0,0,1
129091,463,167,0,0,1
129169,465,167,0,0,1
129231,465,167,0,0,1
129309,469,169,0,0,1
129372,483,175,0,0,1
129450,515,177,0,0,1
129512,527,177,0,0,1
129575,535,177,0,0,1
129653,541,179,0,0,1
129715,545,181,0,0,1
129793,549,183,0,0,1
129855,549,189,0,0,1
129933,555,199,0,0,1
129996,557,203,0,0,1
130074,557,205,0,0,1
130136,557,205,0,0,1
130214,553,211,0,0,1
130277,553,225,0,0,1
130355,545,235,0,0,1
130417,529,241,0,0,1
130495,517,243,0,0,1
130557,509,249,0,0,1
130635,507,255,0,0,1
130698,507,257,0,0,1
130776,507,257,0,0,1
130838,505,259,0,0,1
130916,501,261,0,0,1
130979,499,269,0,0,1
131057,497,271,0,0,1
131119,497,273,0,0,1
131197,495,273,0,0,1
131259,493,279,0,0,1
131337,493,287,0,0,1
131400,493,287,0,0,1
131478,495,287,0,0,1
131540,501,287,0,0,1
131618,509,293,0,0,1
131681,513,297,0,0,1
131759,517,301,0,0,1
131821,523,301,0,0,1
131899,527,301,0,0,1
131961,541,313,0,0,1
132039,549,317,0,0,1
132102,551,319,0,0,1
132180,553,319,0,0,1
132242,551,319,0,0,1
132320,551,331,0,0,1
132383,553,333,0,0,1
132461,555,335,0,0,1
132523,563,341,0,0,1
132601,569,345,0,0,1
132663,579,355,0,0,1
132741,585,361,0,0,1
132804,593,367,0,0,1
132882,599,371,0,0,1
132944,607,375,0,0,1
133022,617,385,0,0,1
133085,615,385,0,0,1
133147,603,385,0,0,1
133225,565,367,0,0,1
133287,453,335,0,0,1
133365,359,323,0,0,1
133428,297,319,0,0,1
133506,271,311,0,0,1
133568,271,309,0,0,1
133646,271,309,0,0,1
133709,273,309,0,0,1
133787,275,309,0,0,1
133849,283,311,0,0,1
133927,289,311,0,0,1
133989,291,313,0,0,1
134067,293,315,0,0,1
134130,293,315,0,0,1
134208,293,315,0,0,1
134270,293,315,0,0,1
134348,293,315,0,0,1
134411,293,317,0,0,1
134489,293,317,0,0,1
134551,293,317,0,0,1
134629,289,317,0,0,1
134691,281,317,0,0,1
134769,279,317,0,0,1
134832,275,317,0,0,1
134910,273,315,0,0,1
134972,265,307,0,0,1
135050,263,307,0,0,1
135113,263,307,0,0,1
135191,265,307,0,0,1
135253,267,307,0,0,1
135331,267,307,0,0,1
135393,273,307,0,0,1
135471,287,307,0,0,1
135534,293,307,0,0,1
135612,297,307,0,0,1
135674,297,305,0,0,1
135752,297,305,0,0,1
135815,297,305,0,0,1
135893,297,305,0,0,1
135955,297,305,0,0,1
136033,295,305,0,0,1
136095,293,305,0,0,1
136173,293,307,0,0,1
136236,293,307,0,0,1
136298,293,307,0,0,1
136376,293,307,0,0,1
136439,293,307,0,0,1
136517,293,307,0,0,1
136579,293,307,0,0,1
136657,293,307,0,0,1
136719,293,307,0,0,1
136797,293,307,0,0,1
136860,293,307,0,0,1
136938,293,307,0,0,1
137000,293,307,0,0,1
137078,293,307,0,0,1
137141,295,307,0,0,1
137219,299,307,0,0,1
137281,317,301,0,0,1
137359,333,293,0,0,1
137421,335,291,0,0,1
137499,335,291,0,0,1
137562,335,293,0,0,1
137640,327,295,0,0,1
137702,327,297,0,0,1
137780,327,297,0,0,1
137843,327,297,0,0,1
137921,325,297,0,0,1
137983,325,297,0,0,1
138061,325,297,0,0,1
138123,325,297,0,0,1
138201,325,297,0,0,1
138264,325,297,0,0,1
138342,325,297,0,0,1
138404,325,297,0,0,1
138482,325,297,0,0,1
138545,325,297,0,0,1
138623,325,297,0,0,1
138685,325,297,0,0,1
138763,325,297,0,0,1
138826,325,297,0,0,1
138904,325,297,0,0,1
138966,325,297,0,0,1
139044,325,297,0,0,1
139106,325,297,0,0,1
139184,325,297,0,0,1
139247,325,297,0,0,1
139325,325,297,0,0,1
139387,325,297,0,0,1
139465,325,297,0,0,1
139528,325,297,0,0,1
139606,325,297,0,0,1
139668,325,297,0,0,1
139746,325,297,0,0,1
139808,325,297,0,0,1
139886,325,297,0,0,1
139949,325,297,0,0,1
140027,325,297,0,0,1
140089,325,297,0,0,1
140167,325,297,0,0,1
140230,325,295,0,0,1
140308,325,295,0,0,1
140370,325,295,0,0,1
140448,325,295,0,0,1
140510,325,295,0,0,1
140588,325,295,0,0,1
140651,325,295,0,0,1
140729,325,295,0,0,1
140791,325,295,0,0,1
140869,325,295,0,0,1
140932,325,295,0,0,1
141010,325,295,0,0,1
141072,325,295,0,0,1
141150,325,295,0,0,1
141212,325,295,0,0,1
141290,325,295,0,0,1
141353,325,295,0,0,1
141431,325,295,0,0,1
141493,325,295,0,0,1
141556,325,295,0,0,1
141634,325,295,0,0,1
141696,325,295,0,0,1
141774,325,295,0,0,1
141836,325,295,0,0,1
141914,325,295,0,0,1
141977,325,295,0,0,1
142055,325,295,0,0,1
142117,325,295,0,0,1
142195,325,295,0,0,1
142258,325,295,0,0,1
142336,325,295,0,0,1
142398,333,295,0,0,1
142476,451,321,0,0,1
142538,563,349,0,0,1
142616,563,349,0,0,1
142679,563,349,0,0,1
142757,563,349,0,0,1
142819,563,349,0,0,1
142897,563,347,0,0,1
142960,559,347,0,0,1
143038,555,345,0,0,1
143100,551,345,0,0,1
143178,545,341,0,0,1
143240,543,341,0,0,1
143318,541,341,0,0,1
143381,541,341,0,0,1
143459,539,341,0,0,1
143521,533,339,0,0,1
143599,527,339,0,0,1
143662,523,339,0,0,1
143740,521,341,0,0,1
143802,517,347,0,0,1
143880,513,349,0,0,1
143942,511,353,0,0,1
144020,505,357,0,0,1
144083,499,359,0,0,1
144161,499,359,0,0,1
144223,497,359,0,0,1
144301,495,357,0,0,1
144364,493,357,0,0,1
144442,491,357,0,0,1
144504,489,355,0,0,1
144582,485,355,0,0,1
144644,479,351,0,0,1
144707,477,351,0,0,1
144785,473,351,0,0,1
144847,469,351,0,0,1
144925,463,349,0,0,1
144988,457,343,0,0,1
145066,457,343,0,0,1
145128,457,343,0,0,1
145206,457,343,0,0,1
145284,457,343,0,0,1
145346,455,341,0,0,1
145409,455,341,0,0,1
145487,453,333,0,0,1
145549,429,277,0,0,1
145627,409,193,0,0,1
145690,389,149,0,0,1
145768,375,139,0,0,1
145830,331,137,0,0,1
145908,295,141,0,0,1
145970,291,143,0,0,1
146048,291,143,0,0,1
146111,287,147,0,0,1
146189,281,153,0,0,1
146251,281,153,0,0,1
146329,281,153,0,0,1
146392,281,151,0,0,1
146470,281,149,0,0,1
146532,281,149,0,0,1
146610,285,149,0,0,1
146672,293,147,0,0,1
146750,303,139,0,0,1
146813,309,137,0,0,1
146891,313,137,0,0,1
146953,317,137,0,0,1
147031,317,137,0,0,1
147094,323,137,0,0,1
147172,327,135,0,0,1
147234,333,135,0,0,1
147312,343,143,0,0,1
147374,351,147,0,0,1
147452,359,151,0,0,1
147515,363,151,0,0,1
147593,365,157,0,0,1
147655,373,165,0,0,1
147733,373,167,0,0,1
147796,373,167,0,0,1
147874,373,167,0,0,1
147936,373,167,0,0,1
148014,375,167,0,0,1
148076,375,167,0,0,1
148139,375,167,0,0,1
148217,377,165,0,0,1
148279,379,163,0,0,1
148357,379,163,0,0,1
148420,381,163,0,0,1
148498,381,163,0,0,1
148560,383,163,0,0,1
148638,387,161,0,0,1
148700,393,161,0,0,1
148778,411,169,0,0,1
148841,417,171,0,0,1
148919,423,171,0,0,1
148981,425,171,0,0,1
149059,429,171,0,0,1
149122,441,173,0,0,1
149200,453,173,0,0,1
149262,473,167,0,0,1
149340,487,165,0,0,1
149402,487,165,0,0,1
149480,487,179,0,0,1
149543,495,191,0,0,1
149621,497,193,0,0,1
149683,499,193,0,0,1
149761,505,199,0,0,1
149824,525,215,0,0,1
149902,535,225,0,0,1
149964,537,227,0,0,1
150042,541,227,0,0,1
150104,545,227,0,0,1
150182,555,235,0,0,1
150245,571,247,0,0,1
150323,581,251,0,0,1
150385,593,255,0,0,1
150463,601,255,0,0,1
150526,617,255,0,0,1
150604,637,263,0,0,1
150666,651,265,0,0,1
150744,663,263,0,0,1
150806,679,251,0,0,1
150884,687,247,0,0,1
150947,691,247,0,0,1
151025,689,245,0,0,1
151087,683,243,0,0,1
151165,675,239,0,0,1
151228,671,239,0,0,1
151306,669,239,0,0,1
151368,669,239,0,0,1
151446,669,239,0,0,1
151508,669,239,0,0,1
151571,661,239,0,0,1
151649,569,275,0,0,1
151711,425,295,0,0,1
151789,269,299,0,0,1
151852,231,297,0,0,1
151930,211,295,0,0,1
151992,205,295,0,0,1
152070,203,299,0,0,1
152132,205,303,0,0,1
152210,211,311,0,0,1
152273,213,311,0,0,1
152351,219,311,0,0,1
152413,231,315,0,0,1
152491,241,315,0,0,1
152554,253,315,0,0,1
152632,257,313,0,0,1
152694,257,313,0,0,1
152772,257,313,0,0,1
152834,257,313,0,0,1
152912,261,313,0,0,1
152975,261,313,0,0,1
153053,261,313,0,0,1
153115,259,313,0,0,1
153193,245,313,0,0,1
153256,199,313,0,0,1
153334,167,305,0,0,1
153396,155,301,0,0,1
153474,159,301,0,0,1
153536,169,303,0,0,1
153614,189,301,0,0,1
153677,207,297,0,0,1
153755,219,293,0,0,1
153817,233,293,0,0,1
153895,249,299,0,0,1
153958,263,301,0,0,1
154036,271,301,0,0,1
154098,271,301,0,0,1
154176,271,301,0,0,1
154238,269,303,0,0,1
154316,269,303,0,0,1
154379,267,303,0,0,1
154457,267,303,0,0,1
154519,267,303,0,0,1
154597,265,303,0,0,1
154660,259,307,0,0,1
154738,257,307,0,0,1
154800,257,307,0,0,1
154878,257,307,0,0,1
154940,257,309,0,0,1
155018,259,309,0,0,1
155081,259,309,0,0,1
155159,263,307,0,0,1
155221,263,307,0,0,1
155299,265,307,0,0,1
155362,265,307,0,0,1
155424,265,307,0,0,1
155502,267,307,0,0,1
155564,267,307,0,0,1
155642,277,307,0,0,1
155705,283,311,0,0,1
155783,285,311,0,0,1
155845,287,311,0,0,1
155923,287,313,0,0,1
155986,293,313,0,0,1
156064,305,321,0,0,1
156126,307,323,0,0,1
156204,311,323,0,0,1
156266,311,323,0,0,1
156344,313,327,0,0,1
156407,335,357,0,0,1
156485,347,369,0,0,1
156547,367,375,0,0,1
156625,393,381,0,0,1
156688,423,401,0,0,1
156766,455,443,0,0,1
156828,479,471,0,0,1
156906,511,491,0,0,1
156968,533,489,0,0,1
157046,541,489,0,0,1
157109,557,499,0,0,1
157187,575,513,0,0,1
157249,595,523,0,0,1
157327,617,525,0,0,1
157390,625,523,0,0,1
157468,639,525,0,0,1
157530,653,529,0,0,1
157608,659,529,0,0,1
157670,669,531,0,0,1
157748,675,527,0,0,1
157811,677,527,0,0,1
157889,683,535,0,0,1
157951,683,535,0,0,1
158029,687,535,0,0,1
158092,691,521,0,0,1
158170,693,515,0,0,1
158232,693,515,0,0,1
158310,693,515,0,0,1
158372,695,515,0,0,1
158450,701,503,0,0,1
158513,703,485,0,0,1
158591,699,485,0,0,1
158653,687,475,0,0,1
158731,627,415,0,0,1
158794,571,385,0,0,1
158872,523,351,0,0,1
158934,493,329,0,0,1
159012,479,321,0,0,1
159074,441,299,0,0,1
159152,409,291,0,0,1
159215,385,285,0,0,1
159277,377,287,0,0,1
159355,415,341,0,0,1
159433,535,385,0,0,1
159496,603,395,0,0,1
159574,605,393,0,0,1
159636,603,387,0,0,1
159698,601,385,0,0,1
159776,597,383,0,0,1
159839,581,377,0,0,1
159917,565,369,0,0,1
159979,543,351,0,0,1
160057,539,349,0,0,1
160120,535,349,0,0,1
160198,533,349,0,0,1
160260,533,349,0,0,1
160338,529,347,0,0,1
160400,525,345,0,0,1
160478,525,345,0,0,1
160541,525,345,0,0,1
160619,525,345,0,0,1
160681,521,345,0,0,1
160759,517,343,0,0,1
160822,511,343,0,0,1
160900,499,353,0,0,1
160962,487,365,0,0,1
161040,487,365,0,0,1
161102,487,365,0,0,1
161180,487,369,0,0,1
161243,487,369,0,0,1
161321,487,369,0,0,1
161383,487,365,0,0,1
161461,481,349,0,0,1
161524,481,349,0,0,1
161602,479,349,0,0,1
161664,477,347,0,0,1
161742,475,345,0,0,1
161804,471,343,0,0,1
161882,471,343,0,0,1
161945,469,343,0,0,1
162023,469,343,0,0,1
162085,469,343,0,0,1
162163,467,343,0,0,1
162226,465,343,0,0,1
162304,463,343,0,0,1
162366,461,341,0,0,1
162444,447,329,0,0,1
162506,415,277,0,0,1
162584,375,223,0,0,1
162647,345,185,0,0,1
162725,315,151,0,0,1
162787,283,121,0,0,1
162865,279,111,0,0,1
162928,277,109,0,0,1
163006,279,107,0,0,1
163068,287,113,0,0,1
163146,291,121,0,0,1
163208,301,129,0,0,1
163286,305,135,0,0,1
163349,327,157,0,0,1
163427,341,173,0,0,1
163489,347,181,0,0,1
163567,353,187,0,0,1
163630,355,191,0,0,1
163708,363,199,0,0,1
163770,367,211,0,0,1
163848,369,219,0,0,1
163910,369,225,0,0,1
163973,369,227,0,0,1
164051,369,229,0,0,1
164113,369,231,0,0,1
164191,369,235,0,0,1
164254,369,239,0,0,1
164332,369,247,0,0,1
164394,369,251,0,0,1
164472,369,255,0,0,1
164534,369,261,0,0,1
164612,369,265,0,0,1
164675,369,267,0,0,1
164753,369,269,0,0,1
164815,371,273,0,0,1
164893,373,277,0,0,1
164956,373,279,0,0,1
165034,373,281,0,0,1
165096,375,285,0,0,1
165174,375,289,1,0,1
165236,377,293,0,0,1
165314,377,297,1,0,1
165377,379,301,0,0,1
165455,379,303,1,0,1
165517,379,305,0,0,1
165595,379,309,1,0,1
165658,379,315,0,0,1
165736,379,327,1,0,1
165798,379,333,0,0,1
165876,379,343,1,0,1
165938,379,351,0,0,1
166016,379,361,1,0,1
166079,379,369,0,0,1
166157,379,377,1,0,1
166219,379,391,0,0,1
166297,379,409,1,0,1
166360,377,423,0,0,1
166438,375,443,1,0,1
166500,371,461,0,0,1
166578,369,481,1,0,1
166640,369,487,0,0,1
166718,383,483,0,0,1
166781,449,427,0,0,1
166859,467,379,0,0,1
166921,469,373,0,0,1
166999,469,367,0,0,1
167062,479,363,0,0,1
167140,487,355,0,0,1
167202,487,349,0,0,1
167280,487,349,0,0,1
167342,485,347,0,0,1
167420,485,347,0,0,1
167483,483,345,0,0,1
167561,477,341,0,0,1
167623,471,341,0,0,1
167701,469,341,0,0,1
167764,465,341,0,0,1
167842,465,337,0,0,1
167904,463,337,0,0,1
167982,463,337,0,0,1
168044,463,337,0,0,1
168107,461,337,0,0,1
168185,455,335,0,0,1
168247,445,327,0,0,1
168325,443,325,0,0,1
168388,441,321,0,0,1
168466,441,319,0,0,1
168528,435,311,0,0,1
168606,433,303,0,0,1
168668,433,303,0,0,1
168746,433,303,0,0,1
168809,433,303,0,0,1
168887,433,303,0,0,1
168949,427,303,0,0,1
169027,423,305,0,0,1
169090,419,307,0,0,1
169168,419,307,0,0,1
169230,417,307,0,0,1
169308,415,307,0,0,1
169370,407,313,0,0,1
169448,403,325,0,0,1
169511,411,339,0,0,1
169589,445,381,0,0,1
169651,467,397,0,0,1
169729,469,401,0,0,1
169792,469,405,0,0,1
169870,469,405,0,0,1
169932,469,403,0,0,1
170010,471,397,0,0,1
170073,471,397,0,0,1
170151,471,397,0,0,1
170213,471,393,0,0,1
170291,471,393,0,0,1
170353,469,391,0,0,1
170431,469,389,0,0,1
170494,469,389,0,0,1
170572,469,389,0,0,1
170634,469,389,0,0,1
170712,465,385,0,0,1
170775,465,379,0,0,1
170853,465,373,0,0,1
170915,465,369,0,0,1
170993,465,369,0,0,1
171055,459,355,0,0,1
171133,455,349,0,0,1
171196,455,349,0,0,1
171258,453,349,0,0,1
171336,453,351,0,0,1
171399,453,351,0,0,1
171477,451,351,0,0,1
171539,449,353,0,0,1
171617,447,353,0,0,1
171679,447,353,0,0,1
171757,447,353,0,0,1
171820,447,353,0,0,1
171898,451,355,0,0,1
171960,459,357,0,0,1
172038,483,361,0,0,1
172101,495,359,0,0,1
172179,495,359,0,0,1
172241,493,359,0,0,1
172319,491,359,0,0,1
172381,491,359,0,0,1
172459,491,359,0,0,1
172522,491,357,0,0,1
172600,491,355,0,0,1
172662,491,355,0,0,1
172740,491,355,0,0,1
172803,491,355,0,0,1
172881,487,353,0,0,1
172943,485,353,0,0,1
173021,485,353,0,0,1
173083,481,351,0,0,1
173161,477,347,0,0,1
173224,463,333,0,0,1
173302,457,327,0,0,1
173364,457,327,0,0,1
173442,457,325,0,0,1
173505,455,315,0,0,1
173583,451,303,0,0,1
173645,447,301,0,0,1
173723,443,303,0,0,1
173785,437,307,0,0,1
173863,433,307,0,0,1
173926,431,307,0,0,1
173988,431,307,0,0,1
174066,431,307,0,0,1
174129,431,307,0,0,1
174207,431,307,0,0,1
174269,431,307,0,0,1
174347,429,307,0,0,1
174409,425,307,0,0,1
174487,421,309,0,0,1
174550,417,309,0,0,1
174628,417,311,0,0,1
174690,417,311,0,0,1
174768,417,311,0,0,1
174831,403,315,0,0,1
174909,349,319,0,0,1
174971,293,311,0,0,1
175049,267,303,0,0,1
175111,259,301,0,0,1
175189,259,301,0,0,1
175252,263,303,0,0,1
175330,277,307,0,0,1
175392,281,305,0,0,1
175470,281,305,0,0,1
175533,283,307,0,0,1
175611,283,309,0,0,1
175673,285,311,0,0,1
175751,285,311,0,0,1
175813,285,311,0,0,1
175891,285,311,0,0,1
175954,285,311,0,0,1
176032,285,311,0,0,1
176094,285,311,0,0,1
176172,285,311,0,0,1
176235,275,311,0,0,1
176313,271,311,0,0,1
176375,271,311,0,0,1
176453,271,309,0,0,1
176515,271,303,0,0,1
176593,271,303,0,0,1
176656,271,303,0,0,1
176734,271,303,0,0,1
176796,271,303,0,0,1
176874,271,303,0,0,1
176937,279,303,0,0,1
177015,293,303,0,0,1
177077,299,303,0,0,1
177155,301,301,0,0,1
177217,301,301,0,0,1
177295,301,301,0,0,1
177358,301,301,0,0,1
177436,301,301,0,0,1
177498,299,301,0,0,1
177576,297,301,0,0,1
177639,295,301,0,0,1
177717,291,301,0,0,1
177779,291,303,0,0,1
177857,291,303,0,0,1
177919,291,303,0,0,1
177997,291,303,0,0,1
178060,291,303,0,0,1
178138,291,303,0,0,1
178200,291,303,0,0,1
178278,291,303,0,0,1
178341,291,303,0,0,1
178419,291,303,0,0,1
178481,291,303,0,0,1
178559,291,303,0,0,1
178621,291,303,0,0,1
178699,291,303,0,0,1
178762,295,303,0,0,1
178840,301,303,0,0,1
178902,307,303,0,0,1
178965,315,301,0,0,1
179043,323,295,0,0,1
179105,325,295,0,0,1
179183,325,295,0,0,1
179245,329,295,0,0,1
179323,335,295,0,0,1
179386,339,293,0,0,1
179464,339,293,0,0,1
179526,339,293,0,0,1
179604,341,295,0,0,1
179667,341,295,0,0,1
179745,341,295,0,0,1
179807,341,295,0,0,1
179885,341,295,0,0,1
179947,341,295,0,0,1
180025,341,295,0,0,1
180088,341,295,0,0,1
180166,341,295,0,0,1
180228,341,295,0,0,1
180306,341,297,0,0,1
180369,345,299,0,0,1
180447,351,303,0,0,1
180509,391,331,0,0,1
180587,489,399,0,0,1
180649,567,445,0,0,1
180727,615,465,0,0,1
180790,659,481,0,0,1
180868,683,481,0,0,1
180930,691,487,0,0,1
181008,703,499,0,0,1
181071,707,501,0,0,1
181149,707,501,0,0,1
181211,707,499,0,0,1
181289,707,497,0,0,1
181351,707,497,0,0,1
181429,707,497,0,0,1
181492,707,497,0,0,1
181570,705,491,0,0,1
181632,703,489,0,0,1
181710,703,489,0,0,1
181773,703,491,0,0,1
181851,703,491,0,0,1
181913,703,491,0,0,1
181991,701,487,0,0,1
182053,701,485,0,0,1
182116,701,485,0,0,1
182194,701,485,0,0,1
182256,699,479,0,0,1
182334,697,465,0,0,1
182397,697,461,0,0,1
182475,697,461,0,0,1
182537,697,451,0,0,1
182615,709,417,0,0,1
182677,711,343,0,0,1
182755,709,307,0,0,1
182818,707,297,0,0,1
182896,705,295,0,0,1
182958,705,289,0,0,1
183036,705,279,0,0,1
183114,697,263,0,0,1
183177,695,261,0,0,1
183255,693,259,0,0,1
183317,685,239,0,0,1
183395,671,209,0,0,1
183457,627,161,0,0,1
183535,601,155,0,0,1
183598,545,161,0,0,1
183676,511,159,0,0,1
183738,485,151,0,0,1
183816,455,141,0,0,1
183879,429,141,0,0,1
183957,405,149,0,0,1
184019,377,155,0,0,1
184097,361,161,0,0,1
184159,359,163,0,0,1
184237,379,175,0,0,1
184300,461,199,0,0,1
184378,547,187,0,0,1
184440,589,177,0,0,1
184518,615,165,0,0,1
184581,619,163,0,0,1
184659,621,163,0,0,1
184721,633,161,0,0,1
184799,659,157,0,0,1
184861,671,151,0,0,1
184939,687,151,0,0,1
185002,697,151,0,0,1
185080,705,151,0,0,1
185142,709,151,0,0,1
185220,709,151,0,0,1
185283,705,151,0,0,1
185361,685,161,0,0,1
185423,653,173,0,0,1
185501,639,179,0,0,1
185563,627,181,0,0,1
185641,591,191,0,0,1
185704,535,207,0,0,1
185782,467,207,0,0,1
185844,383,183,0,0,1
185922,345,169,0,0,1
185985,327,161,0,0,1
186063,323,161,0,0,1
186125,323,161,0,0,1
186203,323,161,0,0,1
186265,323,161,0,0,1
186328,323,161,0,0,1
186406,321,167,0,0,1
186468,319,183,0,0,1
186546,319,187,0,0,1
186609,319,189,0,0,1
186687,319,189,0,0,1
186749,325,189,0,0,1
186827,335,193,0,0,1
186889,341,195,0,0,1
186967,355,201,0,0,1
187030,365,205,0,0,1
187108,411,247,0,0,1
187170,495,301,0,0,1
187248,537,323,0,0,1
187311,557,329,0,0,1
187389,563,331,0,0,1
187451,567,337,0,0,1
187529,587,365,0,0,1
187591,599,379,0,0,1
187669,599,381,0,0,1
187732,599,381,0,0,1
187810,575,389,0,0,1
187872,489,415,0,0,1
187950,381,421,0,0,1
188013,239,367,0,0,1
188091,199,349,0,0,1
188153,175,335,0,0,1
188231,173,335,0,0,1
188293,183,333,0,0,1
188371,193,331,0,0,1
188434,207,329,0,0,1
188512,223,321,0,0,1
188574,227,319,0,0,1
188652,229,319,0,0,1
188715,231,319,0,0,1
188793,235,319,0,0,1
188855,245,319,0,0,1
188933,247,317,0,0,1
188995,253,317,0,0,1
189073,257,317,0,0,1
189136,295,315,0,0,1
189198,375,289,0,0,1
189276,401,271,0,0,1
189339,407,267,0,0,1
189417,407,267,0,0,1
189479,407,267,0,0,1
189557,407,267,0,0,1
189619,407,267,0,0,1
189697,403,267,0,0,1
189760,395,273,0,0,1
189838,381,279,0,0,1
189900,377,283,0,0,1
189978,375,285,0,0,1
190041,375,293,0,0,1
190119,385,319,0,0,1
190181,391,327,0,0,1
190259,393,329,0,0,1
190321,401,329,0,0,1
190399,445,343,0,0,1
190462,489,361,0,0,1
190540,523,365,0,0,1
190602,525,363,0,0,1
190680,525,359,0,0,1
190743,525,357,0,0,1
190821,525,357,0,0,1
190883,525,357,0,0,1
190961,529,353,0,0,1
191023,529,351,0,0,1
191101,527,349,0,0,1
191164,527,349,0,0,1
191242,523,349,0,0,1
191304,521,345,0,0,1
191382,519,341,0,0,1
191445,515,337,0,0,1
191523,515,337,0,0,1
191585,513,335,0,0,1
191663,511,333,0,0,1
191725,509,325,0,0,1
191803,509,323,0,0,1
191866,509,323,0,0,1
191944,507,323,0,0,1
192006,503,325,0,0,1
192084,495,327,0,0,1
192147,491,331,0,0,1
192225,485,335,0,0,1
192287,481,337,0,0,1
192365,475,339,0,0,1
192427,475,339,0,0,1
192505,475,339,0,0,1
192568,475,339,0,0,1
192646,475,339,0,0,1
192708,475,339,0,0,1
192786,475,339,0,0,1
192849,475,339,0,0,1
192927,475,339,0,0,1
192989,475,339,0,0,1
193051,473,339,0,0,1
193129,469,341,0,0,1
193192,455,341,0,0,1
193270,399,333,0,0,1
193332,367,333,0,0,1
193410,343,331,0,0,1
193473,339,329,0,0,1
193551,337,327,1,0,1
193613,337,325,1,0,1
193691,337,323,1,0,1
193753,329,293,1,0,1
193831,315,257,1,0,1
193894,307,243,1,0,1
193972,305,241,1,0,1
194034,299,251,1,0,1
194112,289,273,1,0,1
194175,283,291,1,0,1
194253,281,297,1,0,1
194315,277,301,1,0,1
194393,271,309,1,0,1
194455,267,309,1,0,1
194533,259,299,1,0,1
194596,239,263,1,0,1
194674,227,243,1,0,1
194736,227,243,1,0,1
194814,227,249,1,0,1
194877,227,253,0,0,1
194955,233,255,0,0,1
195017,271,245,0,0,1
195095,287,241,0,0,1
195157,299,253,0,0,1
195235,303,257,0,0,1
195298,307,259,0,0,1
195376,313,259,0,0,1
195438,319,261,0,0,1
195516,331,271,0,0,1
195579,335,271,0,0,1
195657,339,271,0,0,1
195719,341,271,0,0,1
195797,347,273,0,0,1
195859,363,277,0,0,1
195937,371,279,0,0,1
196000,377,279,0,0,1
196078,377,279,0,0,1
196140,381,279,0,0,1
196218,383,281,0,0,1
196281,383,283,0,0,1
196359,383,293,0,0,1
196421,387,309,0,0,1
196499,387,319,0,0,1
196561,381,325,0,0,1
196639,371,327,0,0,1
196702,365,331,0,0,1
196780,363,331,0,0,1
196842,361,331,0,0,1
196920,351,339,0,0,1
196983,349,341,0,0,1
197061,349,341,0,0,1
197123,349,339,0,0,1
197201,351,339,0,0,1
197263,351,339,0,0,1
197341,351,339,0,0,1
197404,351,339,0,0,1
197482,351,339,0,0,1
197544,355,339,0,0,1
197622,365,341,0,0,1
197685,365,343,0,0,1
197763,367,343,0,0,1
197825,373,343,0,0,1
197903,377,343,0,0,1
197965,385,345,0,0,1
198043,389,347,0,0,1
198106,395,347,0,0,1
198184,403,347,0,0,1
198246,405,345,0,0,1
198324,405,345,0,0,1
198387,405,345,0,0,1
198465,405,345,0,0,1
198527,405,345,0,0,1
198605,405,345,0,0,1
198667,405,345,0,0,1
198745,405,345,0,0,1
198808,405,345,0,0,1
198886,405,343,0,0,1
198948,405,341,0,0,1
199026,405,341,0,0,1
199089,407,341,0,0,1
199167,419,341,0,0,1
199229,433,333,0,0,1
199307,437,329,0,0,1
199369,437,329,0,0,1
199447,437,329,0,0,1
199510,437,331,0,0,1
199588,439,331,0,0,1
199650,439,331,0,0,1
199728,443,335,0,0,1
199791,447,335,0,0,1
199869,447,335,0,0,1
199931,447,335,0,0,1
200009,447,335,0,0,1
200071,447,335,0,0,1
200134,447,335,0,0,1
200212,445,335,0,0,1
200274,443,333,0,0,1
200352,441,331,0,0,1
200415,439,331,0,0,1
200493,439,331,0,0,1
200555,439,331,0,0,1
200633,439,331,0,0,1
200696,437,329,0,0,1
200774,437,329,0,0,1
200836,437,329,0,0,1
200914,437,329,0,0,1
200976,431,311,0,0,1
201054,413,239,0,0,1
201117,411,225,0,0,1
201195,411,231,0,0,1
201257,417,245,0,0,1
201335,425,265,0,0,1
201398,439,287,0,0,1
201476,443,301,0,0,1
201538,449,311,0,0,1
201616,453,317,0,0,1
201678,465,331,0,0,1
201756,471,343,0,0,1
201819,487,377,0,0,1
201897,509,419,0,0,1
201959,531,455,0,0,1
202037,545,467,0,0,1
202100,563,471,0,0,1
202178,589,473,0,0,1
202240,597,475,0,0,1
202318,597,471,0,0,1
202380,609,457,0,0,1
202458,619,421,0,0,1
202521,619,407,0,0,1
202599,609,395,0,0,1
202661,567,335,0,0,1
202739,509,261,0,0,1
202802,451,215,0,0,1
202880,417,193,0,0,1
202942,405,191,0,0,1
203020,379,177,0,0,1
203082,343,157,0,0,1
203160,323,145,0,0,1
203223,307,141,0,0,1
203301,299,141,0,0,1
203363,293,143,0,0,1
203441,285,143,0,0,1
203504,279,145,0,0,1
203566,275,147,0,0,1
203644,275,165,0,0,1
203706,281,177,0,0,1
203784,289,179,0,0,1
203847,291,179,0,0,1
203925,307,177,0,0,1
203987,319,181,0,0,1
204065,323,185,0,0,1
204128,323,185,0,0,1
204206,327,185,0,0,1
204268,331,183,0,0,1
204346,335,183,0,0,1
204408,337,183,0,0,1
204486,337,183,0,0,1
204549,339,181,0,0,1
204627,341,181,0,0,1
204689,353,183,0,0,1
204767,357,187,0,0,1
204830,359,187,0,0,1
204908,361,187,0,0,1
204970,363,187,0,0,1
205048,363,187,0,0,1
205110,363,187,0,0,1
205188,363,187,0,0,1
205251,359,187,0,0,1
205329,353,187,0,0,1
205391,341,189,0,0,1
205469,303,193,0,0,1
205532,269,189,0,0,1
205610,251,183,0,0,1
205672,247,181,0,0,1
205750,239,181,0,0,1
205812,223,187,0,0,1
205890,203,201,0,0,1
205953,197,207,0,0,1
206031,195,207,0,0,1
206093,193,211,0,0,1
206171,189,219,0,0,1
206234,183,225,0,0,1
206312,181,233,0,0,1
206374,177,233,0,0,1
206452,169,245,0,0,1
206514,163,261,0,0,1
206592,155,273,0,0,1
206655,147,289,0,0,1
206717,141,301,0,0,1
206795,133,337,0,0,1
206858,133,363,0,0,1
206936,139,373,0,0,1
206998,155,377,0,0,1
207076,185,379,0,0,1
207138,247,383,0,0,1
207216,345,381,0,0,1
207279,431,347,0,0,1
207357,493,301,0,0,1
207419,507,275,0,0,1
207497,507,275,0,0,1
207560,499,269,0,0,1
207638,451,219,0,0,1
207700,411,175,0,0,1
207778,389,161,0,0,1
207840,379,169,0,0,1
207918,375,181,0,0,1
207981,375,193,0,0,1
208059,375,201,0,0,1
208121,377,207,0,0,1
208199,385,239,0,0,1
208262,389,255,0,0,1
208340,387,267,0,0,1
208402,383,277,0,0,1
208480,377,281,0,0,1
208542,375,297,0,0,1
208620,375,313,0,0,1
208683,377,319,0,0,1
208761,377,319,0,0,1
208823,377,319,0,0,1
208901,377,319,0,0,1
208964,377,325,0,0,1
209042,361,343,0,0,1
209104,345,367,0,0,1
209182,325,371,0,0,1
209244,277,377,0,0,1
209322,225,361,0,0,1
209385,203,341,0,0,1
209463,207,331,0,0,1
209525,217,313,0,0,1
209603,231,309,0,0,1
209666,253,307,0,0,1
209744,261,305,0,0,1
209806,269,303,0,0,1
209884,273,301,0,0,1
209946,273,301,0,0,1
210024,273,301,0,0,1
210087,273,301,0,0,1
210165,273,301,0,0,1
210227,273,301,0,0,1
210305,273,301,0,0,1
210368,273,301,0,0,1
210446,273,301,0,0,1
210508,273,303,0,0,1
210586,281,309,0,0,1
210648,301,341,0,0,1
210726,313,381,0,0,1
210789,315,397,0,0,1
210867,319,397,0,0,1
210929,373,385,0,0,1
211007,499,369,0,0,1
211070,525,365,0,0,1
211148,529,361,0,0,1
211210,531,361,0,0,1
211288,531,361,0,0,1
211350,521,361,0,0,1
211428,509,369,0,0,1
211491,497,371,0,0,1
211569,485,375,0,0,1
211631,479,375,0,0,1
211694,469,375,0,0,1
211772,453,379,0,0,1
211834,439,379,0,0,1
211912,427,381,0,0,1
211974,419,381,0,0,1
212052,407,385,0,0,1
212115,395,395,0,0,1
212193,389,401,0,0,1
212255,387,403,0,0,1
212333,387,399,0,0,1
212396,381,381,0,0,1
212474,367,361,0,0,1
212536,353,337,0,0,1
212614,347,329,0,0,1
212676,349,327,0,0,1
212754,363,327,0,0,1
212817,369,331,0,0,1
212895,369,331,0,0,1
212957,365,331,0,0,1
213035,361,331,0,0,1
213098,361,331,0,0,1
213176,361,331,0,0,1
213238,361,331,0,0,1
213316,361,331,0,0,1
213378,361,331,0,0,1
213456,363,331,0,0,1
213519,365,331,0,0,1
213597,365,331,0,0,1
213659,365,333,0,0,1
213737,363,333,0,0,1
213800,343,333,0,0,1
213878,309,331,0,0,1
213940,273,325,0,0,1
214018,261,323,0,0,1
214080,255,315,0,0,1
214158,253,313,0,0,1
214221,253,313,0,0,1
214299,255,317,0,0,1
214361,261,317,0,0,1
214424,273,315,0,0,1
214502,275,313,0,0,1
214564,277,313,0,0,1
214642,279,313,0,0,1
214704,279,313,0,0,1
214782,281,315,0,0,1
214845,285,315,0,0,1
214923,287,315,0,0,1
215001,287,315,0,0,1
215063,283,315,0,0,1
215141,275,315,0,0,1
215204,259,315,0,0,1
215282,241,323,0,0,1
215344,231,331,0,0,1
215422,229,331,0,0,1
215484,243,333,0,0,1
215562,289,335,0,0,1
215625,377,375,0,0,1
215703,461,415,0,0,1
215765,505,435,0,0,1
215843,535,453,0,0,1
215906,555,453,0,0,1
215984,569,463,0,0,1
216046,595,491,0,0,1
216124,603,503,0,0,1
216186,611,513,0,0,1
216264,619,515,0,0,1
216327,625,517,0,0,1
216405,629,519,0,0,1
216467,629,519,0,0,1
216545,631,519,0,0,1
216608,633,515,0,0,1
216686,633,513,0,0,1
216748,633,513,0,0,1
216826,633,513,0,0,1
216888,633,507,0,0,1
216951,635,477,0,0,1
217029,635,437,0,0,1
217091,631,429,0,0,1
217169,621,403,0,0,1
217232,593,357,0,0,1
217310,559,307,0,0,1
217372,523,259,0,0,1
217450,515,251,0,0,1
217512,505,245,0,0,1
217590,473,225,0,0,1
217653,455,209,0,0,1
217731,437,197,0,0,1
217793,427,197,0,0,1
217871,409,201,0,0,1
217934,383,205,0,0,1
218012,357,209,0,0,1
218074,339,207,0,0,1
218152,329,207,0,0,1
218214,315,211,0,0,1
218292,311,217,0,0,1
218355,321,235,0,0,1
218433,345,249,0,0,1
218495,351,249,0,0,1
218573,353,251,0,0,1
218636,353,253,0,0,1
218714,351,259,0,0,1
218776,345,267,0,0,1
218854,335,289,0,0,1
218916,325,319,0,0,1
218994,321,335,0,0,1
219057,319,339,0,0,1
219135,319,341,1,0,1
219197,315,351,1,0,1
219275,311,373,1,0,1
219338,307,391,1,0,1
219416,307,397,1,0,1
219478,305,401,1,0,1
219556,301,415,1,0,1
219618,299,431,1,0,1
219696,295,439,1,0,1
219759,287,447,1,0,1
219837,273,459,1,0,1
219899,253,477,1,0,1
219977,237,493,1,0,1
220040,223,505,1,0,1
220118,223,507,1,0,1
220180,223,507,1,0,1
220258,269,491,1,0,1
220320,339,445,1,0,1
220383,353,407,1,0,1
220461,353,405,1,0,1
220523,347,397,1,0,1
220601,331,385,0,0,1
220664,329,379,0,0,1
220742,341,373,0,0,1
220804,393,349,0,0,1
220882,435,305,0,0,1
220944,457,291,0,0,1
221022,459,289,0,0,1
221085,449,287,0,0,1
221163,453,287,0,0,1
221225,457,287,0,0,1
221303,405,301,0,0,1
221366,287,365,0,0,1
221444,261,379,0,0,1
221506,249,383,0,0,1
221584,247,391,0,0,1
221646,245,411,0,0,1
221724,237,423,0,0,1
221787,237,435,0,0,1
221865,239,437,0,0,1
221927,247,443,0,0,1
222005,253,449,0,0,1
222068,257,457,0,0,1
222146,261,467,0,0,1
222208,261,471,0,0,1
222286,263,483,0,0,1
222348,267,495,0,0,1
222426,267,499,0,0,1
222489,269,499,0,0,1
222567,281,479,0,0,1
222629,331,405,0,0,1
222707,351,317,0,0,1
222770,341,277,0,0,1
222848,333,247,0,0,1
222910,337,243,0,0,1
222988,337,245,0,0,1
223050,339,251,0,0,1
223128,339,259,0,0,1
223191,337,263,0,0,1
223269,319,265,0,0,1
223331,305,273,0,0,1
223409,299,285,0,0,1
223472,299,291,0,0,1
223534,293,301,0,0,1
223612,281,303,0,0,1
223674,277,311,1,0,1
223752,365,341,1,0,1
223830,437,341,1,0,1
223893,427,343,1,0,1
223971,347,369,1,0,1
224033,335,377,1,0,1
224111,423,381,1,0,1
224174,501,379,1,0,1
224252,561,387,1,0,1
224314,601,385,1,0,1
224392,637,379,1,0,1
224454,681,379,1,0,1
224532,701,361,1,0,1
224595,719,337,1,0,1
224673,721,315,1,0,1
224735,703,325,1,0,1
224813,649,397,1,0,1
224876,593,447,1,0,1
224954,527,457,1,0,1
225016,471,437,1,0,1
225094,443,403,0,0,1
225156,429,393,0,0,1
225234,401,373,0,0,1
225297,339,313,0,0,1
225359,305,271,0,0,1
225437,289,245,0,0,1
225500,285,241,0,0,1
225578,283,237,0,0,1
225640,281,223,0,0,1
225718,279,211,0,0,1
225780,277,201,0,0,1
225858,277,201,0,0,1
225921,277,201,0,0,1
225999,285,201,0,0,1
226061,299,193,0,0,1
226139,317,181,0,0,1
226202,333,177,0,0,1
226280,335,177,0,0,1
226342,297,191,0,0,1
226420,293,195,0,0,1
226482,341,183,0,0,1
226560,427,169,0,0,1
226623,451,159,0,0,1
226701,453,147,0,0,1
226763,457,119,0,0,1
226841,455,103,0,0,1
226904,455,103,0,0,1
226982,449,105,0,0,1
227044,441,111,0,0,1
227122,441,113,0,0,1
227184,441,113,0,0,1
227262,445,117,1,0,1
227325,449,131,1,0,1
227403,457,159,1,0,1
227465,459,161,1,0,1
227543,459,161,1,0,1
227606,459,159,1,0,1
227684,459,157,1,0,1
227746,453,157,1,0,1
227824,439,161,1,0,1
227886,429,163,1,0,1
227964,427,169,1,0,1
228027,427,179,1,0,1
228105,427,189,1,0,1
228167,429,193,0,0,1
228245,435,195,0,0,1
228308,471,243,0,0,1
228386,521,333,0,0,1
228448,531,349,0,0,1
228510,533,349,0,0,1
228588,533,347,0,0,1
228651,531,347,0,0,1
228729,531,347,0,0,1
228791,531,347,0,0,1
228869,531,347,0,0,1
228932,529,339,0,0,1
229010,527,337,0,0,1
229072,527,337,0,0,1
229150,523,337,0,0,1
229212,523,337,0,0,1
229290,521,335,0,0,1
229353,517,333,0,0,1
229431,517,333,0,0,1
229493,517,333,0,0,1
229571,517,333,0,0,1
229634,515,333,0,0,1
229712,507,333,0,0,1
229774,491,343,0,0,1
229852,481,361,0,0,1
229914,477,369,0,0,1
229992,477,369,0,0,1
230055,477,367,0,0,1
230133,477,365,0,0,1
230195,477,363,0,0,1
230273,477,359,0,0,1
230336,477,355,0,0,1
230414,473,347,0,0,1
230476,473,347,0,0,1
230554,471,347,0,0,1
230616,467,345,0,0,1
230694,467,343,0,0,1
230757,465,343,0,0,1
230835,465,343,0,0,1
230897,463,343,0,0,1
230975,459,341,0,0,1
231038,455,335,0,0,1
231116,443,319,0,0,1
231178,443,319,0,0,1
231256,427,301,0,0,1
231318,345,241,0,0,1
231396,315,221,0,0,1
231459,307,219,0,0,1
231537,305,229,0,0,1
231599,309,233,0,0,1
231677,313,237,0,0,1
231740,317,237,0,0,1
231818,321,239,0,0,1
231880,327,249,0,0,1
231958,333,265,0,0,1
232021,337,269,0,0,1
232099,341,273,0,0,1
232161,341,273,0,0,1
232239,343,275,0,0,1
232301,343,275,0,0,1
232379,343,275,0,0,1
232442,343,275,0,0,1
232520,343,275,0,0,1
232582,343,277,0,0,1
232660,345,281,0,0,1
232723,359,281,0,0,1
232801,441,257,0,0,1
232863,491,155,0,0,1
232941,487,121,0,0,1
233003,479,121,0,0,1
233081,439,141,0,0,1
233144,425,165,0,0,1
233222,425,167,0,0,1
233284,429,189,0,0,1
233362,433,253,0,0,1
233425,427,273,0,0,1
233503,429,285,0,0,1
233565,435,285,0,0,1
233643,451,279,0,0,1
233705,461,279,0,0,1
233768,467,279,0,0,1
233846,477,279,0,0,1
233908,483,275,0,0,1
233986,485,275,0,0,1
234049,495,279,0,0,1
234127,517,287,0,0,1
234189,537,289,0,0,1
234267,547,293,0,0,1
234329,573,351,0,0,1
234407,549,437,0,0,1
234470,481,463,0,0,1
234548,367,477,0,0,1
234610,303,449,0,0,1
234688,245,337,0,0,1
234751,325,277,0,0,1
234829,419,269,0,0,1
234891,465,329,0,0,1
234969,399,377,0,0,1
235031,345,363,0,0,1
235109,345,327,0,0,1
235172,457,297,0,0,1
235250,517,345,0,0,1
235312,543,401,0,0,1
235390,537,401,0,0,1
235453,541,403,0,0,1
235531,565,425,0,0,1
235593,585,431,0,0,1
235671,593,431,0,0,1
235765,599,425,0,0,1
235858,601,423,0,0,1
235921,603,421,0,0,1
235999,607,417,0,0,1
236061,607,407,0,0,1
236139,601,389,0,0,1
236201,597,381,0,0,1
236279,597,381,0,0,1
236342,581,355,0,0,1
236420,513,255,0,0,1
236482,449,161,0,0,1
236560,435,149,0,0,1
236623,433,155,0,0,1
236701,429,163,0,0,1
236763,401,179,0,0,1
236841,359,195,0,0,1
236903,331,207,0,0,1
236981,323,217,0,0,1
237044,313,247,0,0,1
237122,311,259,0,0,1
237184,309,267,0,0,1
237262,309,277,0,0,1
237325,309,289,0,0,1
237403,309,301,0,0,1
237465,309,317,0,0,1
237543,321,325,0,0,1
237605,337,317,0,0,1
237683,337,317,0,0,1
237746,337,317,0,0,1
237824,331,319,0,0,1
237886,319,321,0,0,1
237964,307,321,0,0,1
238027,305,321,0,0,1
238105,297,323,0,0,1
238167,281,341,0,0,1
238245,271,349,0,0,1
238307,267,361,0,0,1
238385,261,371,0,0,1
238448,253,371,0,0,1
238526,247,373,0,0,1
238588,237,373,0,0,1
238666,233,373,0,0,1
238729,229,373,0,0,1
238807,223,373,0,0,1
238869,223,373,0,0,1
238947,217,373,0,0,1
239009,217,371,0,0,1
239087,215,367,0,0,1
239150,213,351,0,0,1
239228,213,343,0,0,1
239290,211,339,0,0,1
239368,211,339,0,0,1
239431,221,337,0,0,1
239509,253,317,0,0,1
239571,295,267,0,0,1
239649,317,197,0,0,1
239711,333,173,0,0,1
239789,353,163,0,0,1
239852,367,151,0,0,1
239914,385,139,0,0,1
239992,391,127,0,0,1
240055,395,127,0,0,1
240133,401,127,0,0,1
240195,401,129,0,0,1
240273,401,129,0,0,1
240335,401,129,0,0,1
240413,397,131,1,0,1
240476,375,139,1,0,1
240554,331,155,1,0,1
240616,315,159,1,0,1
240694,303,159,1,0,1
240757,293,165,1,0,1
240835,281,175,1,0,1
240897,243,201,1,0,1
240975,197,239,1,0,1
241037,165,255,1,0,1
241115,145,313,1,0,1
241178,165,347,1,0,1
241256,201,343,1,0,1
241318,291,317,1,0,1
241396,351,301,1,0,1
241459,375,315,1,0,1
241537,389,331,1,0,1
241599,391,335,1,0,1
241677,367,343,1,0,1
241739,311,359,1,0,1
241817,271,377,1,0,1
241880,235,395,1,0,1
241958,187,419,1,0,1
242020,163,427,1,0,1
242098,149,419,1,0,1
242161,143,415,1,0,1
242239,159,397,1,0,1
242301,181,371,1,0,1
242379,205,361,1,0,1
242441,229,353,1,0,1
242519,249,351,1,0,1
242582,273,345,1,0,1
242660,299,343,1,0,1
242722,329,339,1,0,1
242800,363,343,1,0,1
242863,399,363,1,0,1
242941,437,399,1,0,1
243003,457,431,1,0,1
243081,477,453,1,0,1
243143,481,453,0,0,1
243221,493,457,0,0,1
243284,515,457,0,0,1
243362,531,453,0,0,1
243424,547,443,0,0,1
243502,557,429,0,0,1
243565,565,413,0,0,1
243643,545,363,0,0,1
243705,501,315,0,0,1
243783,471,279,0,0,1
243845,455,257,0,0,1
243923,455,257,0,0,1
243986,455,257,0,0,1
244064,451,253,0,0,1
244126,435,249,0,0,1
244204,415,249,0,0,1
244267,401,269,0,0,1
244345,385,291,0,0,1
244407,373,311,0,0,1
244485,365,315,0,0,1
244547,357,319,0,0,1
244625,351,331,0,0,1
244688,345,341,0,0,1
244766,337,355,0,0,1
244828,331,359,0,0,1
244906,323,363,0,0,1
244969,311,375,0,0,1
245047,303,383,0,0,1
245109,297,387,0,0,1
245187,293,389,0,0,1
245249,281,393,0,0,1
245327,267,407,0,0,1
245390,251,419,0,0,1
245468,237,429,0,0,1
245530,225,429,0,0,1
245608,211,433,0,0,1
245671,197,437,0,0,1
245749,177,439,0,0,1
245811,161,441,0,0,1
245889,149,439,0,0,1
245951,139,439,0,0,1
246029,133,435,0,0,1
246092,127,429,0,0,1
246170,119,409,0,0,1
246232,115,387,0,0,1
246310,157,371,0,0,1
246373,267,333,0,0,1
246451,379,331,0,0,1
246513,505,339,0,0,1
246575,563,365,0,0,1
246653,575,379,0,0,1
246716,575,379,0,0,1
246794,575,379,0,0,1
246856,569,375,0,0,1
246934,559,371,0,0,1
246997,549,369,0,0,1
247075,541,365,0,0,1
247137,541,363,0,0,1
247215,537,361,0,0,1
247277,533,361,0,0,1
247355,531,361,0,0,1
247418,525,359,0,0,1
247496,519,355,0,0,1
247558,515,351,0,0,1
247636,515,351,0,0,1
247699,513,351,0,0,1
247777,513,351,0,0,1
247839,513,351,0,0,1
247917,509,349,0,0,1
247979,505,349,0,0,1
248057,485,359,0,0,1
248120,467,365,0,0,1
248198,465,367,0,0,1
248260,459,365,0,0,1
248338,459,363,0,0,1
248401,457,361,1,0,1
248479,457,361,1,0,1
248541,457,361,0,0,1
248619,457,359,0,0,1
248681,455,359,0,0,1
248759,465,365,0,0,1
248822,497,405,0,0,1
248900,517,431,0,0,1
248962,519,429,1,0,1
249040,527,435,0,0,1
249103,535,449,0,0,1
249181,539,455,0,0,1
249243,545,459,0,0,1
249305,545,459,0,0,1
249383,551,463,0,0,1
249446,565,487,0,0,1
249524,581,497,0,0,1
249586,583,497,0,0,1
249664,585,497,1,0,1
249727,591,497,1,0,1
249805,601,503,0,0,1
249867,605,509,0,0,1
249945,607,515,0,0,1
250007,609,515,0,0,1
250085,609,519,0,0,1
250148,617,527,0,0,1
250226,631,539,0,0,1
250288,643,541,0,0,1
250366,661,539,0,0,1
250429,663,537,0,0,1
250507,663,537,0,0,1
250569,665,537,0,0,1
250647,665,539,0,0,1
250709,665,541,0,0,1
250787,665,541,0,0,1
250850,665,541,0,0,1
250928,665,541,0,0,1
250990,665,541,0,0,1
251068,667,541,0,0,1
251131,667,541,0,0,1
251209,667,541,0,0,1
251271,667,541,0,0,1
251349,667,541,0,0,1
251411,667,541,0,0,1
251489,667,541,0,0,1
251552,667,541,0,0,1
251630,667,541,0,0,1
251692,667,541,0,0,1
