31,89,210,0,0,1
94,89,210,0,0,1
172,89,210,0,0,1
234,89,210,0,0,1
312,89,210,0,0,1
374,89,210,0,0,1
452,89,210,0,0,1
515,101,214,0,0,1
593,229,248,0,0,1
655,345,298,0,0,1
733,375,312,0,0,1
796,375,318,0,0,1
874,351,314,0,0,1
936,331,316,0,0,1
1014,329,316,0,0,1
1076,335,316,0,0,1
1170,349,316,0,0,1
1248,349,314,1,0,1
1310,343,298,1,0,1
1388,343,288,1,0,1
1451,343,286,1,0,1
1529,343,284,1,0,1
1591,345,284,1,0,1
1669,349,284,1,0,1
1732,353,284,1,0,1
1810,355,284,1,0,1
1872,355,284,1,0,1
1950,355,284,1,0,1
2012,355,286,1,0,1
2090,359,288,1,0,1
2153,359,292,1,0,1
2231,359,292,1,0,1
2293,359,292,1,0,1
2371,359,292,1,0,1
2434,359,292,1,0,1
2512,359,280,1,0,1
2574,357,272,1,0,1
2652,357,272,1,0,1
2714,357,272,1,0,1
2792,355,270,1,0,1
2855,353,264,1,0,1
2933,353,264,1,0,1
2995,353,264,0,0,1
3073,353,264,0,0,1
3136,353,264,0,0,1
3214,355,264,0,0,1
3276,359,264,0,0,1
3354,365,264,0,0,1
3416,365,266,0,0,1
3494,365,266,0,0,1
3557,369,266,0,0,1
3635,381,278,0,0,1
3697,387,286,0,0,1
3775,391,290,0,0,1
3838,393,290,0,0,1
3916,401,296,0,0,1
3978,411,304,0,0,1
4056,413,308,0,0,1
4118,415,308,0,0,1
4196,421,312,0,0,1
4259,427,318,0,0,1
4321,433,326,0,0,1
4399,437,328,0,0,1
4462,439,330,0,0,1
4540,445,336,0,0,1
4602,459,350,0,0,1
4680,467,358,0,0,1
4742,467,360,0,0,1
4820,467,360,0,0,1
4883,473,368,0,0,1
4961,481,378,0,0,1
5023,485,382,0,0,1
5101,485,382,0,0,1
5164,487,382,0,0,1
5242,491,388,0,0,1
5304,497,392,0,0,1
5382,497,392,0,0,1
5444,497,392,0,0,1
5522,497,392,0,0,1
5585,497,392,0,0,1
5663,497,392,0,0,1
5725,497,392,0,0,1
5803,497,392,0,0,1
5866,525,400,0,0,1
5944,583,376,0,0,1
6006,621,348,0,0,1
6084,629,314,0,0,1
6146,627,284,0,0,1
6224,625,272,0,0,1
6287,621,262,0,0,1
6365,619,254,0,0,1
6427,619,248,0,0,1
6505,617,234,0,0,1
6568,609,226,0,0,1
6646,581,236,0,0,1
6708,561,250,0,0,1
6786,543,264,0,0,1
6848,529,264,0,0,1
6926,517,266,0,0,1
6989,513,266,0,0,1
7067,513,268,0,0,1
7129,507,272,0,0,1
7207,501,276,0,0,1
7270,493,278,0,0,1
7348,489,280,0,0,1
7410,489,284,0,0,1
7472,485,288,0,0,1
7550,483,290,0,0,1
7613,481,292,0,0,1
7691,481,292,0,0,1
7753,479,294,0,0,1
7831,477,294,0,0,1
7894,475,294,0,0,1
7972,473,296,0,0,1
8034,473,296,0,0,1
8112,473,296,0,0,1
8174,473,296,0,0,1
8252,469,296,0,0,1
8315,467,294,0,0,1
8393,465,294,0,0,1
8455,465,294,0,0,1
8533,461,292,0,0,1
8596,459,290,0,0,1
8674,459,290,0,0,1
8736,459,290,0,0,1
8814,457,290,0,0,1
8876,455,286,0,0,1
8954,455,284,0,0,1
9017,455,278,0,0,1
9095,475,256,0,0,1
9157,503,218,0,0,1
9235,523,196,0,0,1
9298,543,186,0,0,1
9376,559,178,0,0,1
9438,583,168,0,0,1
9516,607,156,0,0,1
9578,625,152,0,0,1
9656,635,150,0,0,1
9719,647,150,0,0,1
9797,659,154,0,0,1
9859,667,172,0,0,1
9937,671,208,0,0,1
10000,671,240,0,0,1
10078,667,268,0,0,1
10140,659,292,0,0,1
10218,645,330,0,0,1
10280,623,352,0,0,1
10343,587,358,0,0,1
10421,555,352,0,0,1
10483,527,344,0,0,1
10561,511,342,0,0,1
10624,501,340,0,0,1
10702,489,338,0,0,1
10764,487,338,0,0,1
10842,487,338,0,0,1
10904,487,338,0,0,1
10982,485,338,0,0,1
11045,483,338,0,0,1
11123,483,338,0,0,1
11185,483,338,0,0,1
11263,483,338,0,0,1
11326,501,338,0,0,1
11404,565,326,0,0,1
11466,621,310,0,0,1
11544,641,304,0,0,1
11606,655,300,0,0,1
11684,665,296,0,0,1
11747,671,296,0,0,1
11825,675,296,0,0,1
11887,679,296,0,0,1
11965,685,292,0,0,1
12028,695,284,0,0,1
12106,707,258,0,0,1
12168,709,214,0,0,1
12246,693,178,0,0,1
12308,669,162,0,0,1
12386,639,154,0,0,1
12449,601,150,0,0,1
12527,563,150,0,0,1
12589,529,152,0,0,1
12667,499,168,0,0,1
12730,477,192,0,0,1
12808,451,212,0,0,1
12870,425,240,0,0,1
12948,409,262,0,0,1
13010,401,294,0,0,1
13088,391,302,0,0,1
13151,385,304,0,0,1
13229,377,304,0,0,1
13291,375,308,0,0,1
13369,371,312,0,0,1
13432,369,312,0,0,1
13510,367,312,0,0,1
13572,363,310,0,0,1
13650,363,310,0,0,1
13712,363,308,0,0,1
13806,369,302,0,0,1
13884,371,300,0,0,1
13946,371,300,0,0,1
14024,371,300,0,0,1
14087,367,296,0,0,1
14165,365,286,0,0,1
14227,365,284,0,0,1
14305,371,284,0,0,1
14368,443,298,0,0,1
14446,525,292,0,0,1
14508,529,292,0,0,1
14586,529,292,0,0,1
14648,531,294,0,0,1
14711,533,294,0,0,1
14789,533,294,0,0,1
14851,533,294,0,0,1
14929,535,294,0,0,1
14992,539,288,0,0,1
15070,545,284,0,0,1
15132,545,282,0,0,1
15210,545,282,0,0,1
15272,543,282,0,0,1
15350,541,280,0,0,1
15413,541,280,0,0,1
15491,541,280,0,0,1
15553,541,278,0,0,1
15631,545,278,0,0,1
15694,555,272,0,0,1
15772,561,268,0,0,1
15834,563,268,0,0,1
15912,563,268,0,0,1
15974,563,268,0,0,1
16052,563,268,0,0,1
16115,559,268,0,0,1
16193,557,268,0,0,1
16255,555,268,0,0,1
16333,553,266,0,0,1
16396,547,266,0,0,1
16474,539,264,0,0,1
16536,527,262,0,0,1
16614,519,258,0,0,1
16676,513,256,0,0,1
16754,513,256,0,0,1
16817,521,256,0,0,1
16895,529,256,0,0,1
16957,529,256,0,0,1
17035,523,256,0,0,1
17098,519,256,0,0,1
17176,517,256,0,0,1
17238,517,256,0,0,1
17316,517,256,0,0,1
17378,517,256,0,0,1
17456,517,258,0,0,1
17519,519,258,0,0,1
17581,559,250,0,0,1
17659,589,240,0,0,1
17722,593,238,0,0,1
17800,595,238,0,0,1
17862,595,238,0,0,1
17940,595,238,0,0,1
18002,595,238,0,0,1
18080,595,238,0,0,1
18143,595,238,0,0,1
18221,595,238,0,0,1
18283,593,238,0,0,1
18361,585,242,0,0,1
18424,581,244,0,0,1
18502,577,246,0,0,1
18564,573,246,0,0,1
18642,571,246,0,0,1
18704,563,250,0,0,1
18782,555,254,0,0,1
18845,547,258,0,0,1
18923,537,264,0,0,1
18985,531,266,0,0,1
19063,525,272,0,0,1
19126,521,274,0,0,1
19204,521,274,0,0,1
19266,521,274,0,0,1
19344,521,274,0,0,1
19406,521,274,0,0,1
19484,507,278,0,0,1
19547,501,280,0,0,1
19625,501,282,0,0,1
19687,499,282,0,0,1
19765,499,282,0,0,1
19828,493,284,0,0,1
19906,485,286,0,0,1
19968,477,290,0,0,1
20046,475,292,0,0,1
20108,473,292,0,0,1
20186,473,292,0,0,1
20249,475,292,0,0,1
20327,475,292,0,0,1
20389,469,296,0,0,1
20467,461,300,0,0,1
20530,453,302,0,0,1
20608,453,302,0,0,1
20670,453,302,0,0,1
20748,455,302,0,0,1
20810,455,302,0,0,1
20888,455,302,0,0,1
20951,455,302,0,0,1
21029,453,304,0,0,1
21091,443,310,0,0,1
21169,435,312,0,0,1
21232,435,312,0,0,1
21310,435,312,0,0,1
21372,433,312,0,0,1
21434,431,310,0,0,1
21512,431,310,0,0,1
21590,433,310,0,0,1
21653,437,310,0,0,1
21715,443,310,0,0,1
21793,447,310,0,0,1
21856,453,308,0,0,1
21934,455,308,0,0,1
21996,455,308,0,0,1
22074,453,308,0,0,1
22136,447,308,0,0,1
22214,437,310,0,0,1
22277,433,312,0,0,1
22355,433,312,0,0,1
22417,459,312,0,0,1
22495,489,312,0,0,1
22558,493,312,0,0,1
22636,493,312,0,0,1
22698,493,312,0,0,1
22776,497,312,1,0,1
22838,505,312,1,0,1
22916,511,312,1,0,1
22979,511,312,1,0,1
23057,513,312,1,0,1
23119,519,312,1,0,1
23197,523,314,1,0,1
23260,525,314,1,0,1
23338,525,314,1,0,1
23400,525,316,1,0,1
23478,525,318,1,0,1
23540,523,320,1,0,1
23618,519,322,1,0,1
23681,515,322,1,0,1
23759,515,322,1,0,1
23821,515,322,1,0,1
23899,513,322,1,0,1
23962,513,322,1,0,1
24040,515,322,1,0,1
24102,517,322,1,0,1
24180,519,322,1,0,1
24242,521,322,1,0,1
24320,523,322,1,0,1
24383,531,324,1,0,1
24461,533,324,0,0,1
24523,533,324,0,0,1
24601,533,324,0,0,1
24664,519,324,0,0,1
24742,451,340,0,0,1
24804,389,340,0,0,1
24866,349,334,0,0,1
24944,321,328,0,0,1
25007,313,326,0,0,1
25085,311,326,0,0,1
25147,311,326,0,0,1
25225,307,322,0,0,1
25288,303,318,0,0,1
25366,303,318,0,0,1
25428,315,318,0,0,1
25506,325,318,0,0,1
25568,333,318,0,0,1
25646,337,318,0,0,1
25709,341,318,0,0,1
25787,341,318,0,0,1
25849,341,318,0,0,1
25927,341,318,0,0,1
25990,341,320,0,0,1
26068,341,320,0,0,1
26130,343,322,0,0,1
26208,343,322,0,0,1
26270,351,324,0,0,1
26348,355,328,0,0,1
26411,357,328,0,0,1
26489,357,328,0,0,1
26551,357,328,0,0,1
26645,361,330,0,0,1
26707,365,332,0,0,1
26785,369,334,0,0,1
26848,371,334,0,0,1
26926,373,334,0,0,1
26988,375,334,0,0,1
27066,375,334,0,0,1
27128,377,334,0,0,1
27206,379,336,0,0,1
27269,383,340,0,0,1
27347,383,342,0,0,1
27409,385,344,0,0,1
27487,385,346,0,0,1
27550,391,352,0,0,1
27628,393,356,0,0,1
27690,395,356,0,0,1
27768,395,356,0,0,1
27830,395,358,0,0,1
27908,385,366,0,0,1
27971,381,366,0,0,1
28049,379,366,0,0,1
28111,387,366,0,0,1
28189,455,384,0,0,1
28252,527,398,0,0,1
28330,563,404,0,0,1
28392,587,404,0,0,1
28470,619,400,0,0,1
28532,641,392,0,0,1
28611,655,382,0,0,1
28673,663,360,0,0,1
28751,661,322,0,0,1
28813,639,280,0,0,1
28891,593,232,0,0,1
28954,569,214,0,0,1
29032,559,204,0,0,1
29094,555,200,0,0,1
29172,555,200,0,0,1
29235,555,200,0,0,1
29297,559,200,0,0,1
29375,563,196,0,0,1
29437,565,196,0,0,1
29515,565,196,0,0,1
29578,569,192,0,0,1
29656,573,184,0,0,1
29718,575,180,0,0,1
29796,577,180,0,0,1
29859,577,178,0,0,1
29937,581,174,0,0,1
29999,583,168,0,0,1
30077,583,168,0,0,1
30139,583,164,0,0,1
30217,577,158,0,0,1
30280,573,150,0,0,1
30358,567,144,0,0,1
30420,565,136,0,0,1
30498,559,130,0,0,1
30561,555,122,0,0,1
30639,551,112,0,0,1
30701,549,112,0,0,1
30779,493,150,0,0,1
30841,329,246,0,0,1
30919,257,280,0,0,1
30982,227,298,0,0,1
31060,213,314,0,0,1
31122,209,314,0,0,1
31200,209,314,0,0,1
31263,211,314,0,0,1
31341,221,314,0,0,1
31403,225,316,0,0,1
31481,231,316,0,0,1
31543,235,314,0,0,1
31621,239,314,0,0,1
31684,245,314,0,0,1
31762,245,314,0,0,1
31824,249,314,0,0,1
31902,251,314,0,0,1
31965,251,314,0,0,1
32027,253,314,0,0,1
32105,253,314,0,0,1
32167,253,314,0,0,1
32245,253,314,0,0,1
32308,255,320,0,0,1
32386,269,338,0,0,1
32448,317,384,0,0,1
32526,421,438,0,0,1
32589,511,474,0,0,1
32667,561,486,0,0,1
32729,579,488,0,0,1
32807,611,490,0,0,1
32869,641,490,0,0,1
32947,655,494,0,0,1
33010,661,496,0,0,1
33088,665,496,0,0,1
33150,665,496,0,0,1
33228,665,498,0,0,1
33291,667,498,0,0,1
33369,667,498,0,0,1
33431,667,498,0,0,1
33509,667,498,0,0,1
33571,667,498,0,0,1
33649,667,490,0,0,1
33712,673,384,0,0,1
33790,673,258,0,0,1
33852,657,194,0,0,1
33930,651,178,0,0,1
33993,651,168,0,0,1
34071,649,154,0,0,1
34133,647,150,0,0,1
34211,643,148,0,0,1
34273,641,148,0,0,1
34351,639,148,0,0,1
34414,637,148,0,0,1
34492,635,148,0,0,1
34554,633,148,0,0,1
34632,631,148,0,0,1
34695,629,148,0,0,1
34773,627,146,0,0,1
34835,585,146,0,0,1
34913,393,156,0,0,1
34975,203,156,0,0,1
35053,175,156,0,0,1
35116,175,156,0,0,1
35194,175,156,0,0,1
35256,175,156,0,0,1
35334,175,156,0,0,1
35397,175,156,0,0,1
35475,173,156,0,0,1
35537,173,156,0,0,1
35631,171,156,0,0,1
35709,171,156,0,0,1
35771,171,156,0,0,1
35849,167,194,0,0,1
35911,161,300,0,0,1
35989,161,378,0,0,1
36052,167,396,0,0,1
36130,169,410,0,0,1
36192,171,430,0,0,1
36270,171,434,0,0,1
36333,173,438,0,0,1
36411,173,438,0,0,1
36473,177,442,0,0,1
36551,201,462,0,0,1
36613,299,484,0,0,1
36691,439,502,0,0,1
36754,473,504,0,0,1
36832,493,508,0,0,1
36894,533,520,0,0,1
36972,571,524,0,0,1
37035,595,516,0,0,1
37113,609,516,0,0,1
37175,613,516,0,0,1
37253,615,516,0,0,1
37315,615,516,0,0,1
37393,615,516,0,0,1
37456,615,516,0,0,1
37534,615,516,0,0,1
37596,619,506,0,0,1
37674,645,434,0,0,1
37737,653,410,0,0,1
37815,653,410,0,0,1
37877,655,410,0,0,1
37955,659,398,0,0,1
38017,669,362,0,0,1
38095,683,348,0,0,1
38158,697,334,0,0,1
38236,699,332,0,0,1
38298,699,330,0,0,1
38376,701,328,0,0,1
38439,709,332,0,0,1
38517,713,336,0,0,1
38579,713,340,0,0,1
38657,713,348,0,0,1
38719,713,362,0,0,1
38797,713,368,0,0,1
38860,715,370,0,0,1
38938,717,372,0,0,1
39000,717,378,0,0,1
39078,717,390,0,0,1
39141,717,396,0,0,1
39219,717,398,0,0,1
39281,715,400,0,0,1
39359,711,404,0,0,1
39421,705,408,0,0,1
39499,705,408,0,0,1
39562,703,412,0,0,1
39624,697,420,0,0,1
39702,693,424,0,0,1
39765,689,428,0,0,1
39843,685,428,0,0,1
39905,679,436,0,0,1
39983,675,442,0,0,1
40045,671,446,0,0,1
40123,667,448,0,0,1
40186,661,452,0,0,1
40264,651,458,0,0,1
40326,641,464,0,0,1
40404,629,470,0,0,1
40467,609,472,0,0,1
40545,575,470,0,0,1
40607,483,458,0,0,1
40685,391,432,0,0,1
40747,341,404,0,0,1
40825,309,374,0,0,1
40888,279,344,0,0,1
40966,253,310,0,0,1
41028,243,282,0,0,1
41106,235,258,0,0,1
41169,233,242,0,0,1
41247,233,218,0,0,1
41309,239,184,0,0,1
41387,251,162,0,0,1
41449,271,152,0,0,1
41527,291,146,0,0,1
41590,323,136,0,0,1
41668,361,124,0,0,1
41730,395,112,0,0,1
41808,431,108,0,0,1
41871,463,108,0,0,1
41949,501,108,0,0,1
42011,533,118,0,0,1
42089,563,134,0,0,1
42151,585,148,0,0,1
42229,607,168,0,0,1
42292,621,186,0,0,1
42370,631,210,0,0,1
42432,643,248,0,0,1
42510,649,284,0,0,1
42573,653,318,0,0,1
42651,647,362,0,0,1
42713,625,408,0,0,1
42775,611,442,0,0,1
42853,607,454,0,0,1
42916,607,458,0,0,1
42994,605,458,0,0,1
43056,595,462,0,0,1
43134,581,462,0,0,1
43197,567,462,0,0,1
43275,549,454,0,0,1
43337,529,446,0,0,1
43415,509,444,0,0,1
43477,477,440,0,0,1
43555,455,434,0,0,1
43618,449,432,0,0,1
43696,459,432,0,0,1
43758,499,440,0,0,1
43836,539,440,0,0,1
43899,555,438,0,0,1
43977,555,436,0,0,1
44039,553,436,0,0,1
44117,551,436,0,0,1
44179,549,436,0,0,1
44257,519,432,0,0,1
44320,451,420,0,0,1
44398,413,418,0,0,1
44460,387,418,0,0,1
44538,371,418,0,0,1
44601,365,418,0,0,1
44679,359,420,0,0,1
44741,343,420,0,0,1
44819,329,420,0,0,1
44881,321,416,0,0,1
44959,321,416,0,0,1
45022,321,418,0,0,1
45100,321,418,0,0,1
45162,321,418,0,0,1
45240,321,418,0,0,1
45303,321,420,0,0,1
45381,321,424,0,0,1
45443,321,424,0,0,1
45521,327,426,0,0,1
45583,335,428,0,0,1
45661,343,430,0,0,1
45724,351,432,0,0,1
45802,359,436,0,0,1
45864,363,436,0,0,1
45927,367,438,0,0,1
46005,373,438,0,0,1
46067,379,440,0,0,1
46145,385,440,1,0,1
46207,391,442,0,0,1
46285,399,442,1,0,1
46348,407,442,0,0,1
46426,411,442,1,0,1
46488,417,444,0,0,1
46566,421,444,1,0,1
46629,429,444,0,0,1
46707,435,442,1,0,1
46769,439,442,0,0,1
46847,447,440,1,0,1
46909,453,438,0,0,1
46987,461,436,1,0,1
47050,467,434,0,0,1
47128,475,432,1,0,1
47190,481,428,0,0,1
47268,485,428,1,0,1
47331,489,424,0,0,1
47409,491,424,1,0,1
47471,495,424,0,0,1
47549,499,422,0,0,1
47611,501,422,0,0,1
47689,501,420,0,0,1
47752,503,420,0,0,1
47830,505,414,0,0,1
47892,507,404,0,0,1
47970,509,394,0,0,1
48033,511,386,0,0,1
48111,509,370,0,0,1
48173,507,358,0,0,1
48251,505,348,0,0,1
48313,503,342,0,0,1
48391,503,342,0,0,1
48454,501,340,0,0,1
48532,497,336,0,0,1
48594,493,336,0,0,1
48672,491,334,0,0,1
48735,491,334,0,0,1
48813,487,332,0,0,1
48875,485,330,0,0,1
48953,479,330,1,0,1
49015,477,328,1,0,1
49093,475,328,0,0,1
49156,467,326,0,0,1
49234,453,322,0,0,1
49296,447,322,0,0,1
49374,443,320,0,0,1
49437,435,320,0,0,1
49515,427,318,0,0,1
49577,419,318,0,0,1
49655,399,318,0,0,1
49717,373,322,0,0,1
49780,335,322,0,0,1
49858,315,318,0,0,1
49920,299,304,0,0,1
49998,285,284,0,0,1
50061,275,254,0,0,1
50139,287,232,0,0,1
50201,313,208,0,0,1
50279,343,192,0,0,1
50341,381,174,0,0,1
50419,413,160,0,0,1
50482,447,144,0,0,1
50560,479,132,0,0,1
50622,507,132,0,0,1
50700,531,130,0,0,1
50763,553,130,0,0,1
50841,579,136,0,0,1
50903,601,146,0,0,1
50981,619,160,0,0,1
51043,631,172,0,0,1
51121,647,198,0,0,1
51184,661,230,0,0,1
51262,667,256,0,0,1
51324,669,280,0,0,1
51402,669,308,0,0,1
51465,665,346,0,0,1
51543,657,374,0,0,1
51605,645,396,0,0,1
51683,633,410,0,0,1
51745,615,434,0,0,1
51823,591,450,0,0,1
51886,565,464,0,0,1
51964,539,472,0,0,1
52026,509,480,0,0,1
52104,481,490,0,0,1
52167,449,498,0,0,1
52245,423,500,0,0,1
52307,407,498,0,0,1
52385,393,498,0,0,1
52447,379,498,0,0,1
52525,369,498,0,0,1
52588,359,498,0,0,1
52666,357,498,0,0,1
52728,355,498,0,0,1
52806,349,494,0,0,1
52869,343,490,0,0,1
52931,343,488,0,0,1
53009,343,488,0,0,1
53071,343,488,0,0,1
53149,341,488,0,0,1
53212,339,488,0,0,1
53290,335,488,0,0,1
53352,333,488,0,0,1
53430,333,486,0,0,1
53493,333,484,0,0,1
53571,333,484,0,0,1
53633,333,484,0,0,1
53711,333,482,1,0,1
53773,333,480,0,0,1
53851,333,480,1,0,1
53914,333,476,0,0,1
53992,335,472,1,0,1
54054,337,470,0,0,1
54132,339,468,1,0,1
54195,341,466,0,0,1
54273,343,462,1,0,1
54335,345,456,0,0,1
54413,347,454,1,0,1
54475,347,454,0,0,1
54553,349,450,1,0,1
54616,351,446,0,0,1
54694,355,444,1,0,1
54756,355,442,0,0,1
54834,357,438,1,0,1
54897,359,434,0,0,1
54975,361,430,1,0,1
55037,365,426,0,0,1
55115,367,422,1,0,1
55177,369,420,0,0,1
55255,371,418,1,0,1
55318,373,416,0,0,1
55396,373,412,1,0,1
55458,375,408,0,0,1
55536,377,406,1,0,1
55599,381,402,1,0,1
55677,383,398,1,0,1
55739,385,394,1,0,1
55817,385,392,1,0,1
55879,385,386,1,0,1
55957,385,380,1,0,1
56020,385,378,1,0,1
56098,385,372,1,0,1
56160,385,370,1,0,1
56238,385,368,1,0,1
56301,385,364,1,0,1
56363,385,360,1,0,1
56441,389,354,1,0,1
56503,389,352,1,0,1
56581,389,348,1,0,1
56644,389,346,1,0,1
56722,391,340,1,0,1
56784,397,328,1,0,1
56862,403,320,1,0,1
56925,405,314,1,0,1
57003,405,314,1,0,1
57065,405,314,0,0,1
57143,405,316,0,0,1
57205,403,318,0,0,1
57283,397,318,0,0,1
57346,391,318,0,0,1
57424,385,318,0,0,1
57486,377,318,0,0,1
57564,371,320,0,0,1
57627,369,320,0,0,1
57705,365,322,0,0,1
57767,359,324,0,0,1
57845,357,326,0,0,1
57907,357,330,0,0,1
57985,403,356,0,0,1
58048,515,384,0,0,1
58126,589,390,0,0,1
58188,589,388,0,0,1
58266,585,388,0,0,1
58329,577,384,0,0,1
58407,563,380,0,0,1
58469,553,374,0,0,1
58547,543,368,0,0,1
58609,537,364,0,0,1
58687,535,364,0,0,1
58750,533,364,0,0,1
58828,531,364,0,0,1
58890,527,362,0,0,1
58968,521,360,0,0,1
59031,519,358,0,0,1
59109,517,358,0,0,1
59171,515,356,0,0,1
59249,511,354,0,0,1
59311,507,352,0,0,1
59389,505,350,0,0,1
59452,505,348,0,0,1
59530,503,348,0,0,1
59592,503,348,0,0,1
59670,503,348,0,0,1
59733,503,348,0,0,1
59811,503,348,0,0,1
59873,497,346,0,0,1
59936,493,346,0,0,1
60014,491,348,0,0,1
60076,491,348,0,0,1
60154,491,348,0,0,1
60216,491,348,0,0,1
60294,491,348,0,0,1
60357,493,352,0,0,1
60435,497,358,0,0,1
60497,501,364,0,0,1
60575,507,368,0,0,1
60638,519,374,0,0,1
60716,533,380,0,0,1
60778,543,386,0,0,1
60856,549,390,0,0,1
60918,553,392,0,0,1
60996,553,392,0,0,1
61059,553,392,0,0,1
61137,553,392,0,0,1
61199,553,392,0,0,1
61277,553,392,0,0,1
61340,553,388,0,0,1
61418,553,388,0,0,1
61480,551,386,0,0,1
61558,549,386,0,0,1
61620,541,378,0,0,1
61698,523,358,0,0,1
61761,493,324,0,0,1
61839,455,286,0,0,1
61901,431,264,0,0,1
61979,421,250,0,0,1
62042,419,248,0,0,1
62120,411,242,0,0,1
62182,411,240,0,0,1
62260,405,230,0,0,1
62322,399,224,0,0,1
62400,403,222,0,0,1
62463,433,214,0,0,1
62541,477,210,0,0,1
62603,517,210,0,0,1
62666,543,232,0,0,1
62744,555,256,0,0,1
62806,553,282,0,0,1
62884,531,300,0,0,1
62946,509,314,0,0,1
63024,491,324,0,0,1
63087,485,330,0,0,1
63165,483,332,0,0,1
63227,477,338,0,0,1
63305,467,346,0,0,1
63368,457,352,0,0,1
63446,453,354,0,0,1
63508,451,354,1,0,1
63586,451,356,1,0,1
63648,451,356,1,0,1
63726,451,356,1,0,1
63789,451,356,1,0,1
63867,451,356,1,0,1
63929,435,366,1,0,1
64007,421,374,1,0,1
64070,419,376,1,0,1
64148,419,376,1,0,1
64210,419,376,1,0,1
64288,415,376,1,0,1
64350,407,378,1,0,1
64428,405,378,1,0,1
64491,405,378,0,0,1
64569,403,378,0,0,1
64631,393,374,0,0,1
64709,383,368,0,0,1
64772,373,364,0,0,1
64850,353,354,0,0,1
64912,325,340,0,0,1
64990,309,332,0,0,1
65052,299,328,0,0,1
65130,295,328,0,0,1
65193,291,328,0,0,1
65271,291,328,0,0,1
65333,291,328,0,0,1
65411,291,328,0,0,1
65474,293,328,0,0,1
65552,297,328,0,0,1
65614,301,326,0,0,1
65692,305,326,0,0,1
65754,305,326,0,0,1
65832,305,326,0,0,1
65895,305,326,0,0,1
65973,305,326,0,0,1
66035,305,326,0,0,1
66113,305,326,0,0,1
66176,305,326,0,0,1
66254,305,326,0,0,1
66316,297,326,0,0,1
66394,291,326,0,0,1
66456,289,326,0,0,1
66534,285,324,0,0,1
66597,281,324,0,0,1
66675,279,322,0,0,1
66737,279,322,0,0,1
66815,279,322,0,0,1
66878,279,318,0,0,1
66956,285,316,0,0,1
67018,287,314,0,0,1
67096,293,312,0,0,1
67158,295,310,0,0,1
67236,299,308,0,0,1
67299,301,308,0,0,1
67377,303,308,0,0,1
67439,303,308,0,0,1
67517,303,308,0,0,1
67580,303,308,0,0,1
67642,303,308,0,0,1
67720,303,308,0,0,1
67782,303,308,0,0,1
67860,303,308,0,0,1
67923,305,308,0,0,1
68001,307,308,0,0,1
68063,309,308,0,0,1
68141,315,308,0,0,1
68204,319,308,0,0,1
68282,321,308,0,0,1
68360,323,308,0,0,1
68422,325,308,0,0,1
68500,327,308,0,0,1
68562,329,308,0,0,1
68640,331,306,0,0,1
68703,337,302,0,0,1
68765,361,300,0,0,1
68843,399,298,0,0,1
68906,467,278,0,0,1
68984,517,264,0,0,1
69046,549,254,0,0,1
69124,567,254,0,0,1
69186,577,254,0,0,1
69264,583,254,0,0,1
69327,583,254,0,0,1
69405,563,260,0,0,1
69467,449,296,0,0,1
69545,363,310,0,0,1
69608,343,310,0,0,1
69686,337,308,0,0,1
69748,327,310,0,0,1
69826,315,310,0,0,1
69888,309,312,0,0,1
69966,303,312,0,0,1
70029,303,312,0,0,1
70107,303,312,0,0,1
70169,303,316,0,0,1
70247,305,318,0,0,1
70310,305,318,0,0,1
70388,305,318,0,0,1
70450,305,320,0,0,1
70528,305,320,0,0,1
70590,307,320,0,0,1
70668,307,320,0,0,1
70731,307,320,0,0,1
70809,307,320,0,0,1
70871,307,320,0,0,1
70949,307,320,0,0,1
71012,307,320,0,0,1
71090,307,320,0,0,1
71152,307,320,0,0,1
71230,307,320,0,0,1
71292,307,322,0,0,1
71370,307,322,0,0,1
71433,311,326,0,0,1
71511,327,334,0,0,1
71573,379,356,0,0,1
71651,431,380,0,0,1
71714,473,398,0,0,1
71792,523,420,0,0,1
71854,549,426,0,0,1
71932,569,434,0,0,1
71994,579,436,0,0,1
72072,593,442,0,0,1
72135,609,446,0,0,1
72197,623,446,0,0,1
72275,631,442,0,0,1
72338,635,412,0,0,1
72416,641,368,0,0,1
72478,635,320,0,0,1
72556,625,280,0,0,1
72618,607,256,0,0,1
72696,589,238,0,0,1
72759,565,218,0,0,1
72837,539,206,0,0,1
72899,513,200,0,0,1
72977,487,194,0,0,1
73040,463,184,0,0,1
73118,441,176,0,0,1
73180,421,176,0,0,1
73258,391,174,0,0,1
73320,371,176,0,0,1
73398,351,174,0,0,1
73461,331,166,0,0,1
73539,315,168,0,0,1
73601,295,174,0,0,1
73679,279,178,0,0,1
73742,263,186,0,0,1
73820,249,200,0,0,1
73882,233,218,0,0,1
73960,217,238,0,0,1
74022,213,252,0,0,1
74100,213,272,0,0,1
74163,219,310,0,0,1
74241,223,340,0,0,1
74303,223,356,0,0,1
74381,229,376,0,0,1
74444,239,398,0,0,1
74522,259,428,0,0,1
74584,281,452,0,0,1
74662,305,458,0,0,1
74724,343,460,0,0,1
74802,379,458,0,0,1
74865,403,458,0,0,1
74943,429,452,0,0,1
75005,453,442,0,0,1
75083,471,422,0,0,1
75146,481,416,0,0,1
75224,493,402,0,0,1
75286,507,378,0,0,1
75364,523,352,0,0,1
75426,531,336,0,0,1
75504,537,328,0,0,1
75567,543,318,0,0,1
75629,551,300,0,0,1
75707,557,280,0,0,1
75770,559,264,0,0,1
75848,559,254,0,0,1
75910,545,234,0,0,1
75988,495,206,0,0,1
76050,437,188,0,0,1
76128,397,186,0,0,1
76191,355,188,0,0,1
76269,327,196,0,0,1
76331,307,200,0,0,1
76409,285,212,0,0,1
76472,261,230,0,0,1
76550,245,246,0,0,1
76612,235,262,0,0,1
76690,223,276,0,0,1
76752,219,306,0,0,1
76830,247,342,0,0,1
76893,285,384,0,0,1
76971,281,384,0,0,1
77033,231,364,0,0,1
77111,217,358,0,0,1
77174,201,342,0,0,1
77252,199,338,0,0,1
77314,203,332,0,0,1
77392,205,332,0,0,1
77454,207,332,0,0,1
77532,209,332,0,0,1
77595,215,332,0,0,1
77673,225,328,0,0,1
77735,231,328,0,0,1
77813,233,328,0,0,1
77876,237,328,0,0,1
77954,241,328,0,0,1
78016,247,326,0,0,1
78094,251,326,0,0,1
78156,253,326,0,0,1
78234,255,326,0,0,1
78297,257,326,0,0,1
78375,261,326,0,0,1
78437,261,328,0,0,1
78515,263,330,0,0,1
78578,265,332,0,0,1
78656,277,334,0,0,1
78718,277,334,0,0,1
78780,281,334,0,0,1
78858,287,336,0,0,1
78921,295,338,0,0,1
78999,303,342,0,0,1
79061,305,342,0,0,1
79139,309,342,0,0,1
79202,313,342,0,0,1
79280,319,344,0,0,1
79342,321,344,0,0,1
79420,323,344,0,0,1
79482,333,342,0,0,1
79560,337,340,0,0,1
79623,341,340,0,0,1
79701,341,338,0,0,1
79763,335,330,0,0,1
79841,323,318,0,0,1
79904,313,318,0,0,1
79982,289,326,0,0,1
80044,269,334,0,0,1
80122,257,338,0,0,1
80184,247,342,0,0,1
80262,233,352,0,0,1
80325,225,360,0,0,1
80403,223,364,0,0,1
80465,221,364,0,0,1
80543,219,364,0,0,1
80606,211,350,0,0,1
80684,197,320,0,0,1
80746,197,308,0,0,1
80824,197,296,0,0,1
80886,179,276,0,0,1
80964,155,246,0,0,1
81027,149,236,0,0,1
81105,141,220,0,0,1
81167,133,212,0,0,1
81245,131,210,0,0,1
81308,131,210,0,0,1
81386,131,210,0,0,1
81448,131,210,0,0,1
81526,133,210,0,0,1
81588,145,210,0,0,1
81651,171,208,0,0,1
81729,189,202,0,0,1
81791,207,196,0,0,1
81869,223,192,0,0,1
81932,241,184,0,0,1
82010,265,170,0,0,1
82072,283,162,0,0,1
82150,305,156,0,0,1
82212,333,150,0,0,1
82290,357,142,0,0,1
82353,379,140,0,0,1
82431,409,142,0,0,1
82493,437,142,0,0,1
82571,471,142,0,0,1
82634,495,142,0,0,1
82712,521,148,0,0,1
82774,537,154,0,0,1
82852,549,158,0,0,1
82914,559,168,0,0,1
82992,573,184,0,0,1
83055,585,204,0,0,1
83133,589,222,0,0,1
83195,595,234,0,0,1
83273,595,250,0,0,1
83336,599,288,0,0,1
83414,597,314,0,0,1
83476,593,322,0,0,1
83554,591,330,0,0,1
83616,581,338,0,0,1
83694,569,348,0,0,1
83757,553,350,0,0,1
83835,531,352,0,0,1
83897,499,352,0,0,1
83975,471,354,0,0,1
84038,453,354,0,0,1
84116,427,344,0,0,1
84178,397,328,0,0,1
84256,377,322,0,0,1
84318,355,318,0,0,1
84396,325,304,0,0,1
84459,305,286,0,0,1
84537,291,272,0,0,1
84599,285,264,0,0,1
84677,279,256,0,0,1
84740,273,246,0,0,1
84818,271,228,0,0,1
84880,271,222,0,0,1
84958,275,216,0,0,1
85020,285,204,0,0,1
85083,301,184,0,0,1
85161,317,172,0,0,1
85223,333,168,0,0,1
85301,353,160,0,0,1
85364,379,152,0,0,1
85442,395,148,0,0,1
85504,415,148,0,0,1
85582,435,154,0,0,1
85644,453,164,0,0,1
85722,469,176,0,0,1
85785,495,200,0,0,1
85863,509,224,0,0,1
85925,515,246,0,0,1
86003,517,264,0,0,1
86066,517,284,0,0,1
86144,505,310,0,0,1
86206,483,322,0,0,1
86284,445,328,0,0,1
86346,371,318,0,0,1
86424,321,294,0,0,1
86487,289,266,0,0,1
86565,263,238,0,0,1
86627,253,224,0,0,1
86705,249,222,0,0,1
86768,249,222,0,0,1
86846,249,222,0,0,1
86908,255,222,0,0,1
86986,265,222,0,0,1
87048,281,224,0,0,1
87126,287,226,0,0,1
87189,293,230,0,0,1
87267,299,234,0,0,1
87329,313,238,0,0,1
87407,319,242,0,0,1
87470,323,242,0,0,1
87548,325,242,0,0,1
87610,333,244,0,0,1
87688,339,248,0,0,1
87750,341,252,0,0,1
87813,343,252,0,0,1
87891,347,252,0,0,1
87953,355,258,0,0,1
88031,361,266,0,0,1
88109,363,272,0,0,1
88172,361,276,0,0,1
88234,347,284,0,0,1
88312,331,288,0,0,1
88374,317,288,0,0,1
88452,305,280,0,0,1
88515,295,270,0,0,1
88593,287,260,0,0,1
88655,283,252,0,0,1
88733,291,238,0,0,1
88796,297,222,0,0,1
88874,297,218,0,0,1
88936,297,216,0,0,1
89014,295,212,0,0,1
89076,291,202,0,0,1
89154,289,200,0,0,1
89217,287,200,0,0,1
89295,285,200,0,0,1
89357,281,200,0,0,1
89435,259,214,0,0,1
89498,231,274,0,0,1
89576,225,288,0,0,1
89638,221,292,0,0,1
89716,221,298,0,0,1
89778,229,308,0,0,1
89856,233,314,0,0,1
89919,235,314,0,0,1
89997,237,316,0,0,1
90059,237,316,0,0,1
90137,245,318,0,0,1
90200,245,318,0,0,1
90278,247,318,0,0,1
90340,251,318,0,0,1
90418,257,320,0,0,1
90480,259,320,0,0,1
90558,261,320,0,0,1
90621,265,320,0,0,1
90699,267,320,0,0,1
90761,271,320,0,0,1
90839,279,320,0,0,1
90902,287,320,0,0,1
90980,287,318,0,0,1
91042,277,318,0,0,1
91120,231,308,0,0,1
91183,215,304,0,0,1
91261,213,304,0,0,1
91323,213,302,0,0,1
91401,215,302,0,0,1
91463,227,302,0,0,1
91541,237,302,0,0,1
91604,245,302,0,0,1
91666,247,302,0,0,1
91744,249,304,0,0,1
91807,251,304,0,0,1
91885,253,304,0,0,1
91963,259,306,0,0,1
92025,261,306,0,0,1
92087,261,306,0,0,1
92165,261,306,0,0,1
92228,261,310,0,0,1
92306,257,320,0,0,1
92368,251,324,0,0,1
92446,251,324,0,0,1
92509,251,324,0,0,1
92587,251,324,0,0,1
92649,251,322,0,0,1
92727,257,320,0,0,1
92789,261,318,0,0,1
92867,267,318,0,0,1
92930,273,318,0,0,1
93008,279,318,0,0,1
93070,283,316,0,0,1
93148,287,316,0,0,1
93211,289,316,0,0,1
93289,289,316,0,0,1
93351,291,314,0,0,1
93429,303,312,0,0,1
93491,307,310,0,0,1
93569,309,308,0,0,1
93632,323,306,0,0,1
93710,339,304,0,0,1
93772,349,304,0,0,1
93850,351,304,0,0,1
93913,351,304,0,0,1
93991,353,304,0,0,1
94053,353,304,0,0,1
94131,345,304,0,0,1
94193,325,300,0,0,1
94271,307,300,0,0,1
94334,295,304,0,0,1
94412,285,312,0,0,1
94474,281,318,0,0,1
94552,281,324,0,0,1
94615,281,324,0,0,1
94693,281,324,0,0,1
94755,281,326,0,0,1
94833,277,330,0,0,1
94895,275,334,0,0,1
94973,273,338,0,0,1
95036,271,340,0,0,1
95114,271,342,0,0,1
95176,271,344,0,0,1
95254,269,346,0,0,1
95317,263,354,0,0,1
95395,261,356,0,0,1
95457,261,358,0,0,1
95519,261,358,0,0,1
95597,263,358,0,0,1
95660,269,352,0,0,1
95738,275,348,0,0,1
95800,279,346,0,0,1
95878,287,344,0,0,1
95941,293,342,0,0,1
96019,299,338,0,0,1
96081,299,338,0,0,1
96159,299,338,0,0,1
96221,299,338,0,0,1
96299,299,338,0,0,1
96362,299,338,0,0,1
96440,299,338,0,0,1
96502,297,338,0,0,1
96580,291,340,0,0,1
96643,283,344,0,0,1
96721,281,346,0,0,1
96783,269,354,0,0,1
96861,255,358,0,0,1
96923,245,364,0,0,1
97001,239,366,0,0,1
97064,237,368,0,0,1
97142,229,374,0,0,1
97204,223,378,0,0,1
97282,221,384,0,0,1
97345,217,386,0,0,1
97423,215,396,0,0,1
97485,213,400,0,0,1
97563,213,402,0,0,1
97625,213,402,0,0,1
97703,213,402,0,0,1
97766,213,400,0,0,1
97844,213,396,0,0,1
97906,213,390,0,0,1
97984,213,386,0,0,1
98047,215,382,0,0,1
98125,223,374,0,0,1
98187,231,364,0,0,1
98265,235,360,0,0,1
98327,237,358,0,0,1
98390,243,354,0,0,1
98468,251,354,0,0,1
98530,261,348,0,0,1
98608,265,344,0,0,1
98671,267,340,0,0,1
98749,269,336,0,0,1
98811,273,330,0,0,1
98889,273,328,0,0,1
98951,273,322,0,0,1
99029,269,320,0,0,1
99092,263,316,0,0,1
99170,255,312,0,0,1
99232,247,310,0,0,1
99310,245,310,0,0,1
99373,243,308,0,0,1
99451,241,306,0,0,1
99513,241,306,0,0,1
99591,241,306,0,0,1
99653,241,306,0,0,1
99731,241,306,0,0,1
99794,245,306,0,0,1
99872,247,306,0,0,1
99934,251,306,0,0,1
100012,259,306,0,0,1
100075,269,308,0,0,1
100153,273,310,0,0,1
100215,275,310,0,0,1
100293,279,310,0,0,1
100355,283,310,0,0,1
100433,287,310,0,0,1
100496,293,312,0,0,1
100574,311,312,0,0,1
100636,337,312,0,0,1
100714,369,314,0,0,1
100777,403,312,0,0,1
100855,431,310,0,0,1
100917,459,306,0,0,1
100995,481,306,0,0,1
101057,497,306,0,0,1
101135,509,304,0,0,1
101198,517,300,0,0,1
101276,517,300,0,0,1
101338,513,300,0,0,1
101416,503,300,0,0,1
101479,491,302,0,0,1
101557,459,302,0,0,1
101619,421,306,0,0,1
101697,385,306,0,0,1
101759,363,308,0,0,1
101837,351,308,0,0,1
101900,341,310,0,0,1
101978,331,316,0,0,1
102040,323,322,0,0,1
102118,323,324,0,0,1
102181,323,324,0,0,1
102259,323,324,0,0,1
102321,323,326,0,0,1
102399,323,326,0,0,1
102461,323,326,0,0,1
102524,325,328,0,0,1
102602,325,330,0,0,1
102664,325,330,0,0,1
102742,325,330,0,0,1
102805,325,330,0,0,1
102883,325,332,0,0,1
102945,311,334,0,0,1
103023,283,334,0,0,1
103085,233,340,0,0,1
103163,213,340,0,0,1
103226,211,340,0,0,1
103304,219,336,0,0,1
103366,233,332,0,0,1
103444,237,332,0,0,1
103507,241,332,0,0,1
103585,249,330,0,0,1
103647,259,330,0,0,1
103725,263,332,0,0,1
103787,263,332,0,0,1
103865,263,332,0,0,1
103928,263,332,0,0,1
104006,263,332,0,0,1
104068,263,332,0,0,1
104146,263,332,0,0,1
104209,265,332,0,0,1
104287,305,348,0,0,1
104349,389,370,0,0,1
104427,471,386,0,0,1
104489,493,382,0,0,1
104567,499,380,0,0,1
104630,501,378,0,0,1
104708,505,378,0,0,1
104770,511,376,0,0,1
104848,519,374,0,0,1
104911,533,374,0,0,1
104989,543,370,0,0,1
105051,557,364,0,0,1
105129,571,358,0,0,1
105191,579,358,0,0,1
105269,593,354,0,0,1
105332,605,350,0,0,1
105410,619,344,0,0,1
105472,625,344,0,0,1
105550,627,344,0,0,1
105613,627,344,0,0,1
105675,625,344,0,0,1
105753,611,344,0,0,1
105815,571,346,0,0,1
105893,497,352,0,0,1
105956,423,352,0,0,1
106034,369,358,0,0,1
106096,329,372,0,0,1
106174,301,382,0,0,1
106237,273,388,0,0,1
106315,241,392,0,0,1
106377,221,392,0,0,1
106455,205,392,0,0,1
106517,197,394,0,0,1
106595,187,394,0,0,1
106658,183,396,0,0,1
106736,175,400,0,0,1
106798,165,394,0,0,1
106876,161,370,0,0,1
106939,167,348,0,0,1
107017,177,344,0,0,1
107079,183,342,0,0,1
107157,191,342,0,0,1
107219,207,338,0,0,1
107297,233,332,0,0,1
107360,247,332,0,0,1
107438,253,332,0,0,1
107500,267,332,0,0,1
107578,277,330,0,0,1
107641,281,330,0,0,1
107719,281,330,0,0,1
107781,271,330,0,0,1
107859,249,330,0,0,1
107921,235,336,0,0,1
107999,231,338,0,0,1
108062,229,338,0,0,1
108140,249,338,0,0,1
108202,341,340,0,0,1
108280,449,340,0,0,1
108343,493,338,0,0,1
108421,517,334,0,0,1
108483,537,328,0,0,1
108545,549,326,0,0,1
108623,557,320,0,0,1
108686,573,312,0,0,1
108764,583,296,0,0,1
108826,571,272,0,0,1
108904,507,216,0,0,1
108967,405,160,0,0,1
109045,377,142,0,0,1
109107,373,136,0,0,1
109185,371,128,0,0,1
109247,371,124,0,0,1
109325,371,116,0,0,1
109388,371,116,0,0,1
109466,371,116,0,0,1
109528,371,116,0,0,1
109606,373,116,0,0,1
109669,373,116,0,0,1
109747,375,116,0,0,1
109809,377,118,0,0,1
109887,377,118,0,0,1
109949,377,118,0,0,1
110027,377,118,0,0,1
110090,379,118,0,0,1
110168,381,118,0,0,1
110230,383,118,0,0,1
110308,383,118,0,0,1
110371,383,118,0,0,1
110449,383,118,0,0,1
110511,383,118,0,0,1
110589,383,118,0,0,1
110651,383,118,1,0,1
110729,383,118,0,0,1
110792,383,118,1,0,1
110870,383,118,0,0,1
110932,383,118,1,0,1
111010,383,118,0,0,1
111073,383,118,1,0,1
111151,383,114,0,0,1
111213,383,112,1,0,1
111291,385,112,0,0,1
111353,385,112,1,0,1
111431,385,112,0,0,1
111494,387,112,1,0,1
111572,387,112,0,0,1
111634,387,112,1,0,1
111697,387,112,0,0,1
111775,387,112,1,0,1
111837,387,112,0,0,1
111915,387,112,1,0,1
111977,387,112,0,0,1
112055,369,158,0,0,1
112118,291,256,0,0,1
112196,251,276,0,0,1
112258,231,286,0,0,1
112336,229,288,0,0,1
112399,239,296,0,0,1
112477,247,306,0,0,1
112539,249,308,0,0,1
112617,253,312,0,0,1
112679,261,318,0,0,1
112757,267,324,0,0,1
112820,267,324,0,0,1
112898,269,324,0,0,1
112960,273,322,0,0,1
113038,281,322,0,0,1
113101,281,322,0,0,1
113179,281,322,0,0,1
113241,283,322,0,0,1
113319,285,322,0,0,1
113381,287,322,0,0,1
113459,293,322,0,0,1
113522,305,324,0,0,1
113600,361,346,0,0,1
113662,455,382,0,0,1
113740,513,402,0,0,1
113803,545,414,0,0,1
113881,569,416,0,0,1
113943,593,424,0,0,1
114021,601,424,0,0,1
114083,611,424,0,0,1
114161,619,422,0,0,1
114224,633,418,0,0,1
114302,641,416,0,0,1
114364,649,406,0,0,1
114442,659,380,0,0,1
114505,663,356,0,0,1
114583,635,326,0,0,1
114645,529,296,0,0,1
114723,399,292,0,0,1
114785,355,288,0,0,1
114863,339,290,0,0,1
114926,325,292,0,0,1
115004,315,294,0,0,1
115066,307,298,0,0,1
115144,307,300,0,0,1
115207,307,300,0,0,1
115285,307,300,0,0,1
115347,309,302,0,0,1
115409,311,302,0,0,1
115487,311,302,0,0,1
115550,311,302,0,0,1
115628,311,302,0,0,1
115706,311,302,0,0,1
115768,311,302,0,0,1
115831,311,302,0,0,1
115909,311,302,0,0,1
115971,311,302,0,0,1
116049,311,302,0,0,1
116111,311,302,0,0,1
116189,311,302,0,0,1
116252,311,302,0,0,1
116330,311,302,0,0,1
116392,311,302,0,0,1
116470,311,302,0,0,1
116533,311,302,0,0,1
116611,311,302,0,0,1
116673,311,302,0,0,1
116751,311,302,0,0,1
116813,329,320,0,0,1
116891,425,366,0,0,1
116954,541,412,0,0,1
117032,567,418,0,0,1
117094,589,424,0,0,1
117172,607,428,0,0,1
117235,623,430,0,0,1
117313,629,430,0,0,1
117375,631,430,0,0,1
117453,637,422,0,0,1
117515,649,406,0,0,1
117593,671,384,0,0,1
117656,685,338,0,0,1
117734,685,288,0,0,1
117796,653,240,0,0,1
117874,593,218,0,0,1
117937,483,212,0,0,1
118015,415,214,0,0,1
118077,383,214,0,0,1
118155,369,214,0,0,1
118217,365,214,0,0,1
118295,363,214,0,0,1
118358,359,214,0,0,1
118436,359,214,0,0,1
118498,353,214,0,0,1
118576,343,212,0,0,1
118639,337,210,0,0,1
118717,335,210,0,0,1
118779,335,210,0,0,1
118857,335,210,0,0,1
118919,335,210,0,0,1
118997,337,210,0,0,1
119060,341,210,0,0,1
119138,343,210,0,0,1
119200,343,210,0,0,1
119278,343,210,0,0,1
119341,343,210,0,0,1
119419,343,210,0,0,1
119481,343,210,0,0,1
119559,343,210,0,0,1
119621,345,210,0,0,1
119684,345,210,0,0,1
119762,345,210,0,0,1
119824,345,210,0,0,1
119902,345,210,0,0,1
119965,347,210,0,0,1
120043,349,210,0,0,1
120105,349,210,0,0,1
120183,351,212,0,0,1
120245,351,212,0,0,1
120323,359,216,1,0,1
120386,361,216,0,0,1
120464,365,216,1,0,1
120526,373,214,0,0,1
120604,381,212,1,0,1
120667,385,212,0,0,1
120745,385,212,1,0,1
120807,385,212,0,0,1
120885,385,212,1,0,1
120947,381,212,0,0,1
121025,379,212,1,0,1
121088,377,210,0,0,1
121166,375,210,1,0,1
121228,373,210,0,0,1
121306,369,208,1,0,1
121369,363,206,0,0,1
121447,363,206,1,0,1
121509,363,204,0,0,1
121587,359,202,1,0,1
121649,357,200,0,0,1
121727,357,200,1,0,1
121790,357,200,0,0,1
121868,357,200,1,0,1
121930,357,198,1,0,1
122008,357,196,1,0,1
122071,359,196,1,0,1
122149,359,196,1,0,1
122211,359,196,1,0,1
122289,359,196,1,0,1
122352,357,196,1,0,1
122430,353,196,1,0,1
122492,351,196,1,0,1
122570,377,226,1,0,1
122632,455,324,1,0,1
122710,509,388,1,0,1
122773,547,426,1,0,1
122851,589,462,1,0,1
122913,607,476,1,0,1
122991,617,480,1,0,1
123054,621,480,1,0,1
123116,633,472,1,0,1
123194,647,454,1,0,1
123256,657,442,1,0,1
123334,667,416,1,0,1
123397,681,380,1,0,1
123475,689,348,1,0,1
123537,689,316,1,0,1
123615,687,296,1,0,1
123678,667,252,1,0,1
123756,623,208,1,0,1
123818,545,174,1,0,1
123896,467,168,1,0,1
123958,413,168,1,0,1
124036,381,178,1,0,1
124099,365,180,1,0,1
124177,363,180,1,0,1
124239,361,182,1,0,1
124317,361,184,1,0,1
124380,363,184,1,0,1
124458,363,186,1,0,1
124520,373,204,1,0,1
124598,375,214,1,0,1
124660,375,216,1,0,1
124738,373,218,1,0,1
124801,371,218,1,0,1
124879,365,216,1,0,1
124941,361,214,1,0,1
125019,357,206,1,0,1
125082,355,202,1,0,1
125160,357,198,1,0,1
125222,365,194,1,0,1
125300,373,190,1,0,1
125362,379,188,1,0,1
125440,387,198,1,0,1
125503,389,202,1,0,1
125581,387,208,1,0,1
125643,385,212,1,0,1
125721,381,224,1,0,1
125784,379,232,1,0,1
125862,377,234,1,0,1
125924,377,236,1,0,1
125986,379,238,1,0,1
126064,393,256,1,0,1
126127,393,256,1,0,1
126205,395,256,1,0,1
126267,395,254,1,0,1
126345,395,252,1,0,1
126408,397,250,1,0,1
126486,399,248,0,0,1
126548,399,248,0,0,1
126626,399,248,0,0,1
126688,399,256,0,0,1
126766,383,268,0,0,1
126829,313,324,0,0,1
126907,257,372,0,0,1
126969,223,416,0,0,1
127047,199,440,0,0,1
127110,187,448,0,0,1
127188,179,450,0,0,1
127250,169,454,0,0,1
127328,161,454,0,0,1
127390,149,452,0,0,1
127468,137,442,0,0,1
127531,127,428,0,0,1
127609,123,420,0,0,1
127671,113,394,0,0,1
127749,113,366,0,0,1
127812,109,336,0,0,1
127890,109,318,0,0,1
127952,109,298,0,0,1
128030,113,266,0,0,1
128092,123,228,0,0,1
128170,131,202,0,0,1
128233,135,196,0,0,1
128311,149,190,0,0,1
128373,173,176,0,0,1
128451,207,158,0,0,1
128514,243,148,0,0,1
128592,287,144,0,0,1
128654,345,144,0,0,1
128732,393,144,0,0,1
128794,431,146,0,0,1
128872,453,148,0,0,1
128935,479,152,0,0,1
129013,513,156,0,0,1
129075,545,170,0,0,1
129153,567,186,0,0,1
129216,583,206,0,0,1
129294,599,232,0,0,1
129356,609,256,0,0,1
129434,611,286,0,0,1
129496,605,296,0,0,1
129574,589,306,0,0,1
129637,571,312,0,0,1
129715,555,322,0,0,1
129777,533,330,0,0,1
129855,521,332,0,0,1
129918,513,334,0,0,1
129996,511,334,0,0,1
130058,509,334,0,0,1
130120,505,334,0,0,1
130198,501,330,0,0,1
130261,499,326,0,0,1
130339,499,326,0,0,1
130401,499,326,0,0,1
130479,499,326,0,0,1
130542,495,324,0,0,1
130620,495,324,0,0,1
130682,491,324,0,0,1
130760,483,326,0,0,1
130822,471,334,0,0,1
130900,463,344,0,0,1
130963,459,352,0,0,1
131041,457,352,0,0,1
131103,455,352,0,0,1
131181,453,352,0,0,1
131244,453,352,0,0,1
131322,453,346,0,0,1
131384,453,336,0,0,1
131462,453,332,0,0,1
131524,453,332,0,0,1
131602,453,332,0,0,1
131665,453,332,0,0,1
131743,453,330,0,0,1
131805,451,328,0,0,1
131883,451,328,0,0,1
131946,451,328,0,0,1
132024,451,328,0,0,1
132086,451,328,0,0,1
132164,445,328,0,0,1
132226,413,348,0,0,1
132304,313,382,0,0,1
132367,223,406,0,0,1
132445,189,412,0,0,1
132507,167,422,0,0,1
132585,149,426,0,0,1
132648,143,426,0,0,1
132726,139,426,0,0,1
132788,139,426,0,0,1
132866,133,420,0,0,1
132928,125,402,0,0,1
133006,123,358,0,0,1
133069,131,324,0,0,1
133147,137,298,0,0,1
133209,137,272,0,0,1
133287,143,244,0,0,1
133350,151,218,0,0,1
133428,159,196,0,0,1
133490,171,176,0,0,1
133568,189,152,0,0,1
133630,215,138,0,0,1
133693,239,130,0,0,1
133771,283,126,0,0,1
133833,361,124,0,0,1
133911,419,120,0,0,1
133974,465,122,0,0,1
134052,503,132,0,0,1
134114,527,138,0,0,1
134192,551,142,0,0,1
134254,573,146,0,0,1
134332,593,160,0,0,1
134395,607,180,0,0,1
134473,615,200,0,0,1
134535,625,224,0,0,1
134613,637,260,0,0,1
134676,645,306,0,0,1
134754,641,344,0,0,1
134816,617,372,0,0,1
134894,549,404,0,0,1
134956,427,406,0,0,1
135034,327,352,0,0,1
135097,263,290,0,0,1
135175,237,262,0,0,1
135237,239,262,0,0,1
135315,251,258,0,0,1
135378,267,256,0,0,1
135456,279,254,0,0,1
135518,291,252,0,0,1
135596,295,252,0,0,1
135658,299,252,0,0,1
135736,301,252,0,0,1
135799,309,254,0,0,1
135877,317,256,0,0,1
135939,321,256,0,0,1
136017,323,258,0,0,1
136080,327,258,0,0,1
136158,337,264,0,0,1
136220,341,268,0,0,1
136298,343,268,0,0,1
136360,345,270,0,0,1
136438,353,274,0,0,1
136501,375,296,0,0,1
136579,427,336,0,0,1
136641,495,388,0,0,1
136719,543,406,0,0,1
136782,577,428,0,0,1
136860,609,444,0,0,1
136922,633,452,0,0,1
137000,657,456,0,0,1
137062,673,456,0,0,1
137140,687,460,0,0,1
137203,691,460,0,0,1
137281,691,442,0,0,1
137343,695,410,0,0,1
137421,691,378,0,0,1
137484,611,316,0,0,1
137562,425,296,0,0,1
137624,305,282,0,0,1
137702,265,280,0,0,1
137764,249,280,0,0,1
137842,247,280,0,0,1
137905,243,278,0,0,1
137983,243,272,0,0,1
138045,243,272,0,0,1
138123,243,272,0,0,1
138186,245,272,0,0,1
138264,249,272,0,0,1
138326,257,278,0,0,1
138404,263,282,1,0,1
138466,265,284,1,0,1
138544,265,284,1,0,1
138607,269,294,1,0,1
138685,279,324,1,0,1
138747,279,332,1,0,1
138825,279,332,1,0,1
138888,279,324,1,0,1
138950,289,304,1,0,1
139028,293,296,1,0,1
139090,295,296,1,0,1
139168,295,296,1,0,1
139231,297,308,1,0,1
139309,303,338,1,0,1
139371,303,338,1,0,1
139449,303,338,1,0,1
139512,311,318,1,0,1
139590,319,308,1,0,1
139652,319,308,1,0,1
139730,321,306,1,0,1
139792,321,306,1,0,1
139870,323,326,1,0,1
139933,325,332,1,0,1
140011,327,332,1,0,1
140073,327,314,1,0,1
140151,335,294,1,0,1
140214,337,292,1,0,1
140292,337,292,1,0,1
140354,337,292,1,0,1
140432,337,292,1,0,1
140494,337,316,1,0,1
140572,337,326,1,0,1
140635,337,326,1,0,1
140713,337,318,1,0,1
140775,343,296,1,0,1
140853,347,292,1,0,1
140916,347,292,1,0,1
140994,347,292,1,0,1
141056,349,292,0,0,1
141134,349,292,0,0,1
141196,349,292,0,0,1
141274,349,292,0,0,1
141337,349,292,0,0,1
141415,347,292,0,0,1
141477,345,292,0,0,1
141555,345,294,0,0,1
141618,345,294,0,0,1
141680,345,294,0,0,1
141758,345,294,0,0,1
141820,345,296,0,0,1
141898,347,296,0,0,1
141961,351,296,0,0,1
142039,361,300,0,0,1
142101,379,308,0,0,1
142179,385,308,0,0,1
142242,389,310,0,0,1
142320,399,310,0,0,1
142382,411,314,0,0,1
142460,421,316,0,0,1
142522,425,316,0,0,1
142600,435,316,0,0,1
142663,445,316,0,0,1
142741,451,316,0,0,1
142803,453,316,0,0,1
142881,455,316,0,0,1
142944,459,316,0,0,1
143022,465,316,0,0,1
143084,467,316,0,0,1
143162,469,316,0,0,1
143224,469,316,0,0,1
143302,465,316,0,0,1
143365,449,324,0,0,1
143443,443,326,0,0,1
143505,441,326,0,0,1
143583,441,326,0,0,1
143646,441,326,0,0,1
143724,441,326,0,0,1
143786,441,326,0,0,1
143864,441,326,0,0,1
143926,439,326,0,0,1
144004,433,326,0,0,1
144067,431,326,0,0,1
144145,429,326,0,0,1
144207,429,326,0,0,1
144285,429,326,0,0,1
144348,429,326,0,0,1
144426,429,326,0,0,1
144488,429,326,0,0,1
144550,429,326,0,0,1
144628,429,326,0,0,1
144706,429,326,0,0,1
144769,429,326,0,0,1
144831,405,326,0,0,1
144909,315,314,0,0,1
144972,269,314,0,0,1
145050,257,314,0,0,1
145112,257,316,0,0,1
145190,257,320,0,0,1
145252,257,322,0,0,1
145330,259,322,0,0,1
145393,263,322,0,0,1
145471,265,324,0,0,1
145533,265,324,0,0,1
145611,269,324,0,0,1
145674,271,324,0,0,1
145752,271,324,0,0,1
145814,271,324,0,0,1
145892,271,324,0,0,1
145954,271,324,0,0,1
146032,271,324,0,0,1
146095,271,324,0,0,1
146173,271,324,0,0,1
146235,271,324,0,0,1
146313,271,324,0,0,1
146376,271,324,0,0,1
146454,271,324,0,0,1
146516,271,324,0,0,1
146594,271,324,0,0,1
146656,271,324,0,0,1
146734,271,324,0,0,1
146797,289,336,0,0,1
146875,363,366,0,0,1
146937,495,398,0,0,1
147015,553,416,0,0,1
147078,569,424,0,0,1
147156,589,436,0,0,1
147218,603,442,0,0,1
147296,619,454,0,0,1
147358,627,456,0,0,1
147436,635,456,0,0,1
147499,641,456,0,0,1
147577,647,456,0,0,1
147639,651,456,0,0,1
147717,657,446,0,0,1
147780,661,424,0,0,1
147858,671,392,0,0,1
147920,677,372,0,0,1
147982,679,332,0,0,1
148060,679,296,0,0,1
148123,679,270,0,0,1
148201,679,256,0,0,1
148263,681,236,0,0,1
148341,681,222,0,0,1
148404,681,212,0,0,1
148482,681,204,0,0,1
148544,677,200,0,0,1
148622,659,184,0,0,1
148684,641,170,0,0,1
148762,615,152,0,0,1
148825,585,140,0,0,1
148903,545,134,0,0,1
148965,491,130,0,0,1
149043,399,130,0,0,1
149106,339,134,0,0,1
149184,305,142,0,0,1
149246,291,146,0,0,1
149324,281,148,0,0,1
149386,277,150,0,0,1
149464,275,156,0,0,1
149527,275,172,0,0,1
149605,275,178,0,0,1
149667,281,180,0,0,1
149745,285,182,0,0,1
149808,303,196,0,0,1
149886,311,204,0,0,1
149948,315,210,1,0,1
150026,319,214,1,0,1
150088,333,224,1,0,1
150166,333,224,1,0,1
150229,335,224,1,0,1
150307,335,224,1,0,1
150369,339,230,1,0,1
150447,351,244,1,0,1
150510,353,248,1,0,1
150588,359,258,1,0,1
150650,361,262,1,0,1
150728,361,278,1,0,1
150790,359,280,1,0,1
150868,359,280,1,0,1
150931,359,280,1,0,1
151009,359,280,1,0,1
151071,369,294,1,0,1
151134,369,300,1,0,1
151212,371,302,1,0,1
151274,373,302,1,0,1
151352,381,310,1,0,1
151414,385,314,1,0,1
151492,387,316,1,0,1
151555,387,316,1,0,1
151633,389,318,1,0,1
151695,395,322,1,0,1
151773,397,324,1,0,1
151836,399,324,1,0,1
151914,399,324,1,0,1
151976,399,320,1,0,1
152054,409,310,1,0,1
152116,419,308,1,0,1
152194,425,308,0,0,1
152257,447,320,0,0,1
152335,485,352,0,0,1
152397,523,382,0,0,1
152475,553,406,0,0,1
152538,577,422,0,0,1
152616,609,438,0,0,1
152678,621,442,0,0,1
152756,631,442,0,0,1
152818,643,440,0,0,1
152896,651,434,0,0,1
152959,659,414,0,0,1
153037,675,352,0,0,1
153099,681,308,0,0,1
153177,681,262,0,0,1
153240,683,242,0,0,1
153318,683,218,0,0,1
153380,683,188,0,0,1
153458,687,172,0,0,1
153521,687,166,0,0,1
153599,687,162,0,0,1
153661,687,148,0,0,1
153739,689,134,0,0,1
153801,691,128,0,0,1
153864,691,128,0,0,1
153942,691,130,0,0,1
154004,683,182,0,0,1
154082,675,272,0,0,1
154145,667,338,0,0,1
154223,667,380,0,0,1
154285,665,398,0,0,1
154363,659,414,0,0,1
154425,585,420,0,0,1
154503,391,416,0,0,1
154566,293,374,0,0,1
154644,261,342,0,0,1
154706,253,330,0,0,1
154784,251,328,0,0,1
154847,249,328,0,0,1
154925,237,322,0,0,1
154987,233,322,0,0,1
155065,235,322,0,0,1
155127,243,322,0,0,1
155205,243,324,0,0,1
155268,249,324,0,0,1
155346,255,322,0,0,1
155408,261,322,0,0,1
155486,261,322,0,0,1
155549,261,322,0,0,1
155627,261,322,0,0,1
155689,261,322,0,0,1
155767,261,322,0,0,1
155829,261,322,0,0,1
155907,261,322,0,0,1
155970,261,322,0,0,1
156048,261,322,0,0,1
156110,259,322,0,0,1
156188,241,320,0,0,1
156251,221,320,0,0,1
156329,221,320,0,0,1
156391,221,320,0,0,1
156469,221,320,0,0,1
156531,221,320,0,0,1
156609,229,316,0,0,1
156672,241,314,0,0,1
156734,247,314,0,0,1
156812,249,314,0,0,1
156875,253,314,0,0,1
156953,257,312,0,0,1
157015,263,312,0,0,1
157093,263,312,0,0,1
157155,263,312,0,0,1
157233,263,312,0,0,1
157296,257,318,0,0,1
157374,245,330,0,0,1
157436,243,330,0,0,1
157514,241,330,0,0,1
157577,241,330,0,0,1
157655,245,330,0,0,1
157717,245,330,0,0,1
157795,249,330,0,0,1
157857,253,328,0,0,1
157935,253,326,0,0,1
157998,255,326,0,0,1
158076,261,324,0,0,1
158138,271,318,0,0,1
158216,277,316,0,0,1
158279,281,316,0,0,1
158357,281,316,0,0,1
158419,281,316,0,0,1
158497,281,316,0,0,1
158559,277,322,0,0,1
158637,271,326,0,0,1
158700,267,328,0,0,1
158778,263,330,0,0,1
158840,259,334,0,0,1
158918,257,334,0,0,1
158981,259,334,0,0,1
159059,281,332,0,0,1
159121,307,326,0,0,1
159199,329,328,0,0,1
159261,345,326,0,0,1
159339,369,318,0,0,1
159402,409,312,0,0,1
159464,459,314,0,0,1
159542,501,330,0,0,1
159605,535,348,0,0,1
159683,551,366,0,0,1
159745,563,382,0,0,1
159823,587,416,0,0,1
159885,603,438,0,0,1
159963,625,464,0,0,1
160026,641,480,0,0,1
160104,657,494,0,0,1
160166,667,504,0,0,1
160244,669,504,0,0,1
160307,671,506,0,0,1
160385,671,506,0,0,1
160447,671,510,0,0,1
160525,671,510,0,0,1
160587,671,512,0,0,1
160665,671,512,0,0,1
160728,671,512,0,0,1
160806,671,512,0,0,1
160868,669,512,0,0,1
160946,627,512,0,0,1
161009,465,516,0,0,1
161087,361,516,0,0,1
161149,293,498,0,0,1
161227,255,422,0,0,1
161289,251,312,0,0,1
161367,251,260,0,0,1
161430,263,254,0,0,1
161508,269,254,0,0,1
161570,275,254,0,0,1
161648,293,254,0,0,1
161711,311,254,0,0,1
161789,319,252,0,0,1
161851,323,252,0,0,1
161929,325,252,0,0,1
161991,325,252,0,0,1
162069,325,252,0,0,1
162132,325,252,0,0,1
162194,325,252,0,0,1
162272,329,252,0,0,1
162335,339,256,0,0,1
162413,341,256,0,0,1
162475,341,256,0,0,1
162553,341,258,0,0,1
162615,343,262,0,0,1
162693,343,264,0,0,1
162756,343,264,0,0,1
162834,345,266,0,0,1
162896,353,272,0,0,1
162974,361,280,0,0,1
163037,369,286,0,0,1
163115,371,290,0,0,1
163177,377,294,0,0,1
163255,379,298,0,0,1
163317,381,298,0,0,1
163395,385,300,0,0,1
163458,387,302,0,0,1
163536,393,306,0,0,1
163598,393,308,0,0,1
163676,399,310,0,0,1
163739,435,328,0,0,1
163817,513,370,0,0,1
163879,555,408,0,0,1
163957,589,452,0,0,1
164019,613,476,0,0,1
164097,637,500,0,0,1
164160,645,510,0,0,1
164238,649,514,0,0,1
164300,651,516,0,0,1
164378,657,514,0,0,1
164441,673,468,0,0,1
164519,689,358,0,0,1
164581,691,258,0,0,1
164659,689,186,0,0,1
164721,689,166,0,0,1
164799,691,150,0,0,1
164862,695,138,0,0,1
164940,701,130,0,0,1
165002,703,126,0,0,1
165080,703,126,0,0,1
165143,703,126,1,0,1
165221,703,126,1,0,1
165283,703,126,1,0,1
165345,703,126,1,0,1
165423,703,126,1,0,1
165486,703,126,1,0,1
165564,703,122,1,0,1
165626,703,118,1,0,1
165704,699,118,1,0,1
165767,695,116,1,0,1
165845,691,116,1,0,1
165907,687,116,1,0,1
165985,685,120,1,0,1
166047,683,124,1,0,1
166125,683,124,1,0,1
166188,683,124,1,0,1
166266,681,126,1,0,1
166328,669,136,1,0,1
166406,657,144,1,0,1
166469,653,146,1,0,1
166547,653,146,1,0,1
166609,649,150,1,0,1
166687,639,156,1,0,1
166749,635,156,1,0,1
166827,633,158,1,0,1
166890,631,158,1,0,1
166968,625,162,1,0,1
167030,617,170,0,0,1
167108,601,180,0,0,1
167171,593,186,0,0,1
167249,587,192,0,0,1
167311,585,194,0,0,1
167389,583,198,0,0,1
167451,575,212,0,0,1
167529,557,248,0,0,1
167592,527,292,0,0,1
167670,475,360,0,0,1
167732,401,408,0,0,1
167810,335,438,0,0,1
167873,293,450,0,0,1
167951,255,460,0,0,1
168013,241,464,0,0,1
168091,221,466,0,0,1
168153,201,470,0,0,1
168231,185,470,0,0,1
168294,175,468,0,0,1
168372,159,456,0,0,1
168434,151,452,0,0,1
168497,147,446,0,0,1
168575,135,436,0,0,1
168637,127,422,0,0,1
168715,125,410,0,0,1
168777,121,388,0,0,1
168855,121,360,0,0,1
168918,121,322,0,0,1
168996,121,298,0,0,1
169058,125,284,0,0,1
169136,129,264,0,0,1
169199,137,244,0,0,1
169277,147,218,0,0,1
169339,155,208,0,0,1
169417,165,202,0,0,1
169479,177,190,0,0,1
169557,195,176,0,0,1
169620,211,164,0,0,1
169698,229,158,0,0,1
169760,249,150,0,0,1
169838,283,138,0,0,1
169901,313,128,0,0,1
169979,349,126,0,0,1
170041,375,126,0,0,1
170119,395,126,0,0,1
170181,407,126,0,0,1
170259,429,134,0,0,1
170322,453,168,0,0,1
170400,467,210,0,0,1
170462,477,244,0,0,1
170540,483,266,0,0,1
170603,487,292,0,0,1
170681,483,300,0,0,1
170743,481,300,0,0,1
170821,481,300,0,0,1
170883,475,302,1,0,1
170961,469,308,1,0,1
171024,469,310,1,0,1
171102,469,310,1,0,1
171164,469,310,1,0,1
171242,469,312,1,0,1
171305,471,312,1,0,1
171367,471,312,1,0,1
171445,471,312,1,0,1
171507,471,316,1,0,1
171585,461,320,1,0,1
171648,455,322,1,0,1
171726,453,324,1,0,1
171788,451,326,1,0,1
171866,449,332,1,0,1
171929,445,334,1,0,1
172007,445,334,1,0,1
172069,445,336,1,0,1
172147,445,336,1,0,1
172209,445,338,0,0,1
172287,453,346,0,0,1
172350,485,366,0,0,1
172428,533,396,0,0,1
172490,563,412,0,0,1
172568,597,430,0,0,1
172631,625,442,0,0,1
172709,645,446,0,0,1
172771,659,448,0,0,1
172849,665,446,0,0,1
172911,675,438,0,0,1
172989,679,434,0,0,1
173052,681,426,0,0,1
173130,683,422,0,0,1
173192,683,414,0,0,1
173270,685,390,0,0,1
173333,687,344,0,0,1
173411,685,258,0,0,1
173473,679,208,0,0,1
173551,671,190,0,0,1
173613,667,182,0,0,1
173691,663,174,0,0,1
173754,657,158,0,0,1
173832,655,148,0,0,1
173894,653,142,0,0,1
173972,653,142,0,0,1
174035,649,140,0,0,1
174113,643,132,0,0,1
174175,639,130,0,0,1
174253,635,130,0,0,1
174315,611,130,0,0,1
174393,521,140,0,0,1
174456,405,146,0,0,1
174534,355,154,0,0,1
174596,325,160,0,0,1
174674,291,160,0,0,1
174737,269,160,0,0,1
174799,259,160,0,0,1
174877,251,160,0,0,1
174939,245,160,0,0,1
175017,241,160,0,0,1
175080,235,158,0,0,1
175158,229,158,0,0,1
175220,225,158,0,0,1
175298,225,158,0,0,1
175361,233,180,0,0,1
175439,331,288,0,0,1
175501,407,358,0,0,1
175579,441,380,0,0,1
175641,473,394,0,0,1
175719,525,422,0,0,1
175782,569,444,0,0,1
175860,599,458,0,0,1
175922,625,468,0,0,1
176000,643,474,0,0,1
176063,661,486,0,0,1
176141,663,486,0,0,1
176203,669,486,0,0,1
176281,669,486,0,0,1
176343,671,486,0,0,1
176421,673,488,0,0,1
176484,673,488,0,0,1
176562,673,488,0,0,1
176624,673,488,0,0,1
176702,673,488,0,0,1
176765,673,488,0,0,1
176843,673,484,0,0,1
176905,673,464,0,0,1
176983,683,430,0,0,1
177045,693,374,0,0,1
177123,695,298,0,0,1
177186,693,246,0,0,1
177264,689,218,0,0,1
177326,691,204,0,0,1
177404,691,178,0,0,1
177467,695,162,0,0,1
177545,695,144,0,0,1
177607,695,140,0,0,1
177685,695,138,0,0,1
177747,695,132,0,0,1
177825,697,122,0,0,1
177888,697,120,0,0,1
177966,697,118,0,0,1
178028,697,118,0,0,1
178106,697,118,0,0,1
178169,697,118,0,0,1
178247,689,150,0,0,1
178309,669,244,0,0,1
178387,665,338,0,0,1
178449,663,388,0,0,1
178527,663,428,0,0,1
178590,665,448,0,0,1
178668,665,466,0,0,1
178730,667,480,0,0,1
178808,667,488,0,0,1
178871,669,494,0,0,1
178949,669,494,0,0,1
179011,669,496,0,0,1
179089,669,496,0,0,1
179151,665,506,0,0,1
179229,647,510,0,0,1
179292,607,510,0,0,1
179370,533,506,0,0,1
179432,453,502,0,0,1
179510,385,504,0,0,1
179573,359,506,0,0,1
179651,343,506,0,0,1
179713,343,506,0,0,1
179791,343,506,0,0,1
179853,343,506,0,0,1
179931,343,506,0,0,1
179994,343,506,0,0,1
180072,345,506,0,0,1
180134,365,510,0,0,1
180212,469,520,0,0,1
180275,551,520,0,0,1
180353,593,514,0,0,1
180415,615,516,0,0,1
180477,617,516,0,0,1
180555,617,516,0,0,1
180618,617,514,0,0,1
180696,617,514,0,0,1
180758,615,514,0,0,1
180836,615,514,0,0,1
180899,615,514,0,0,1
180977,613,514,0,0,1
181039,611,512,0,0,1
181117,609,498,0,0,1
181179,603,470,0,0,1
181257,603,432,0,0,1
181320,599,416,0,0,1
181398,593,406,0,0,1
181460,589,404,0,0,1
181538,583,396,0,0,1
181601,579,394,0,0,1
181679,565,388,0,0,1
181741,559,386,0,0,1
181819,553,384,0,0,1
181881,549,382,0,0,1
181959,549,382,0,0,1
182022,543,380,0,0,1
182100,537,376,0,0,1
182162,527,368,0,0,1
182240,525,368,0,0,1
182303,519,364,0,0,1
182381,515,362,0,0,1
182443,505,352,0,0,1
182521,505,352,0,0,1
182583,505,352,0,0,1
182661,505,352,0,0,1
182724,505,352,0,0,1
182802,523,376,0,0,1
182864,581,448,0,0,1
182942,605,474,0,0,1
183005,625,498,0,0,1
183083,629,502,0,0,1
183145,635,510,0,0,1
183223,635,510,0,0,1
183285,635,510,0,0,1
183363,625,506,0,0,1
183426,581,496,0,0,1
183504,415,490,0,0,1
183566,317,490,0,0,1
183629,297,490,0,0,1
183707,275,488,0,0,1
183769,249,486,0,0,1
183847,227,484,0,0,1
183909,211,482,0,0,1
183987,203,480,0,0,1
184050,197,480,0,0,1
184128,181,478,0,0,1
184190,173,476,0,0,1
184268,171,474,0,0,1
184331,171,474,0,0,1
184409,171,474,0,0,1
184471,171,474,0,0,1
184549,171,474,0,0,1
184612,171,474,0,0,1
184690,171,474,0,0,1
184752,171,474,0,0,1
184830,171,474,0,0,1
184892,171,474,0,0,1
184970,215,490,0,0,1
185033,335,508,0,0,1
185111,481,510,0,0,1
185173,541,510,0,0,1
185251,579,514,0,0,1
185314,597,520,0,0,1
185392,613,522,0,0,1
185454,627,524,0,0,1
185532,631,524,0,0,1
185594,633,524,0,0,1
185672,633,524,0,0,1
185735,635,524,0,0,1
185813,637,524,0,0,1
185875,637,524,0,0,1
185953,637,524,0,0,1
186016,637,524,0,0,1
186094,637,524,0,0,1
186156,637,524,0,0,1
186234,637,498,0,0,1
186296,645,382,0,0,1
186374,653,278,0,0,1
186437,653,200,0,0,1
186515,653,170,0,0,1
186577,651,154,0,0,1
186655,651,142,0,0,1
186718,653,128,0,0,1
186780,653,124,0,0,1
186858,653,124,0,0,1
186920,653,124,0,0,1
186998,653,122,0,0,1
187061,653,122,0,0,1
187139,653,122,0,0,1
187201,653,122,0,0,1
187279,647,140,0,0,1
187342,641,198,0,0,1
187420,637,330,0,0,1
187482,639,442,0,0,1
187560,637,452,0,0,1
187622,635,468,0,0,1
187700,635,480,0,0,1
187763,639,498,0,0,1
187841,641,508,0,0,1
187903,641,510,0,0,1
187981,641,510,0,0,1
188044,641,510,0,0,1
188122,641,510,0,0,1
188184,641,510,0,0,1
188262,639,510,0,0,1
188324,637,510,0,0,1
188402,635,510,0,0,1
188465,635,510,0,0,1
188543,633,502,0,0,1
188605,617,438,0,0,1
188683,593,378,0,0,1
188746,577,358,0,0,1
188824,567,348,0,0,1
188886,565,348,0,0,1
188964,565,348,0,0,1
189026,565,348,0,0,1
189104,565,348,0,0,1
189167,565,346,0,0,1
189245,553,338,0,0,1
189307,549,336,0,0,1
189385,547,336,0,0,1
189448,543,336,0,0,1
189526,539,336,0,0,1
189588,537,336,0,0,1
189666,531,336,0,0,1
189728,529,336,0,0,1
189806,525,334,0,0,1
189869,521,334,0,0,1
189947,515,334,0,0,1
190009,507,332,0,0,1
190087,497,330,0,0,1
190150,493,330,0,0,1
190212,489,330,0,0,1
190290,483,330,0,0,1
190352,477,334,0,0,1
190430,471,336,0,0,1
190493,463,348,0,0,1
190571,457,354,0,0,1
190633,445,358,0,0,1
190711,435,364,0,0,1
190774,431,372,0,0,1
190852,431,372,0,0,1
190914,439,364,0,0,1
190992,449,350,0,0,1
191054,449,344,0,0,1
191132,449,342,0,0,1
191195,449,342,0,0,1
191273,447,340,0,0,1
191335,441,338,0,0,1
191413,439,338,0,0,1
191476,439,336,0,0,1
191554,439,336,0,0,1
191616,437,330,0,0,1
191694,437,330,0,0,1
191756,437,330,0,0,1
191834,437,330,0,0,1
191897,437,330,0,0,1
191975,437,330,0,0,1
192037,437,330,0,0,1
192115,437,330,0,0,1
192178,435,328,0,0,1
192256,431,326,0,0,1
192318,431,326,0,0,1
192396,429,326,0,0,1
192458,427,326,0,0,1
192536,425,326,0,0,1
192599,419,328,0,0,1
192677,413,330,0,0,1
192739,407,332,0,0,1
192817,399,332,0,0,1
192880,389,330,0,0,1
192958,359,332,0,0,1
193020,299,346,0,0,1
193098,239,366,0,0,1
193160,201,378,0,0,1
193238,165,390,0,0,1
193301,131,396,0,0,1
193379,119,398,0,0,1
193441,115,400,0,0,1
193519,115,404,0,0,1
193582,115,408,0,0,1
193660,117,410,0,0,1
193722,153,420,0,0,1
193800,259,446,0,0,1
193862,403,476,0,0,1
193940,493,492,0,0,1
194003,575,506,0,0,1
194065,621,514,0,0,1
194143,643,520,0,0,1
194206,657,526,0,0,1
194284,661,526,0,0,1
194346,661,526,0,0,1
194424,661,526,0,0,1
194486,661,524,0,0,1
194564,659,506,0,0,1
194627,667,460,0,0,1
194705,673,398,0,0,1
194767,675,336,0,0,1
194845,671,274,0,0,1
194908,669,212,0,0,1
194986,675,160,0,0,1
195048,677,142,0,0,1
195126,681,138,0,0,1
195188,683,132,0,0,1
195266,687,124,0,0,1
195329,691,112,0,0,1
195407,691,112,0,0,1
195469,691,112,0,0,1
195547,691,112,0,0,1
195610,691,112,0,0,1
195688,689,120,0,0,1
195750,683,150,0,0,1
195828,665,218,0,0,1
195890,663,324,0,0,1
195968,663,398,0,0,1
196031,663,450,0,0,1
196109,663,472,0,0,1
196171,665,488,0,0,1
196249,667,500,0,0,1
196312,667,508,0,0,1
196390,667,512,0,0,1
196452,667,514,0,0,1
196530,667,520,0,0,1
196592,667,520,0,0,1
196670,665,522,0,0,1
196733,625,518,0,0,1
196811,505,510,0,0,1
196873,437,500,0,0,1
196951,389,498,0,0,1
197014,325,488,0,0,1
197092,271,480,0,0,1
197154,219,468,0,0,1
197232,191,462,0,0,1
197294,169,462,0,0,1
197372,151,458,0,0,1
197435,145,458,0,0,1
197513,143,454,0,0,1
197575,143,454,0,0,1
197653,143,454,0,0,1
197716,143,454,0,0,1
197794,157,448,0,0,1
197856,255,364,0,0,1
197934,329,288,0,0,1
197996,333,246,0,0,1
198074,343,220,0,0,1
198137,345,202,0,0,1
198215,345,202,0,0,1
198277,345,202,1,0,1
198355,343,202,1,0,1
198418,341,204,1,0,1
198496,333,206,1,0,1
198558,325,208,1,0,1
198636,323,208,1,0,1
198698,323,208,1,0,1
198776,323,210,1,0,1
198839,325,210,1,0,1
198917,331,218,1,0,1
198979,333,220,1,0,1
199057,337,222,1,0,1
199120,351,230,1,0,1
199198,355,232,1,0,1
199260,355,234,1,0,1
199338,355,234,1,0,1
199400,355,234,1,0,1
199478,355,234,1,0,1
199541,355,234,1,0,1
199619,355,234,1,0,1
199681,355,234,1,0,1
199744,355,234,1,0,1
199822,355,234,0,0,1
199884,357,234,0,0,1
199962,379,254,0,0,1
200024,453,330,0,0,1
200102,529,404,0,0,1
200165,557,426,0,0,1
200243,591,450,0,0,1
200305,601,452,0,0,1
200383,609,454,0,0,1
200446,617,456,0,0,1
200524,627,456,0,0,1
200586,631,458,0,0,1
200664,631,458,0,0,1
200726,631,458,0,0,1
200804,633,458,0,0,1
200867,637,460,0,0,1
200945,645,460,0,0,1
201007,655,448,0,0,1
201085,665,426,0,0,1
201148,669,412,0,0,1
201226,669,362,0,0,1
201288,679,274,0,0,1
201366,683,204,0,0,1
201428,685,186,0,0,1
201506,685,174,0,0,1
201569,685,166,0,0,1
201647,685,152,0,0,1
201709,685,144,0,0,1
201787,685,138,0,0,1
201850,685,136,0,0,1
201928,685,134,0,0,1
201990,685,132,0,0,1
202068,685,132,0,0,1
202130,683,132,0,0,1
202208,683,132,0,0,1
202271,681,132,0,0,1
202349,673,134,0,0,1
202411,651,138,0,0,1
202489,591,136,0,0,1
202552,497,136,0,0,1
202630,383,134,0,0,1
202692,317,138,0,0,1
202770,263,140,0,0,1
202832,245,140,0,0,1
202910,231,140,0,0,1
202973,219,142,0,0,1
203051,207,142,0,0,1
203113,203,144,0,0,1
203176,199,144,0,0,1
203254,195,152,0,0,1
203316,187,190,0,0,1
203394,183,254,0,0,1
203456,183,264,0,0,1
203534,191,278,0,0,1
203597,205,288,0,0,1
203675,207,290,0,0,1
203737,217,290,0,0,1
203815,237,284,0,0,1
203878,249,284,0,0,1
203956,251,284,1,0,1
204018,251,284,1,0,1
204096,251,284,1,0,1
204158,255,288,1,0,1
204236,261,312,1,0,1
204299,261,336,1,0,1
204377,261,338,1,0,1
204439,265,342,1,0,1
204517,269,346,1,0,1
204580,269,346,1,0,1
204658,271,346,1,0,1
204720,277,340,1,0,1
204798,289,324,1,0,1
204860,297,302,1,0,1
204938,305,288,1,0,1
205001,307,282,1,0,1
205079,307,284,1,0,1
205141,311,304,1,0,1
205219,311,316,1,0,1
205282,311,318,1,0,1
205360,313,322,1,0,1
205422,317,322,1,0,1
205500,321,324,0,0,1
205562,339,332,0,0,1
205640,427,388,0,0,1
205703,525,426,0,0,1
205781,585,434,0,0,1
205843,627,442,0,0,1
205921,643,448,0,0,1
205984,647,450,0,0,1
206062,651,450,0,0,1
206124,651,450,0,0,1
206202,653,450,0,0,1
206264,653,450,0,0,1
206342,653,450,0,0,1
206405,653,450,0,0,1
206483,653,450,0,0,1
206545,655,446,0,0,1
206623,659,398,0,0,1
206686,649,362,0,0,1
206764,647,346,0,0,1
206826,659,316,0,0,1
206904,675,242,0,0,1
206966,679,198,0,0,1
207044,681,162,0,0,1
207107,683,148,0,0,1
207185,681,146,0,0,1
207247,679,142,0,0,1
207325,677,140,0,0,1
207388,675,138,0,0,1
207466,673,138,0,0,1
207528,671,138,0,0,1
207606,663,132,0,0,1
207668,653,128,0,0,1
207731,625,122,0,0,1
207809,539,116,0,0,1
207871,423,128,0,0,1
207949,349,146,0,0,1
208012,331,154,0,0,1
208090,315,158,0,0,1
208152,303,160,0,0,1
208230,301,160,0,0,1
208292,299,160,0,0,1
208370,299,160,0,0,1
208433,299,160,0,0,1
208511,299,160,0,0,1
208573,297,160,0,0,1
208651,297,160,0,0,1
208714,297,160,0,0,1
208792,297,160,0,0,1
208854,289,174,0,0,1
208932,223,304,0,0,1
208994,195,346,0,0,1
209072,195,346,0,0,1
209135,199,346,0,0,1
209213,223,340,0,0,1
209275,257,336,0,0,1
209353,263,334,0,0,1
209416,281,332,0,0,1
209494,299,324,0,0,1
209556,311,322,0,0,1
209634,323,320,0,0,1
209696,333,320,0,0,1
209774,337,316,0,0,1
209837,339,316,0,0,1
209915,339,316,0,0,1
209977,339,316,0,0,1
210055,359,334,0,0,1
210118,453,392,0,0,1
210196,567,444,0,0,1
210258,593,448,0,0,1
210336,619,456,0,0,1
210398,631,456,0,0,1
210476,641,460,0,0,1
210539,641,460,0,0,1
210617,641,460,0,0,1
210679,641,460,0,0,1
210757,641,460,0,0,1
210820,641,460,0,0,1
210882,641,460,0,0,1
210960,641,460,0,0,1
211022,639,460,0,0,1
211100,625,452,0,0,1
211163,537,396,0,0,1
211241,421,362,0,0,1
211303,383,350,0,0,1
211381,377,348,0,0,1
211444,377,348,0,0,1
211522,379,348,0,0,1
211584,383,348,0,0,1
211662,385,348,0,0,1
211724,387,348,0,0,1
211802,387,348,0,0,1
211865,391,348,0,0,1
211943,393,348,0,0,1
212005,393,348,0,0,1
212083,393,348,0,0,1
212146,393,348,0,0,1
212224,393,348,0,0,1
212286,377,352,0,0,1
212364,245,386,0,0,1
212426,125,406,0,0,1
212504,99,416,0,0,1
212567,97,418,0,0,1
212645,97,418,0,0,1
212707,97,418,0,0,1
212785,97,418,0,0,1
212848,97,418,0,0,1
212926,97,418,0,0,1
212988,97,418,0,0,1
213066,97,418,0,0,1
213128,97,418,0,0,1
213206,97,418,0,0,1
213269,99,412,0,0,1
213347,103,326,0,0,1
213409,123,220,0,0,1
213487,127,164,0,0,1
213550,129,158,0,0,1
213628,129,158,0,0,1
213690,131,158,0,0,1
213768,133,154,0,0,1
213830,133,152,0,0,1
213908,133,152,0,0,1
213971,133,152,0,0,1
214033,135,152,0,0,1
214111,149,156,0,0,1
214174,229,214,0,0,1
214252,299,266,0,0,1
214314,329,286,0,0,1
214392,353,286,0,0,1
214454,393,294,0,0,1
214532,401,296,0,0,1
214595,401,296,0,0,1
214673,397,296,0,0,1
214735,395,296,0,0,1
214813,395,296,0,0,1
214876,395,296,1,0,1
214954,395,296,1,0,1
215016,399,298,1,0,1
215094,407,306,1,0,1
215156,409,308,1,0,1
215234,409,308,1,0,1
215297,411,308,1,0,1
215375,419,316,1,0,1
215437,423,318,1,0,1
215515,423,318,1,0,1
215578,423,318,1,0,1
215656,423,318,1,0,1
215718,423,320,0,0,1
215796,431,326,0,0,1
215859,471,366,0,0,1
215937,529,412,0,0,1
215999,593,452,0,0,1
216077,611,460,0,0,1
216139,625,466,0,0,1
216217,629,468,0,0,1
216280,635,472,0,0,1
216358,637,474,0,0,1
216420,637,474,0,0,1
216498,637,474,0,0,1
216561,637,474,0,0,1
216639,637,474,0,0,1
216701,637,474,0,0,1
216779,633,460,0,0,1
216841,559,380,0,0,1
216919,423,292,0,0,1
216982,375,268,0,0,1
217060,361,260,0,0,1
217122,355,250,0,0,1
217185,355,250,0,0,1
217263,355,250,0,0,1
217325,355,252,0,0,1
217403,359,254,0,0,1
217465,365,260,0,0,1
217543,373,268,0,0,1
217606,373,268,0,0,1
217684,375,270,0,0,1
217746,377,270,0,0,1
217824,417,310,0,0,1
217887,531,398,0,0,1
217965,607,442,0,0,1
218027,633,456,0,0,1
218105,653,480,0,0,1
218167,661,484,0,0,1
218245,663,484,0,0,1
218308,669,486,0,0,1
218386,671,488,0,0,1
218448,671,488,0,0,1
218526,671,476,0,0,1
218589,673,412,0,0,1
218667,673,358,0,0,1
218729,667,282,0,0,1
218807,657,230,0,0,1
218869,651,192,0,0,1
218947,649,178,0,0,1
219010,651,168,0,0,1
219088,651,162,0,0,1
219150,651,158,0,0,1
219228,651,156,0,0,1
219291,651,156,0,0,1
219369,651,154,0,0,1
219431,645,152,0,0,1
219509,609,136,0,0,1
219571,543,126,0,0,1
219649,443,126,0,0,1
219712,345,132,0,0,1
219790,287,134,0,0,1
219852,259,134,0,0,1
219930,241,134,0,0,1
219993,213,134,0,0,1
220071,199,132,0,0,1
220133,193,132,0,0,1
220211,189,132,0,0,1
220273,183,132,0,0,1
220351,181,132,0,0,1
220414,177,132,0,0,1
220492,175,132,0,0,1
220554,171,134,0,0,1
220617,159,152,0,0,1
220695,143,242,0,0,1
220757,173,346,0,0,1
220835,229,400,0,0,1
220897,303,422,0,0,1
220975,399,444,0,0,1
221038,465,464,0,0,1
221116,503,484,0,0,1
221194,531,494,0,0,1
221256,557,502,0,0,1
221334,581,502,0,0,1
221397,605,502,0,0,1
221475,623,506,0,0,1
221537,639,508,0,0,1
221615,655,508,0,0,1
221677,669,506,0,0,1
221740,677,500,0,0,1
221818,683,476,0,0,1
221880,689,438,0,0,1
221958,691,392,0,0,1
222021,697,364,0,0,1
222099,701,306,0,0,1
222161,705,246,0,0,1
222239,705,192,0,0,1
222301,705,166,0,0,1
222379,707,150,0,0,1
222442,707,126,0,0,1
222520,701,108,0,0,1
222582,681,94,0,0,1
222660,637,90,0,0,1
222723,565,90,0,0,1
222801,511,94,0,0,1
222863,465,94,0,0,1
222941,427,96,0,0,1
223003,387,98,0,0,1
223081,345,98,0,0,1
223144,313,98,0,0,1
223222,285,100,0,0,1
223284,257,106,0,0,1
223362,225,114,0,0,1
223425,205,120,0,0,1
223503,187,134,0,0,1
223565,169,152,0,0,1
223643,157,164,0,0,1
223705,147,182,0,0,1
223783,147,224,0,0,1
223846,169,288,0,0,1
223924,185,318,0,0,1
223986,193,326,0,0,1
224064,195,328,0,0,1
224127,205,334,0,0,1
224205,207,334,0,0,1
224267,213,336,0,0,1
224345,215,336,0,0,1
224407,219,334,0,0,1
224485,223,334,0,0,1
224548,229,330,0,0,1
224626,233,328,0,0,1
224688,237,328,0,0,1
224766,239,328,0,0,1
224829,239,328,0,0,1
224907,239,328,0,0,1
224969,255,340,0,0,1
225047,321,396,0,0,1
225109,421,446,0,0,1
225172,507,476,0,0,1
225250,575,494,0,0,1
225312,629,508,0,0,1
225390,659,516,0,0,1
225453,671,518,0,0,1
225531,681,520,0,0,1
225593,685,520,0,0,1
225671,689,524,0,0,1
225733,689,524,0,0,1
225811,689,524,0,0,1
225874,689,522,0,0,1
225952,689,522,0,0,1
226014,691,494,0,0,1
226092,693,440,0,0,1
226155,693,378,0,0,1
226233,691,322,0,0,1
226295,689,272,0,0,1
226373,677,218,0,0,1
226435,671,190,0,0,1
226513,647,154,0,0,1
226576,613,134,0,0,1
226654,541,118,0,0,1
226716,471,114,0,0,1
226794,419,108,0,0,1
226857,377,104,0,0,1
226935,329,104,0,0,1
226997,285,104,0,0,1
227075,243,98,0,0,1
227137,217,96,0,0,1
227215,195,104,0,0,1
227278,167,114,0,0,1
227356,143,124,0,0,1
227418,123,138,0,0,1
227496,105,174,0,0,1
227559,95,210,0,0,1
227637,91,250,0,0,1
227699,89,286,0,0,1
227777,93,344,0,0,1
227839,99,386,0,0,1
227917,121,424,0,0,1
227980,169,470,0,0,1
228042,239,508,0,0,1
228120,319,530,0,0,1
228183,393,542,0,0,1
228261,483,550,0,0,1
228323,553,552,0,0,1
228401,607,554,0,0,1
228463,641,556,0,0,1
228541,677,552,0,0,1
228604,697,536,0,0,1
228682,713,510,0,0,1
228744,719,472,0,0,1
228822,727,436,0,0,1
228885,735,398,0,0,1
228963,739,356,0,0,1
229025,739,322,0,0,1
229103,739,280,0,0,1
229165,739,234,0,0,1
229243,737,208,0,0,1
229306,737,198,0,0,1
229384,737,172,0,0,1
229446,733,146,0,0,1
229524,719,122,0,0,1
229587,691,108,0,0,1
229665,633,90,0,0,1
229727,559,80,0,0,1
229805,511,78,0,0,1
229867,469,78,0,0,1
229945,423,82,0,0,1
230008,371,82,0,0,1
230086,321,80,0,0,1
230148,281,80,0,0,1
230226,249,88,0,0,1
230289,219,92,0,0,1
230367,189,96,0,0,1
230429,161,104,0,0,1
230507,137,116,0,0,1
230569,119,136,0,0,1
230647,109,156,0,0,1
230710,105,178,0,0,1
230788,103,206,0,0,1
230850,101,238,0,0,1
230928,101,270,0,0,1
230991,99,298,0,0,1
231069,103,322,0,0,1
231131,105,342,0,0,1
231209,109,360,0,0,1
231271,111,376,0,0,1
231349,115,392,0,0,1
231412,119,406,0,0,1
231474,123,418,0,0,1
231552,131,430,0,0,1
231615,141,442,0,0,1
231693,159,458,0,0,1
231755,179,470,0,0,1
231833,205,482,0,0,1
231895,239,494,0,0,1
231973,271,498,0,0,1
232036,299,504,0,0,1
232114,329,508,0,0,1
232176,359,510,0,0,1
232254,395,516,0,0,1
232317,437,524,0,0,1
232395,483,530,0,0,1
232457,519,534,0,0,1
232535,539,534,0,0,1
232597,539,528,0,0,1
232675,519,496,0,0,1
232738,441,416,0,0,1
232816,315,352,0,0,1
232878,245,328,0,0,1
232956,229,316,0,0,1
233019,221,304,0,0,1
233097,221,300,0,0,1
233159,223,296,0,0,1
233237,225,294,0,0,1
233299,227,294,1,0,1
233377,233,294,1,0,1
233440,233,294,1,0,1
233518,235,294,1,0,1
233580,241,298,1,0,1
233658,247,308,1,0,1
233721,251,330,1,0,1
233799,253,340,1,0,1
233861,255,344,1,0,1
233939,257,342,1,0,1
234001,269,330,1,0,1
234079,277,308,1,0,1
234142,285,294,1,0,1
234220,289,286,1,0,1
234282,291,286,1,0,1
234360,291,296,1,0,1
234423,293,324,1,0,1
234501,295,334,1,0,1
234563,295,334,1,0,1
234641,295,332,1,0,1
234703,307,304,1,0,1
234781,317,284,1,0,1
234844,319,284,1,0,1
234922,319,288,1,0,1
234984,321,312,1,0,1
235047,325,320,1,0,1
235125,325,324,1,0,1
235187,325,320,1,0,1
235265,325,292,1,0,1
235327,329,282,1,0,1
235405,329,282,1,0,1
235468,331,282,0,0,1
235546,389,338,0,0,1
235608,507,426,0,0,1
235686,567,466,0,0,1
235749,611,482,0,0,1
235827,641,488,0,0,1
235889,655,492,0,0,1
235967,663,492,0,0,1
236029,665,494,0,0,1
236107,665,494,0,0,1
236170,665,494,0,0,1
236248,665,494,0,0,1
236310,665,494,0,0,1
236388,667,466,0,0,1
236451,677,422,0,0,1
236529,683,372,0,0,1
236591,683,318,0,0,1
236669,685,280,0,0,1
236731,687,240,0,0,1
236809,689,214,0,0,1
236872,691,204,0,0,1
236950,685,190,0,0,1
237012,677,174,0,0,1
237090,673,164,0,0,1
237153,667,154,0,0,1
237231,663,146,0,0,1
237293,661,138,0,0,1
237371,659,132,0,0,1
237433,631,122,0,0,1
237511,519,112,0,0,1
237574,389,114,0,0,1
237652,315,122,0,0,1
237714,257,138,0,0,1
237777,225,156,0,0,1
237855,209,180,0,0,1
237917,199,210,0,0,1
237995,227,252,0,0,1
238057,251,276,0,0,1
238135,257,284,0,0,1
238198,275,300,0,0,1
238276,281,300,0,0,1
238338,291,300,0,0,1
238416,291,300,0,0,1
238479,291,300,1,0,1
238557,291,300,1,0,1
238619,287,306,1,0,1
238697,285,332,1,0,1
238759,285,344,1,0,1
238837,285,344,1,0,1
238900,289,344,1,0,1
238978,311,350,1,0,1
239040,397,382,1,0,1
239118,509,420,1,0,1
239181,557,438,1,0,1
239259,603,452,1,0,1
239321,631,460,1,0,1
239399,655,468,1,0,1
239461,669,470,1,0,1
239539,677,470,1,0,1
239602,679,468,1,0,1
239680,689,460,1,0,1
239742,703,442,1,0,1
239820,709,416,1,0,1
239929,711,396,0,0,1
239992,707,380,0,0,1
240070,705,354,0,0,1
240132,701,316,0,0,1
240210,697,266,0,0,1
240273,693,236,0,0,1
240351,687,214,0,0,1
240413,683,194,0,0,1
240491,673,172,0,0,1
240553,659,156,0,0,1
240631,639,138,0,0,1
240694,605,120,0,0,1
240772,543,108,0,0,1
240834,477,106,0,0,1
240897,431,106,0,0,1
240975,397,106,0,0,1
241037,371,108,0,0,1
241115,347,110,0,0,1
241177,317,114,0,0,1
241255,295,122,0,0,1
241318,273,130,0,0,1
241396,255,138,0,0,1
241458,233,160,0,0,1
241536,217,184,0,0,1
241599,205,206,0,0,1
241677,197,232,0,0,1
241739,195,256,0,0,1
241817,195,276,0,0,1
241879,195,298,0,0,1
241957,195,324,0,0,1
242020,201,356,0,0,1
242098,215,390,0,0,1
242160,245,428,0,0,1
242238,281,456,0,0,1
242301,333,464,0,0,1
242379,413,466,0,0,1
242441,477,466,0,0,1
242519,507,466,0,0,1
242581,535,464,0,0,1
242659,553,466,0,0,1
242722,561,466,0,0,1
242800,579,460,0,0,1
242862,597,456,1,0,1
242940,611,450,1,0,1
243003,621,448,1,0,1
243081,635,442,1,0,1
243143,653,436,1,0,1
243221,669,428,1,0,1
243283,681,420,1,0,1
243361,693,406,1,0,1
243424,703,392,1,0,1
243502,709,366,1,0,1
243564,715,348,1,0,1
243642,717,320,1,0,1
243705,723,294,1,0,1
243783,725,268,1,0,1
243845,725,244,1,0,1
243923,721,222,1,0,1
243985,715,198,1,0,1
244063,705,176,1,0,1
244126,693,160,1,0,1
244204,671,140,0,0,1
244266,639,130,0,0,1
244344,581,118,0,0,1
244407,525,114,0,0,1
244469,481,112,0,0,1
244547,439,108,0,0,1
244609,409,108,0,0,1
244687,377,108,0,0,1
244750,351,108,0,0,1
244828,329,110,0,0,1
244890,305,110,0,0,1
244968,285,110,0,0,1
245031,265,112,0,0,1
245109,249,114,0,0,1
245171,233,116,0,0,1
245249,217,122,0,0,1
245311,201,132,0,0,1
245389,181,146,0,0,1
245452,163,168,0,0,1
245530,145,196,0,0,1
245592,131,232,0,0,1
245670,125,266,0,0,1
245733,125,292,0,0,1
245811,129,324,0,0,1
245873,139,350,0,0,1
245951,155,372,0,0,1
246013,169,392,0,0,1
246091,177,406,0,0,1
246154,187,418,0,0,1
246232,199,430,0,0,1
246294,221,446,0,0,1
246372,253,458,0,0,1
246435,293,468,0,0,1
246513,337,474,0,0,1
246575,375,476,0,0,1
246653,411,476,0,0,1
246715,443,476,0,0,1
246793,479,478,0,0,1
246856,513,480,0,0,1
246934,543,480,0,0,1
246996,563,480,0,0,1
247074,583,476,0,0,1
247137,601,474,0,0,1
247215,619,470,0,0,1
247277,637,462,0,0,1
247355,651,450,0,0,1
247418,665,428,0,0,1
247496,675,402,0,0,1
247558,681,368,0,0,1
247620,687,338,0,0,1
247698,691,310,0,0,1
247761,695,284,0,0,1
247839,695,260,0,0,1
247901,695,230,0,0,1
247979,689,206,0,0,1
248042,675,180,0,0,1
248120,651,158,0,0,1
248182,629,138,0,0,1
248260,603,122,0,0,1
248322,575,110,0,0,1
248400,545,106,0,0,1
248463,505,104,0,0,1
248541,449,102,0,0,1
248603,391,102,0,0,1
248681,337,102,0,0,1
248744,295,102,0,0,1
248822,267,102,0,0,1
248884,245,106,0,0,1
248962,221,108,0,0,1
249024,199,114,0,0,1
249102,183,122,0,0,1
249165,167,136,0,0,1
249243,153,160,0,0,1
249305,149,190,0,0,1
249383,147,210,0,0,1
249446,147,232,0,0,1
249524,147,262,0,0,1
249586,149,286,0,0,1
249664,155,312,0,0,1
249726,161,336,0,0,1
249804,169,358,0,0,1
249867,181,378,0,0,1
249945,203,400,0,0,1
250007,229,420,0,0,1
250085,269,440,0,0,1
250148,313,448,0,0,1
250226,365,452,0,0,1
250288,407,456,0,0,1
250350,443,456,0,0,1
250428,475,458,0,0,1
250491,505,462,0,0,1
250569,535,462,0,0,1
250631,561,464,0,0,1
250709,583,464,0,0,1
250772,605,464,0,0,1
250850,629,462,0,0,1
250912,649,460,0,0,1
250990,665,452,0,0,1
251052,679,438,0,0,1
251130,691,416,0,0,1
251193,699,382,0,0,1
251271,703,348,0,0,1
251333,703,314,0,0,1
251411,705,288,0,0,1
251474,705,260,0,0,1
251552,703,238,0,0,1
251614,701,224,0,0,1
251692,697,210,0,0,1
251754,689,194,0,0,1
251832,673,174,0,0,1
251895,657,162,0,0,1
251973,633,150,0,0,1
252035,603,140,0,0,1
252113,573,134,0,0,1
252176,537,128,0,0,1
252254,497,124,0,0,1
252316,451,124,0,0,1
252394,401,124,0,0,1
252456,361,128,0,0,1
252534,331,134,0,0,1
252597,301,140,0,0,1
252675,277,148,0,0,1
252737,255,156,0,0,1
252815,235,170,0,0,1
252878,215,190,0,0,1
252956,199,218,0,0,1
253018,187,250,0,0,1
253096,179,276,0,0,1
253158,177,304,0,0,1
253236,177,326,0,0,1
253299,185,350,0,0,1
253377,197,372,0,0,1
253439,217,396,0,0,1
253517,245,424,0,0,1
253580,269,446,0,0,1
253658,301,466,0,0,1
253720,337,480,0,0,1
253798,379,494,0,0,1
253860,425,504,0,0,1
253938,473,506,0,0,1
254001,523,508,0,0,1
254079,569,510,0,0,1
254141,605,514,0,0,1
254219,631,520,0,0,1
254282,653,528,0,0,1
254360,671,534,0,0,1
254422,689,536,0,0,1
254500,701,536,0,0,1
254562,707,536,0,0,1
254640,709,536,0,0,1
254703,709,536,0,0,1
254781,709,536,0,0,1
254843,709,536,0,0,1
254921,709,536,0,0,1
254984,709,536,0,0,1
