31,319,108,0,0,1
94,319,108,0,0,1
172,319,108,0,0,1
234,319,108,0,0,1
312,319,108,0,0,1
374,319,108,0,0,1
452,319,108,0,0,1
515,319,108,0,0,1
577,319,108,0,0,1
655,319,108,0,0,1
718,319,108,0,0,1
796,319,108,0,0,1
858,319,108,0,0,1
936,323,114,0,0,1
998,403,236,0,0,1
1076,415,250,0,0,1
1139,415,250,0,0,1
1217,415,250,0,0,1
1279,413,250,0,0,1
1357,409,250,0,0,1
1420,407,250,0,0,1
1498,395,254,0,0,1
1560,379,256,0,0,1
1638,373,256,0,0,1
1700,367,258,0,0,1
1778,355,262,0,0,1
1841,345,262,0,0,1
1919,343,262,0,0,1
1981,343,262,0,0,1
2059,343,262,0,0,1
2122,343,262,0,0,1
2200,343,262,0,0,1
2262,343,262,0,0,1
2340,343,262,0,0,1
2402,343,262,0,0,1
2480,343,262,0,0,1
2543,337,262,1,0,1
2621,335,262,1,0,1
2683,335,264,1,0,1
2761,331,266,1,0,1
2824,321,272,1,0,1
2902,321,272,1,0,1
2964,319,276,1,0,1
3042,317,276,1,0,1
3104,315,276,1,0,1
3182,315,276,1,0,1
3245,313,276,1,0,1
3323,309,276,1,0,1
3385,309,276,1,0,1
3463,305,276,1,0,1
3526,287,276,1,0,1
3604,273,274,1,0,1
3666,269,274,1,0,1
3744,259,274,1,0,1
3806,235,272,1,0,1
3884,231,270,1,0,1
3947,231,270,1,0,1
4025,225,270,1,0,1
4087,221,270,1,0,1
4165,221,270,1,0,1
4228,219,270,1,0,1
4306,211,270,1,0,1
4368,205,268,1,0,1
4446,203,268,1,0,1
4508,193,268,1,0,1
4586,185,264,1,0,1
4649,183,264,1,0,1
4727,177,262,1,0,1
4789,161,256,0,0,1
4867,145,252,0,0,1
4930,141,252,0,0,1
5008,127,246,0,0,1
5070,117,244,0,0,1
5148,111,242,0,0,1
5210,109,242,0,0,1
5288,101,244,0,0,1
5351,99,244,0,0,1
5429,99,246,0,0,1
5491,99,246,0,0,1
5554,117,248,0,0,1
5632,195,266,0,0,1
5694,289,284,0,0,1
5772,331,284,0,0,1
5834,345,290,0,0,1
5912,377,304,0,0,1
5990,381,308,0,0,1
6053,381,308,0,0,1
6131,383,310,0,0,1
6193,493,356,0,0,1
6256,437,358,0,0,1
6334,437,358,0,0,1
6396,437,358,0,0,1
6474,437,358,0,0,1
6536,437,358,0,0,1
6614,435,354,0,0,1
6677,501,374,0,0,1
6755,557,392,0,0,1
6817,567,400,0,0,1
6895,555,400,0,0,1
6958,559,402,0,0,1
7036,567,406,0,0,1
7098,571,408,0,0,1
7176,577,410,0,0,1
7238,577,410,0,0,1
7316,577,410,0,0,1
7379,577,410,0,0,1
7457,577,410,0,0,1
7519,577,410,0,0,1
7597,575,410,0,0,1
7660,573,410,0,0,1
7738,573,410,0,0,1
7800,573,410,0,0,1
7878,571,410,0,0,1
7940,571,410,0,0,1
8018,571,410,0,0,1
8081,571,410,0,0,1
8159,571,410,0,0,1
8221,571,410,0,0,1
8299,567,410,0,0,1
8362,555,402,0,0,1
8440,517,384,0,0,1
8502,497,372,0,0,1
8580,481,362,0,0,1
8642,465,348,0,0,1
8720,457,340,0,0,1
8783,449,332,0,0,1
8861,433,318,0,0,1
8923,427,316,0,0,1
9001,427,316,0,0,1
9064,427,316,0,0,1
9142,423,316,0,0,1
9204,423,316,0,0,1
9282,423,316,0,0,1
9344,423,316,0,0,1
9422,423,316,0,0,1
9485,423,316,0,0,1
9563,423,316,0,0,1
9625,423,316,0,0,1
9703,423,316,0,0,1
9766,425,318,0,0,1
9844,425,318,0,0,1
9906,425,318,0,0,1
9984,425,318,0,0,1
10046,425,318,0,0,1
10124,425,318,0,0,1
10187,423,318,0,0,1
10265,423,318,0,0,1
10327,423,318,0,0,1
10405,423,318,0,0,1
10468,421,318,0,0,1
10546,421,318,0,0,1
10608,421,316,0,0,1
10686,421,316,0,0,1
10748,421,316,0,0,1
10811,421,316,0,0,1
10889,421,314,0,0,1
10951,421,312,0,0,1
11029,421,312,0,0,1
11092,421,312,0,0,1
11170,419,312,0,0,1
11232,417,312,0,0,1
11310,417,312,0,0,1
11372,417,312,0,0,1
11450,415,312,0,0,1
11513,415,312,0,0,1
11591,415,312,0,0,1
11653,415,312,0,0,1
11731,415,312,0,0,1
11794,415,312,0,0,1
11872,415,312,0,0,1
11934,415,312,0,0,1
12012,417,312,0,0,1
12074,417,312,0,0,1
12152,417,312,0,0,1
12215,417,312,0,0,1
12293,419,316,0,0,1
12355,419,316,0,0,1
12433,419,316,0,0,1
12496,421,316,0,0,1
12574,421,318,0,0,1
12636,421,316,0,0,1
12714,421,314,0,0,1
12776,421,314,0,0,1
12854,421,314,0,0,1
12917,421,310,0,0,1
12995,421,310,0,0,1
13057,421,310,0,0,1
13135,421,310,0,0,1
13198,421,310,0,0,1
13276,421,310,0,0,1
13338,421,310,0,0,1
13416,421,310,0,0,1
13478,419,312,0,0,1
13556,419,312,0,0,1
13619,417,314,0,0,1
13697,415,314,0,0,1
13759,415,314,0,0,1
13837,415,314,0,0,1
13900,415,314,0,0,1
13978,415,314,0,0,1
14040,411,316,0,0,1
14118,409,316,0,0,1
14180,407,316,0,0,1
14258,407,320,0,0,1
14321,405,320,0,0,1
14399,405,320,0,0,1
14461,405,320,0,0,1
14539,405,320,0,0,1
14602,393,320,0,0,1
14680,387,322,0,0,1
14742,383,322,0,0,1
14820,383,322,0,0,1
14882,383,322,0,0,1
14960,383,322,0,0,1
15023,383,322,0,0,1
15101,383,322,0,0,1
15163,381,322,0,0,1
15241,381,322,0,0,1
15304,379,322,0,0,1
15382,379,322,0,0,1
15444,379,322,0,0,1
15522,379,320,0,0,1
15584,379,320,0,0,1
15662,381,320,0,0,1
15725,381,320,0,0,1
15787,381,320,0,0,1
15865,383,320,0,0,1
15928,385,320,0,0,1
16006,385,320,0,0,1
16068,385,320,0,0,1
16146,387,320,0,0,1
16208,389,320,0,0,1
16286,389,320,0,0,1
16349,389,320,0,0,1
16427,389,320,0,0,1
16489,389,320,0,0,1
16567,391,320,0,0,1
16630,393,320,0,0,1
16708,393,320,0,0,1
16770,393,320,0,0,1
16848,395,320,0,0,1
16910,395,320,0,0,1
16988,395,320,0,0,1
17051,397,320,0,0,1
17129,397,320,0,0,1
17191,397,320,0,0,1
17269,399,320,0,0,1
17332,399,320,0,0,1
17410,399,320,0,0,1
17472,399,320,0,0,1
17550,401,320,0,0,1
17612,401,320,0,0,1
17690,401,320,0,0,1
17753,401,320,0,0,1
17831,401,322,0,0,1
17893,401,322,0,0,1
17971,401,322,0,0,1
18034,401,322,0,0,1
18112,397,322,0,0,1
18174,393,322,0,0,1
18252,391,322,0,0,1
18314,391,322,0,0,1
18392,391,322,0,0,1
18455,391,320,0,0,1
18517,389,320,0,0,1
18595,389,320,0,0,1
18658,389,320,0,0,1
18736,389,320,0,0,1
18798,395,320,0,0,1
18876,399,320,0,0,1
18938,399,320,0,0,1
19016,399,320,0,0,1
19079,395,320,0,0,1
19157,391,320,0,0,1
19219,391,320,0,0,1
19297,391,320,0,0,1
19360,389,320,0,0,1
19438,381,314,0,0,1
19500,379,314,0,0,1
19578,379,314,0,0,1
19640,379,314,0,0,1
19718,377,314,0,0,1
19781,377,314,0,0,1
19859,377,314,0,0,1
19921,377,314,0,0,1
19999,379,314,0,0,1
20062,383,314,0,0,1
20140,385,314,0,0,1
20202,385,314,0,0,1
20280,385,314,0,0,1
20342,385,314,0,0,1
20420,385,314,0,0,1
20483,385,314,0,0,1
20561,385,316,0,0,1
20623,385,316,0,0,1
20701,387,316,0,0,1
20779,389,316,0,0,1
20842,389,316,0,0,1
20920,389,316,0,0,1
20982,389,316,0,0,1
21060,389,316,0,0,1
21122,389,316,0,0,1
21200,387,316,0,0,1
21263,387,316,0,0,1
21341,387,316,0,0,1
21403,387,316,0,0,1
21481,387,316,0,0,1
21544,387,318,0,0,1
21622,387,318,0,0,1
21684,387,318,0,0,1
21762,385,318,0,0,1
21824,379,318,0,0,1
21902,369,312,0,0,1
21965,359,310,0,0,1
22043,355,308,0,0,1
22105,353,308,0,0,1
22183,347,306,0,0,1
22246,347,306,0,0,1
22324,347,306,0,0,1
22386,347,306,0,0,1
22464,347,304,0,0,1
22526,347,304,0,0,1
22604,345,304,0,0,1
22667,343,302,0,0,1
22745,343,302,0,0,1
22807,343,302,0,0,1
22885,343,302,0,0,1
22948,343,302,0,0,1
23026,343,300,0,0,1
23088,345,300,0,0,1
23166,345,300,0,0,1
23228,345,300,0,0,1
23306,347,298,0,0,1
23369,347,298,0,0,1
23447,349,296,0,0,1
23509,351,296,0,0,1
23587,351,296,0,0,1
23650,353,294,0,0,1
23728,355,294,0,0,1
23790,359,292,0,0,1
23868,359,290,0,0,1
23930,361,288,0,0,1
24008,363,286,0,0,1
24071,363,286,0,0,1
24149,365,286,0,0,1
24211,367,286,0,0,1
24289,381,300,0,0,1
24352,389,308,0,0,1
24430,395,318,0,0,1
24492,397,322,0,0,1
24570,397,326,0,0,1
24632,397,326,0,0,1
24710,395,328,0,0,1
24773,395,336,0,0,1
24851,393,336,0,0,1
24913,393,336,0,0,1
24976,397,332,0,0,1
25054,411,312,0,0,1
25116,427,286,0,0,1
25194,437,272,0,0,1
25256,451,260,0,0,1
25334,469,252,0,0,1
25397,475,240,0,0,1
25475,477,236,0,0,1
25537,481,236,0,0,1
25615,485,228,0,0,1
25678,493,222,0,0,1
25756,495,222,0,0,1
25818,495,222,0,0,1
25896,497,222,0,0,1
25958,497,224,0,0,1
26036,499,226,0,0,1
26099,499,226,0,0,1
26177,499,226,0,0,1
26239,499,226,0,0,1
26317,499,226,0,0,1
26380,499,226,0,0,1
26458,499,226,0,0,1
26520,499,226,0,0,1
26598,499,226,0,0,1
26660,499,226,0,0,1
26738,499,226,0,0,1
26801,499,226,0,0,1
26879,499,226,0,0,1
26941,499,226,0,0,1
27019,499,226,0,0,1
27082,499,226,0,0,1
27160,499,226,0,0,1
27222,499,226,0,0,1
27300,499,226,0,0,1
27362,499,226,0,0,1
27440,499,226,0,0,1
27503,499,226,0,0,1
27581,499,226,0,0,1
27643,497,226,0,0,1
27706,497,226,0,0,1
27784,497,226,0,0,1
27846,497,226,0,0,1
27924,497,226,0,0,1
28002,497,226,0,0,1
28064,497,226,0,0,1
28127,497,226,0,0,1
28205,497,226,0,0,1
28267,497,226,0,0,1
28345,497,226,0,0,1
28408,499,226,0,0,1
28486,515,224,0,0,1
28548,547,216,0,0,1
28626,563,214,0,0,1
28688,565,214,0,0,1
28766,565,214,0,0,1
28829,567,212,0,0,1
28907,571,212,0,0,1
28969,571,212,0,0,1
29047,571,212,0,0,1
29110,569,212,0,0,1
29188,569,212,0,0,1
29250,569,214,0,0,1
29328,571,220,0,0,1
29390,609,262,0,0,1
29468,621,276,0,0,1
29531,629,286,0,0,1
29609,643,308,0,0,1
29671,653,324,0,0,1
29749,653,324,0,0,1
29812,653,324,0,0,1
29890,649,322,0,0,1
29952,627,286,0,0,1
30030,611,262,0,0,1
30092,609,262,0,0,1
30170,609,262,0,0,1
30233,609,262,0,0,1
30311,609,262,0,0,1
30373,607,262,1,0,1
30451,607,262,1,0,1
30514,607,262,1,0,1
30592,607,262,1,0,1
30654,607,266,1,0,1
30732,605,272,1,0,1
30795,605,278,1,0,1
30873,607,296,1,0,1
30935,607,308,1,0,1
31013,607,324,1,0,1
31075,605,332,1,0,1
31153,599,348,1,0,1
31216,591,368,1,0,1
31294,585,378,1,0,1
31356,579,394,1,0,1
31434,575,410,1,0,1
31497,567,426,1,0,1
31575,555,444,1,0,1
31637,547,454,1,0,1
31715,543,460,1,0,1
31777,541,462,1,0,1
31855,541,462,1,0,1
31918,541,462,1,0,1
31980,541,462,0,0,1
32058,541,460,0,0,1
32121,541,458,0,0,1
32199,541,458,0,0,1
32261,541,458,0,0,1
32339,541,458,0,0,1
32401,541,458,0,0,1
32479,541,458,0,0,1
32542,541,458,0,0,1
32620,541,456,0,0,1
32682,541,456,0,0,1
32760,537,436,0,0,1
32823,529,406,0,0,1
32901,513,366,0,0,1
32963,493,316,0,0,1
33041,475,272,0,0,1
33103,467,262,0,0,1
33181,463,260,0,0,1
33244,463,260,0,0,1
33322,461,260,0,0,1
33384,461,260,0,0,1
33462,459,260,0,0,1
33525,451,262,0,0,1
33603,431,266,0,0,1
33665,397,268,0,0,1
33743,361,278,0,0,1
33805,313,292,0,0,1
33883,283,298,0,0,1
33946,271,298,0,0,1
34024,269,300,0,0,1
34086,265,300,0,0,1
34164,261,304,0,0,1
34227,253,306,0,0,1
34305,251,308,0,0,1
34367,251,312,0,0,1
34445,255,312,0,0,1
34507,257,314,0,0,1
34585,259,314,0,0,1
34648,261,314,0,0,1
34726,263,314,0,0,1
34788,265,314,0,0,1
34866,267,314,0,0,1
34929,269,314,0,0,1
35007,271,314,0,0,1
35069,273,314,0,0,1
35147,273,314,0,0,1
35209,275,314,0,0,1
35287,277,314,0,0,1
35350,277,314,0,0,1
35428,279,314,0,0,1
35490,281,314,0,0,1
35568,313,324,0,0,1
35631,393,342,0,0,1
35709,445,348,0,0,1
35771,481,348,0,0,1
35849,485,346,0,0,1
35911,489,346,0,0,1
35989,491,346,0,0,1
36052,489,346,0,0,1
36130,481,338,0,0,1
36192,475,334,0,0,1
36270,471,330,0,0,1
36333,469,328,0,0,1
36411,465,326,0,0,1
36473,459,324,0,0,1
36535,449,324,0,0,1
36613,441,322,0,0,1
36676,429,322,0,0,1
36754,421,320,0,0,1
36816,415,320,0,0,1
36894,413,318,0,0,1
36957,411,316,0,0,1
37035,409,316,0,0,1
37097,405,324,0,0,1
37175,393,334,0,0,1
37237,383,338,0,0,1
37315,379,338,0,0,1
37378,377,340,0,0,1
37456,377,340,0,0,1
37518,375,340,0,0,1
37596,371,338,0,0,1
37659,367,334,0,0,1
37737,365,332,0,0,1
37799,363,330,0,0,1
37877,363,330,0,0,1
37939,363,328,0,0,1
38017,363,328,0,0,1
38080,363,328,0,0,1
38158,363,328,0,0,1
38220,363,328,0,0,1
38298,363,328,0,0,1
38361,363,328,0,0,1
38439,365,328,0,0,1
38501,365,328,0,0,1
38579,367,328,0,0,1
38641,379,328,0,0,1
38719,391,328,0,0,1
38782,395,328,0,0,1
38860,395,328,0,0,1
38922,397,328,0,0,1
39000,399,328,0,0,1
39063,401,326,0,0,1
39141,403,326,0,0,1
39203,405,324,0,0,1
39281,405,322,0,0,1
39343,407,322,0,0,1
39421,407,322,0,0,1
39484,409,322,1,0,1
39562,411,322,1,0,1
39624,413,320,1,0,1
39702,413,320,1,0,1
39765,415,320,1,0,1
39843,417,320,1,0,1
39905,417,320,1,0,1
39983,419,320,1,0,1
40045,421,320,1,0,1
40123,421,320,1,0,1
40186,423,320,1,0,1
40264,425,320,1,0,1
40326,427,320,1,0,1
40389,429,320,1,0,1
40467,431,320,1,0,1
40529,431,322,1,0,1
40607,431,322,1,0,1
40669,431,322,1,0,1
40747,423,322,1,0,1
40810,421,320,1,0,1
40888,417,320,1,0,1
40950,415,318,1,0,1
41028,411,318,1,0,1
41091,409,316,1,0,1
41169,409,316,1,0,1
41231,407,316,1,0,1
41309,407,316,1,0,1
41371,409,316,1,0,1
41449,413,316,1,0,1
41512,415,316,1,0,1
41590,419,316,1,0,1
41652,421,316,1,0,1
41730,423,316,1,0,1
41793,423,316,1,0,1
41871,423,316,1,0,1
41933,423,316,0,0,1
42011,423,316,0,0,1
42073,423,316,0,0,1
42151,421,316,0,0,1
42214,419,316,0,0,1
42292,417,316,0,0,1
42354,417,316,0,0,1
42432,415,316,0,0,1
42495,413,316,0,0,1
42573,411,316,0,0,1
42635,409,316,0,0,1
42713,407,316,0,0,1
42775,403,316,0,0,1
42853,389,316,0,0,1
42916,361,320,0,0,1
42994,335,328,0,0,1
43056,313,336,0,0,1
43119,303,340,0,0,1
43197,303,342,0,0,1
43259,301,342,0,0,1
43337,299,342,0,0,1
43399,297,342,0,0,1
43477,297,342,0,0,1
43540,297,342,0,0,1
43618,297,342,0,0,1
43680,297,342,0,0,1
43758,297,342,0,0,1
43821,297,342,0,0,1
43899,297,342,0,0,1
43961,297,342,0,0,1
44039,297,342,0,0,1
44101,297,342,0,0,1
44179,297,342,0,0,1
44242,297,342,0,0,1
44320,301,342,0,0,1
44382,303,342,0,0,1
44460,307,344,0,0,1
44523,307,346,0,0,1
44601,307,346,0,0,1
44663,309,346,0,0,1
44741,309,346,0,0,1
44803,311,346,0,0,1
44881,311,346,0,0,1
44944,311,346,0,0,1
45022,311,346,0,0,1
45084,311,346,0,0,1
45162,311,346,0,0,1
45225,311,348,0,0,1
45303,311,348,0,0,1
45381,313,350,0,0,1
45443,313,350,0,0,1
45521,313,350,0,0,1
45583,313,350,0,0,1
45646,313,350,0,0,1
45724,313,350,0,0,1
45786,313,350,0,0,1
45864,311,350,0,0,1
45927,309,352,0,0,1
46005,305,360,0,0,1
46067,299,366,0,0,1
46145,295,372,0,0,1
46207,293,376,0,0,1
46285,291,380,0,0,1
46348,287,384,0,0,1
46426,283,386,0,0,1
46488,279,388,0,0,1
46566,275,392,0,0,1
46629,265,394,0,0,1
46707,253,398,0,0,1
46769,245,400,0,0,1
46847,241,402,0,0,1
46909,239,404,0,0,1
46987,237,406,0,0,1
47050,237,406,0,0,1
47128,243,406,0,0,1
47190,253,408,0,0,1
47268,259,408,0,0,1
47331,267,408,0,0,1
47409,281,404,0,0,1
47471,295,398,0,0,1
47549,307,388,0,0,1
47611,311,382,0,0,1
47689,315,374,0,0,1
47752,321,366,0,0,1
47830,327,358,0,0,1
47892,333,354,0,0,1
47970,337,350,0,0,1
48033,339,348,0,0,1
48111,343,346,0,0,1
48173,345,346,0,0,1
48251,347,346,0,0,1
48313,351,348,0,0,1
48391,357,350,0,0,1
48454,359,352,0,0,1
48532,361,352,0,0,1
48594,361,354,0,0,1
48672,361,354,0,0,1
48735,361,354,0,0,1
48797,359,354,0,0,1
48875,359,354,0,0,1
48937,357,356,0,0,1
49015,357,356,0,0,1
49078,357,356,0,0,1
49156,357,358,0,0,1
49218,357,362,0,0,1
49296,357,368,0,0,1
49359,359,378,0,0,1
49437,361,386,0,0,1
49499,365,390,0,0,1
49577,365,392,0,0,1
49639,365,392,0,0,1
49717,361,394,0,0,1
49780,357,394,0,0,1
49858,355,388,0,0,1
49920,351,386,0,0,1
49998,349,384,0,0,1
50061,345,382,0,0,1
50139,343,380,0,0,1
50201,341,380,0,0,1
50279,341,380,0,0,1
50341,341,380,0,0,1
50419,337,380,0,0,1
50482,335,380,0,0,1
50560,329,376,0,0,1
50622,323,370,0,0,1
50700,321,368,0,0,1
50763,319,366,0,0,1
50841,317,366,0,0,1
50903,317,364,1,0,1
50981,317,364,1,0,1
51043,317,362,1,0,1
51121,317,360,1,0,1
51184,317,358,1,0,1
51262,317,356,1,0,1
51324,317,356,1,0,1
51402,321,356,1,0,1
51465,327,364,1,0,1
51543,337,370,1,0,1
51605,343,376,1,0,1
51683,351,384,1,0,1
51745,357,396,1,0,1
51823,363,410,1,0,1
51886,365,424,1,0,1
51948,369,436,1,0,1
52026,375,448,1,0,1
52089,389,460,1,0,1
52167,397,466,1,0,1
52229,399,468,1,0,1
52307,405,470,1,0,1
52369,411,474,1,0,1
52447,431,486,1,0,1
52510,437,492,1,0,1
52588,443,496,1,0,1
52650,451,500,1,0,1
52728,455,502,1,0,1
52791,459,502,1,0,1
52869,459,502,1,0,1
52931,459,502,1,0,1
53009,459,500,1,0,1
53071,465,496,1,0,1
53149,471,490,0,0,1
53212,479,484,0,0,1
53290,483,480,0,0,1
53352,487,476,0,0,1
53430,493,474,0,0,1
53493,497,470,0,0,1
53571,503,468,0,0,1
53633,511,466,0,0,1
53711,519,462,0,0,1
53773,527,460,0,0,1
53851,537,454,0,0,1
53914,547,448,0,0,1
53992,559,444,0,0,1
54054,569,440,0,0,1
54132,577,436,0,0,1
54195,581,436,0,0,1
54273,581,434,0,0,1
54335,581,434,0,0,1
54413,579,434,0,0,1
54475,579,434,0,0,1
54553,579,434,0,0,1
54616,579,434,0,0,1
54678,577,432,0,0,1
54756,571,414,0,0,1
54834,531,352,0,0,1
54897,491,310,0,0,1
54975,463,288,0,0,1
55037,441,276,0,0,1
55099,407,266,0,0,1
55177,363,272,0,0,1
55240,303,296,0,0,1
55318,271,306,0,0,1
55380,239,316,0,0,1
55458,215,322,0,0,1
55521,211,326,0,0,1
55599,211,328,0,0,1
55661,215,328,0,0,1
55739,221,328,0,0,1
55801,225,328,0,0,1
55879,227,328,0,0,1
55942,233,328,0,0,1
56020,237,328,0,0,1
56082,245,328,0,0,1
56160,249,328,0,0,1
56223,255,330,0,0,1
56301,259,330,0,0,1
56363,263,330,0,0,1
56441,265,330,0,0,1
56503,271,330,0,0,1
56581,271,330,0,0,1
56644,273,330,0,0,1
56722,275,330,0,0,1
56784,277,330,0,0,1
56862,277,330,0,0,1
56925,281,330,0,0,1
57003,283,328,0,0,1
57065,287,326,0,0,1
57143,293,324,0,0,1
57205,303,322,0,0,1
57283,311,320,0,0,1
57346,325,316,0,0,1
57424,355,308,0,0,1
57486,385,300,0,0,1
57564,401,300,0,0,1
57627,401,300,0,0,1
57705,401,300,0,0,1
57767,401,300,0,0,1
57845,401,298,0,0,1
57907,401,298,0,0,1
57985,387,294,0,0,1
58048,373,288,0,0,1
58126,371,286,0,0,1
58188,371,286,0,0,1
58266,371,286,0,0,1
58329,371,286,0,0,1
58407,371,286,0,0,1
58469,373,286,0,0,1
58547,377,286,0,0,1
58609,383,290,0,0,1
58687,385,296,0,0,1
58750,385,296,0,0,1
58828,385,296,0,0,1
58890,395,302,0,0,1
58953,407,304,0,0,1
59031,409,304,0,0,1
59093,409,304,0,0,1
59171,409,304,0,0,1
59233,405,304,0,0,1
59311,397,302,0,0,1
59374,389,302,0,0,1
59452,385,302,0,0,1
59514,389,302,0,0,1
59592,401,304,0,0,1
59655,405,304,0,0,1
59733,407,304,0,0,1
59795,409,304,0,0,1
59873,419,304,0,0,1
59935,423,302,0,0,1
60013,425,300,0,0,1
60076,429,300,0,0,1
60154,433,298,0,0,1
60216,439,288,0,0,1
60294,441,286,0,0,1
60357,443,286,0,0,1
60435,447,282,0,0,1
60497,449,276,0,0,1
60575,449,276,0,0,1
60637,449,276,0,0,1
60715,449,276,0,0,1
60778,449,276,0,0,1
60856,449,276,0,0,1
60918,449,276,0,0,1
60996,449,272,0,0,1
61059,449,272,0,0,1
61137,449,272,0,0,1
61199,449,270,0,0,1
61277,449,266,0,0,1
61339,449,266,0,0,1
61417,449,266,0,0,1
61480,453,256,0,0,1
61558,457,248,0,0,1
61620,457,248,0,0,1
61683,459,246,0,0,1
61761,467,238,0,0,1
61823,467,238,0,0,1
61901,469,236,0,0,1
61964,471,234,0,0,1
62042,473,230,0,0,1
62104,473,230,0,0,1
62182,473,230,0,0,1
62244,475,226,0,0,1
62322,475,226,0,0,1
62385,475,226,0,0,1
62463,477,224,0,0,1
62525,487,214,0,0,1
62603,489,210,0,0,1
62666,489,210,0,0,1
62744,491,210,0,0,1
62806,491,208,0,0,1
62884,491,208,0,0,1
62946,491,208,0,0,1
63024,491,206,0,0,1
63087,491,206,0,0,1
63165,491,206,0,0,1
63227,493,206,0,0,1
63305,493,204,0,0,1
63368,493,202,0,0,1
63446,495,200,0,0,1
63508,497,196,0,0,1
63586,499,192,0,0,1
63648,501,190,0,0,1
63726,503,188,0,0,1
63789,505,184,0,0,1
63867,505,184,0,0,1
63929,505,192,0,0,1
64007,503,216,0,0,1
64070,491,242,0,0,1
64148,475,276,0,0,1
64210,473,290,0,0,1
64288,473,290,0,0,1
64350,473,290,0,0,1
64428,473,292,0,0,1
64491,469,288,0,0,1
64569,461,278,0,0,1
64631,459,276,0,0,1
64709,459,276,0,0,1
64772,459,276,0,0,1
64850,459,274,0,0,1
64912,463,274,0,0,1
64990,465,272,0,0,1
65052,471,268,0,0,1
65130,475,260,0,0,1
65193,475,256,0,0,1
65271,475,254,0,0,1
65333,475,254,0,0,1
65411,473,252,0,0,1
65474,471,256,0,0,1
65552,469,264,0,0,1
65614,469,264,0,0,1
65692,463,268,0,0,1
65754,457,278,0,0,1
65832,457,282,0,0,1
65895,455,282,0,0,1
65973,455,282,0,0,1
66035,455,284,0,0,1
66113,455,284,0,0,1
66176,455,284,0,0,1
66238,455,286,0,0,1
66316,455,286,0,0,1
66378,455,286,0,0,1
66456,455,286,0,0,1
66519,455,286,0,0,1
66597,455,286,0,0,1
66659,455,286,0,0,1
66737,455,286,0,0,1
66800,455,286,0,0,1
66878,455,286,0,0,1
66940,455,284,0,0,1
67018,455,284,0,0,1
67080,455,284,0,0,1
67158,455,284,0,0,1
67221,455,284,0,0,1
67299,455,284,0,0,1
67361,455,284,0,0,1
67439,455,282,0,0,1
67502,455,282,0,0,1
67580,455,282,0,0,1
67642,455,282,0,0,1
67720,455,282,0,0,1
67782,455,282,0,0,1
67860,455,282,0,0,1
67923,455,280,0,0,1
68001,453,278,0,0,1
68063,453,278,0,0,1
68141,449,276,0,0,1
68204,439,262,0,0,1
68282,435,250,0,0,1
68344,435,246,0,0,1
68422,431,216,0,0,1
68484,427,174,0,0,1
68562,427,170,0,0,1
68625,427,170,0,0,1
68703,427,170,0,0,1
68765,427,170,0,0,1
68843,427,170,0,0,1
68906,427,170,0,0,1
68984,427,170,0,0,1
69046,427,172,0,0,1
69124,393,180,0,0,1
69186,331,190,0,0,1
69264,315,196,0,0,1
69327,313,210,0,0,1
69405,301,226,0,0,1
69467,295,236,0,0,1
69545,291,238,0,0,1
69608,289,244,0,0,1
69670,289,246,0,0,1
69748,289,246,0,0,1
69810,289,246,0,0,1
69888,289,246,0,0,1
69951,291,246,0,0,1
70029,293,246,0,0,1
70091,297,246,0,0,1
70169,299,246,0,0,1
70232,301,246,0,0,1
70310,303,246,0,0,1
70372,307,246,0,0,1
70450,309,246,0,0,1
70512,309,246,0,0,1
70590,313,246,0,0,1
70653,313,248,0,0,1
70731,315,248,0,0,1
70793,319,248,0,0,1
70871,327,254,0,0,1
70934,329,254,0,0,1
71012,331,254,0,0,1
71074,341,260,0,0,1
71152,347,266,0,0,1
71214,349,266,0,0,1
71292,355,270,0,0,1
71355,369,282,0,0,1
71433,373,284,0,0,1
71495,375,284,0,0,1
71573,383,290,0,0,1
71636,393,296,0,0,1
71714,397,296,0,0,1
71776,397,296,0,0,1
71854,397,298,0,0,1
71916,399,298,0,0,1
71994,399,298,0,0,1
72057,399,298,0,0,1
72135,401,302,0,0,1
72197,399,302,0,0,1
72275,397,302,0,0,1
72338,395,306,0,0,1
72416,395,308,0,0,1
72478,395,308,0,0,1
72556,393,308,0,0,1
72618,393,308,0,0,1
72696,393,308,0,0,1
72759,393,308,0,0,1
72837,393,308,0,0,1
72899,393,308,0,0,1
72977,395,310,0,0,1
73040,395,310,0,0,1
73118,397,314,0,0,1
73180,409,330,0,0,1
73258,421,336,0,0,1
73320,429,344,0,0,1
73398,441,352,0,0,1
73461,441,352,0,0,1
73523,441,350,0,0,1
73601,441,350,0,0,1
73664,441,350,0,0,1
73742,445,338,0,0,1
73804,445,330,0,0,1
73882,445,330,0,0,1
73944,445,328,0,0,1
74022,445,326,0,0,1
74100,445,326,0,0,1
74163,445,326,0,0,1
74225,445,328,0,0,1
74303,445,328,0,0,1
74366,445,330,0,0,1
74444,447,334,0,0,1
74522,447,334,0,0,1
74584,447,334,0,0,1
74646,453,344,0,0,1
74724,461,356,0,0,1
74787,461,356,0,0,1
74865,463,358,0,0,1
74927,465,364,0,0,1
75005,465,364,0,0,1
75068,465,364,0,0,1
75146,463,364,0,0,1
75208,463,364,0,0,1
75286,455,352,0,0,1
75348,441,332,0,0,1
75426,433,322,0,0,1
75489,429,316,0,0,1
75567,413,304,0,0,1
75629,403,298,0,0,1
75707,393,298,0,0,1
75770,381,294,0,0,1
75848,365,288,0,0,1
75910,341,288,0,0,1
75988,315,302,0,0,1
76050,299,308,0,0,1
76128,283,316,0,0,1
76191,273,326,0,0,1
76269,267,338,0,0,1
76331,265,340,0,0,1
76409,265,348,0,0,1
76472,273,362,0,0,1
76550,277,364,0,0,1
76612,283,364,0,0,1
76690,293,370,0,0,1
76752,301,374,0,0,1
76830,305,374,0,0,1
76893,309,374,0,0,1
76971,325,380,0,0,1
77033,345,382,0,0,1
77111,359,382,0,0,1
77174,383,386,0,0,1
77252,437,388,0,0,1
77314,465,382,0,0,1
77392,473,380,0,0,1
77454,495,382,0,0,1
77532,517,378,0,0,1
77595,529,374,0,0,1
77673,533,374,0,0,1
77735,541,374,0,0,1
77813,547,372,0,0,1
77876,547,372,0,0,1
77954,545,372,0,0,1
78016,527,368,0,0,1
78094,473,358,0,0,1
78156,427,356,0,0,1
78234,397,362,0,0,1
78297,375,360,0,0,1
78375,359,358,0,0,1
78437,361,362,0,0,1
78515,397,366,0,0,1
78578,473,362,0,0,1
78656,517,364,0,0,1
78718,591,370,0,0,1
78796,633,366,0,0,1
78858,639,364,0,0,1
78921,641,364,0,0,1
78999,635,366,0,0,1
79061,615,366,0,0,1
79139,565,368,0,0,1
79202,507,380,0,0,1
79280,465,380,0,0,1
79342,417,376,0,0,1
79420,363,382,0,0,1
79482,337,388,0,0,1
79560,309,384,0,0,1
79623,269,386,0,0,1
79701,249,392,0,0,1
79763,245,394,0,0,1
79841,245,394,0,0,1
79904,251,394,0,0,1
79982,281,402,0,0,1
80044,321,400,0,0,1
80122,351,400,0,0,1
80184,395,408,0,0,1
80262,465,412,0,0,1
80325,529,412,0,0,1
80403,559,410,0,0,1
80465,603,412,0,0,1
80543,609,408,0,0,1
80606,611,406,0,0,1
80684,611,406,0,0,1
80746,609,406,0,0,1
80824,605,402,0,0,1
80886,603,396,0,0,1
80964,601,392,0,0,1
81027,595,388,0,0,1
81105,585,384,0,0,1
81167,551,384,0,0,1
81245,521,384,0,0,1
81308,483,372,0,0,1
81386,413,360,0,0,1
81448,355,354,0,0,1
81526,333,348,0,0,1
81588,333,346,0,0,1
81666,335,346,0,0,1
81729,339,346,0,0,1
81807,347,348,0,0,1
81869,357,354,0,0,1
81947,377,362,0,0,1
82010,407,364,0,0,1
82088,415,360,0,0,1
82150,417,360,0,0,1
82228,419,360,0,0,1
82290,425,360,0,0,1
82368,433,362,0,0,1
82431,437,362,0,0,1
82509,443,362,0,0,1
82571,445,362,0,0,1
82649,447,362,0,0,1
82712,453,364,0,0,1
82790,459,362,0,0,1
82852,459,362,0,0,1
82930,459,362,0,0,1
82992,453,360,0,0,1
83070,447,356,0,0,1
83133,445,356,0,0,1
83211,445,354,0,0,1
83273,445,352,0,0,1
83351,443,350,0,0,1
83414,443,350,0,0,1
83492,441,348,0,0,1
83554,441,348,0,0,1
83632,439,348,0,0,1
83694,439,348,0,0,1
83757,439,346,0,0,1
83835,439,346,0,0,1
83897,439,346,0,0,1
83975,439,346,0,0,1
84038,439,346,0,0,1
84116,439,346,0,0,1
84178,439,346,0,0,1
84256,439,346,0,0,1
84318,439,346,0,0,1
84396,439,346,0,0,1
84459,441,344,0,0,1
84537,443,344,0,0,1
84599,445,344,0,0,1
84677,447,344,0,0,1
84740,447,344,0,0,1
84818,447,344,0,0,1
84880,447,344,0,0,1
84958,445,344,0,0,1
85020,445,344,0,0,1
85098,445,344,0,0,1
85161,445,344,0,0,1
85239,445,344,0,0,1
85301,447,344,0,0,1
85379,449,344,0,0,1
85442,453,344,0,0,1
85520,457,344,0,0,1
85582,459,344,0,0,1
85660,473,348,0,0,1
85722,477,350,0,0,1
85800,477,350,0,0,1
85863,477,352,0,0,1
85941,473,352,0,0,1
86003,473,352,0,0,1
86081,469,352,0,0,1
86144,467,350,0,0,1
86222,457,340,0,0,1
86284,457,338,0,0,1
86362,457,338,0,0,1
86424,457,338,0,0,1
86502,457,338,0,0,1
86565,449,338,0,0,1
86643,435,334,0,0,1
86705,431,330,0,0,1
86783,427,330,0,0,1
86846,423,330,0,0,1
86924,419,330,0,0,1
86986,415,330,0,0,1
87064,409,330,0,0,1
87126,405,330,0,0,1
87204,401,328,0,0,1
87267,399,328,0,0,1
87329,397,328,0,0,1
87407,393,326,0,0,1
87470,391,324,0,0,1
87548,389,324,0,0,1
87610,387,324,0,0,1
87688,385,324,0,0,1
87750,385,324,0,0,1
87828,383,324,0,0,1
87891,383,322,0,0,1
87969,381,322,0,0,1
88031,377,322,0,0,1
88109,371,320,0,0,1
88172,369,320,0,0,1
88250,367,320,0,0,1
88312,367,320,0,0,1
88390,363,318,0,0,1
88452,361,316,0,0,1
88530,361,316,0,0,1
88593,363,318,0,0,1
88671,369,320,0,0,1
88733,373,324,0,0,1
88811,381,330,0,0,1
88874,383,336,0,0,1
88952,391,346,0,0,1
89014,405,364,0,0,1
89092,407,368,0,0,1
89154,409,370,0,0,1
89232,413,376,0,0,1
89295,419,384,0,0,1
89373,421,384,0,0,1
89435,425,390,0,0,1
89513,431,394,0,0,1
89576,439,396,0,0,1
89654,447,396,0,0,1
89716,459,396,0,0,1
89794,473,396,0,0,1
89856,479,388,0,0,1
89934,479,374,0,0,1
89997,471,354,0,0,1
90075,453,332,0,0,1
90137,413,296,0,0,1
90215,363,270,0,0,1
90278,335,260,0,0,1
90356,327,254,0,0,1
90418,323,252,0,0,1
90480,321,248,0,0,1
90558,317,242,0,0,1
90621,309,236,0,0,1
90699,307,236,0,0,1
90761,305,236,0,0,1
90839,303,234,0,0,1
90902,303,234,0,0,1
90980,303,234,0,0,1
91042,303,234,0,0,1
91120,305,232,0,0,1
91182,305,232,0,0,1
91260,307,232,0,0,1
91323,307,232,0,0,1
91401,309,232,0,0,1
91463,311,232,0,0,1
91541,313,234,0,0,1
91604,315,234,0,0,1
91682,319,238,0,0,1
91744,321,238,0,0,1
91822,323,240,0,0,1
91884,327,242,0,0,1
91962,333,244,0,0,1
92025,337,244,0,0,1
92103,339,248,0,0,1
92165,345,252,0,0,1
92243,347,252,0,0,1
92306,351,254,0,0,1
92384,355,258,0,0,1
92446,359,260,0,0,1
92524,359,260,0,0,1
92586,363,262,0,0,1
92664,367,266,0,0,1
92727,369,268,0,0,1
92805,373,272,0,0,1
92867,381,282,0,0,1
92945,383,284,0,0,1
93008,385,288,0,0,1
93086,391,294,0,0,1
93148,397,300,0,0,1
93211,397,302,0,0,1
93289,401,304,0,0,1
93351,409,314,0,0,1
93429,411,314,0,0,1
93491,411,314,0,0,1
93569,411,314,0,0,1
93632,411,314,0,0,1
93710,411,314,0,0,1
93772,415,316,0,0,1
93850,415,316,0,0,1
93913,415,316,0,0,1
93991,417,316,0,0,1
94053,417,318,0,0,1
94131,417,318,0,0,1
94193,419,318,0,0,1
94271,421,320,0,0,1
94334,423,320,0,0,1
94412,425,320,0,0,1
94474,425,320,0,0,1
94552,425,320,0,0,1
94615,427,320,0,0,1
94693,429,320,0,0,1
94755,431,320,0,0,1
94833,433,320,0,0,1
94895,441,320,0,0,1
94973,447,320,0,0,1
95036,449,320,0,0,1
95114,453,320,0,0,1
95176,453,320,0,0,1
95254,453,320,0,0,1
95317,453,320,0,0,1
95395,451,320,0,0,1
95457,445,320,0,0,1
95535,439,320,0,0,1
95597,431,318,0,0,1
95675,429,318,0,0,1
95738,423,316,0,0,1
95816,413,310,0,0,1
95878,407,306,0,0,1
95956,401,302,0,0,1
96019,397,298,0,0,1
96097,393,294,0,0,1
96159,389,292,0,0,1
96237,385,290,0,0,1
96299,383,288,0,0,1
96362,383,288,0,0,1
96440,383,288,0,0,1
96502,385,286,0,0,1
96580,385,286,0,0,1
96643,385,284,0,0,1
96721,387,284,0,0,1
96783,389,282,0,0,1
96861,389,282,0,0,1
96923,391,280,0,0,1
97001,391,278,0,0,1
97064,393,278,0,0,1
97142,395,276,0,0,1
97204,395,274,0,0,1
97282,397,272,0,0,1
97345,399,270,0,0,1
97423,409,264,0,0,1
97485,415,256,0,0,1
97563,419,254,0,0,1
97625,421,254,0,0,1
97703,425,250,0,0,1
97766,427,250,0,0,1
97844,431,250,0,0,1
97906,431,252,0,0,1
97984,439,262,0,0,1
98047,451,272,0,0,1
98125,455,276,0,0,1
98187,455,276,0,0,1
98265,455,276,0,0,1
98327,455,276,0,0,1
98405,455,274,0,0,1
98468,455,274,0,0,1
98546,455,274,0,0,1
98608,455,272,0,0,1
98686,455,270,0,0,1
98749,455,266,0,0,1
98827,455,266,0,0,1
98889,455,266,0,0,1
98967,455,266,0,0,1
99029,455,266,0,0,1
99107,455,266,0,0,1
99170,457,262,0,0,1
99248,457,260,0,0,1
99310,457,260,0,0,1
99388,461,258,0,0,1
99451,461,256,0,0,1
99529,463,254,0,0,1
99591,463,252,0,0,1
99669,465,248,0,0,1
99731,469,242,0,0,1
99809,473,240,0,0,1
99872,481,232,0,0,1
99950,487,226,0,0,1
100012,491,224,0,0,1
100090,493,224,0,0,1
100153,493,224,0,0,1
100231,493,224,0,0,1
100293,485,216,0,0,1
100371,477,202,0,0,1
100433,477,194,0,0,1
100496,475,194,0,0,1
100574,455,194,0,0,1
100636,393,200,0,0,1
100714,347,224,0,0,1
100777,323,238,0,0,1
100855,315,240,0,0,1
100917,311,240,0,0,1
100995,309,244,0,0,1
101057,309,244,0,0,1
101135,309,244,0,0,1
101198,309,244,0,0,1
101276,309,244,0,0,1
101338,309,242,0,0,1
101416,309,242,0,0,1
101479,309,242,0,0,1
101557,311,242,0,0,1
101619,313,242,0,0,1
101697,315,242,0,0,1
101759,317,242,0,0,1
101837,319,242,0,0,1
101900,321,246,0,0,1
101978,323,246,0,0,1
102040,325,246,0,0,1
102118,327,248,0,0,1
102181,333,248,0,0,1
102259,337,248,0,0,1
102321,343,252,0,0,1
102399,347,254,0,0,1
102461,351,256,0,0,1
102539,357,260,0,0,1
102602,361,264,0,0,1
102680,363,264,0,0,1
102742,365,266,0,0,1
102820,367,268,0,0,1
102883,367,270,0,0,1
102961,367,274,0,0,1
103023,371,280,0,0,1
103101,373,288,0,0,1
103163,373,296,0,0,1
103241,375,304,0,0,1
103304,383,314,0,0,1
103382,399,324,0,0,1
103444,407,324,0,0,1
103522,411,324,0,0,1
103585,413,324,0,0,1
103663,415,322,0,0,1
103725,417,320,0,0,1
103803,419,318,0,0,1
103865,419,312,0,0,1
103943,419,310,0,0,1
104006,419,308,0,0,1
104084,419,306,0,0,1
104146,419,306,0,0,1
104224,419,306,0,0,1
104287,417,306,0,0,1
104365,417,306,0,0,1
104427,415,306,0,0,1
104505,415,306,0,0,1
104567,413,304,0,0,1
104645,411,300,0,0,1
104708,411,300,0,0,1
104770,409,296,0,0,1
104848,409,292,0,0,1
104911,413,292,0,0,1
104989,417,290,0,0,1
105051,421,286,0,0,1
105129,425,284,0,0,1
105191,435,282,0,0,1
105269,445,272,0,0,1
105332,451,264,0,0,1
105410,453,264,0,0,1
105472,453,262,0,0,1
105550,453,262,0,0,1
105613,453,262,0,0,1
105691,453,262,0,0,1
105753,457,262,0,0,1
105831,461,266,0,0,1
105893,475,272,0,0,1
105971,485,276,0,0,1
106034,485,276,0,0,1
106112,485,276,0,0,1
106174,485,276,0,0,1
106252,483,276,0,0,1
106315,481,276,0,0,1
106393,479,276,0,0,1
106455,477,276,0,0,1
106533,477,276,0,0,1
106595,477,276,0,0,1
106673,477,276,0,0,1
106736,477,276,0,0,1
106814,477,276,0,0,1
106876,477,276,0,0,1
106954,477,276,0,0,1
107017,477,276,0,0,1
107095,477,276,0,0,1
107157,477,276,0,0,1
107235,477,276,0,0,1
107297,477,276,0,0,1
107375,481,276,0,0,1
107438,481,278,0,0,1
107500,481,278,0,0,1
107578,481,282,0,0,1
107641,481,288,0,0,1
107719,479,288,0,0,1
107781,477,290,0,0,1
107859,471,304,0,0,1
107921,469,310,0,0,1
107999,469,310,0,0,1
108062,465,316,0,0,1
108140,463,330,0,0,1
108202,463,332,0,0,1
108280,463,332,0,0,1
108343,467,338,0,0,1
108421,471,344,0,0,1
108483,473,344,0,0,1
108561,473,344,0,0,1
108623,483,344,0,0,1
108701,529,342,0,0,1
108764,611,322,0,0,1
108842,657,314,0,0,1
108904,685,306,0,0,1
108982,693,298,0,0,1
109045,695,298,0,0,1
109123,699,296,0,0,1
109185,699,292,0,0,1
109263,691,286,0,0,1
109325,683,282,0,0,1
109403,681,282,0,0,1
109466,681,278,0,0,1
109544,679,276,0,0,1
109606,679,276,0,0,1
109684,679,274,0,0,1
109747,677,272,0,0,1
109825,677,272,1,0,1
109887,673,270,1,0,1
109965,667,266,1,0,1
110027,663,264,1,0,1
110105,659,264,1,0,1
110168,655,260,1,0,1
110246,653,258,1,0,1
110308,645,256,1,0,1
110386,641,252,1,0,1
110449,639,252,1,0,1
110527,637,252,1,0,1
110589,633,250,1,0,1
110667,631,250,1,0,1
110729,625,248,1,0,1
110807,619,248,1,0,1
110870,609,248,1,0,1
110948,593,248,1,0,1
111010,577,250,1,0,1
111088,559,256,1,0,1
111151,553,258,1,0,1
111229,549,260,1,0,1
111291,545,262,1,0,1
111369,539,266,1,0,1
111431,533,268,1,0,1
111509,523,268,1,0,1
111572,513,268,1,0,1
111650,507,266,1,0,1
111712,501,266,0,0,1
111790,485,266,0,0,1
111853,473,266,0,0,1
111931,469,268,0,0,1
111993,459,270,0,0,1
112055,453,274,0,0,1
112133,447,276,0,0,1
112196,441,278,0,0,1
112274,435,278,0,0,1
112336,433,280,0,0,1
112414,431,280,0,0,1
112477,431,284,0,0,1
112555,429,288,0,0,1
112617,429,294,0,0,1
112695,429,304,0,0,1
112757,429,312,0,0,1
112835,435,320,0,0,1
112898,437,324,0,0,1
112976,441,328,0,0,1
113038,445,334,0,0,1
113116,447,336,0,0,1
113179,449,338,0,0,1
113257,451,338,0,0,1
113319,453,338,0,0,1
113397,453,338,0,0,1
113459,453,338,0,0,1
113537,451,334,0,0,1
113600,447,326,0,0,1
113678,443,324,0,0,1
113740,443,322,0,0,1
113818,441,318,0,0,1
113881,441,318,0,0,1
113959,441,316,0,0,1
114021,439,314,0,0,1
114099,439,314,0,0,1
114161,439,314,0,0,1
114239,439,314,0,0,1
114302,439,314,0,0,1
114380,439,314,0,0,1
114442,439,314,0,0,1
114520,439,314,0,0,1
114583,439,314,0,0,1
114661,439,314,0,0,1
114723,439,314,0,0,1
114801,439,314,0,0,1
114863,439,314,0,0,1
114941,441,314,0,0,1
115004,443,314,0,0,1
115082,447,316,0,0,1
115144,453,318,0,0,1
115207,461,322,0,0,1
115285,477,326,0,0,1
115347,491,330,0,0,1
115425,499,332,0,0,1
115487,507,336,0,0,1
115565,523,344,0,0,1
115628,545,350,0,0,1
115706,575,356,0,0,1
115768,603,360,0,0,1
115846,627,364,0,0,1
115909,643,366,0,0,1
115987,647,366,0,0,1
116049,647,366,0,0,1
116127,631,366,0,0,1
116189,603,364,0,0,1
116267,551,350,0,0,1
116330,481,322,0,0,1
116408,445,296,0,0,1
116470,429,280,0,0,1
116548,417,272,0,0,1
116611,411,266,0,0,1
116689,409,264,0,0,1
116751,407,264,0,0,1
116829,407,264,0,0,1
116891,407,264,0,0,1
116969,407,264,0,0,1
117032,407,264,0,0,1
117110,407,264,0,0,1
117172,407,264,0,0,1
117250,407,264,0,0,1
117313,407,264,0,0,1
117391,407,264,0,0,1
117453,407,264,0,0,1
117531,407,264,0,0,1
117593,407,264,0,0,1
117671,407,264,0,0,1
117734,407,264,0,0,1
117812,405,264,0,0,1
117874,405,264,0,0,1
117952,405,264,0,0,1
118015,405,264,0,0,1
118093,405,264,0,0,1
118155,405,264,0,0,1
118233,405,264,0,0,1
118295,405,264,0,0,1
118358,405,264,0,0,1
118436,405,264,0,0,1
118498,405,266,0,0,1
118576,405,266,0,0,1
118639,405,266,0,0,1
118717,405,266,0,0,1
118779,405,266,0,0,1
118857,405,266,0,0,1
118919,405,266,0,0,1
118997,405,266,0,0,1
119060,405,266,0,0,1
119138,405,266,0,0,1
119200,405,266,0,0,1
119278,405,266,0,0,1
119341,405,266,0,0,1
119419,405,266,0,0,1
119481,405,266,0,0,1
119559,405,266,0,0,1
119621,405,266,0,0,1
119699,405,266,0,0,1
119762,405,266,0,0,1
119840,405,266,0,0,1
119902,405,266,0,0,1
119980,405,266,0,0,1
120043,405,266,0,0,1
120121,405,266,0,0,1
120183,405,266,0,0,1
120261,405,266,0,0,1
120323,405,266,0,0,1
120401,405,266,0,0,1
120464,405,266,0,0,1
120542,405,268,0,0,1
120604,413,296,0,0,1
120682,439,356,0,0,1
120745,469,378,0,0,1
120823,497,390,0,0,1
120885,537,398,0,0,1
120963,545,398,0,0,1
121025,547,400,0,0,1
121088,547,400,0,0,1
121166,547,396,0,0,1
121244,543,388,0,0,1
121306,539,378,0,0,1
121384,537,372,0,0,1
121447,521,360,0,0,1
121509,515,352,0,0,1
121587,513,352,0,0,1
121649,509,352,0,0,1
121727,499,344,0,0,1
121790,497,342,0,0,1
121868,495,342,0,0,1
121930,493,342,0,0,1
122008,489,340,0,0,1
122071,487,340,0,0,1
122149,483,340,0,0,1
122211,479,338,0,0,1
122289,467,336,0,0,1
122351,461,334,0,0,1
122429,457,332,0,0,1
122492,447,326,0,0,1
122570,441,324,0,0,1
122632,435,322,0,0,1
122710,427,318,0,0,1
122773,415,312,0,0,1
122851,411,312,0,0,1
122913,407,310,0,0,1
122991,401,308,0,0,1
123053,389,306,0,0,1
123131,387,306,0,0,1
123194,387,308,0,0,1
123272,387,312,0,0,1
123334,383,318,0,0,1
123412,377,322,0,0,1
123475,373,324,0,0,1
123553,367,326,0,0,1
123615,367,330,0,0,1
123693,367,330,0,0,1
123755,367,330,0,0,1
123833,367,330,0,0,1
123896,367,330,0,0,1
123974,367,330,0,0,1
124036,367,328,0,0,1
124114,365,326,0,0,1
124177,363,324,0,0,1
124255,361,324,0,0,1
124317,361,324,0,0,1
124395,361,324,0,0,1
124458,359,324,0,0,1
124536,357,324,0,0,1
124598,357,324,0,0,1
124660,355,326,0,0,1
124738,351,326,0,0,1
124801,349,326,0,0,1
124879,349,324,0,0,1
124941,349,322,0,0,1
125019,359,324,0,0,1
125082,391,340,0,0,1
125160,419,346,0,0,1
125222,435,348,0,0,1
125300,441,352,0,0,1
125362,441,352,0,0,1
125440,441,352,0,0,1
125503,437,352,0,0,1
125581,431,352,0,0,1
125643,429,350,0,0,1
125721,425,348,0,0,1
125784,419,346,0,0,1
125862,415,344,0,0,1
125924,409,338,0,0,1
126002,403,334,0,0,1
126064,401,332,0,0,1
126142,399,332,0,0,1
126205,397,330,0,0,1
126283,397,330,0,0,1
126345,397,330,0,0,1
126423,397,330,0,0,1
126486,397,330,0,0,1
126564,397,330,0,0,1
126626,397,330,0,0,1
126704,397,330,0,0,1
126766,397,330,0,0,1
126844,393,330,0,0,1
126907,387,328,0,0,1
126985,385,328,0,0,1
127047,383,324,0,0,1
127125,383,322,0,0,1
127188,375,310,0,0,1
127266,367,298,0,0,1
127328,363,292,0,0,1
127406,359,288,0,0,1
127468,359,288,0,0,1
127546,367,292,0,0,1
127609,405,304,0,0,1
127687,469,308,0,0,1
127749,527,304,0,0,1
127827,573,300,0,0,1
127890,595,294,0,0,1
127968,603,292,0,0,1
128030,607,290,0,0,1
128108,607,290,0,0,1
128170,603,290,0,0,1
128248,591,300,0,0,1
128311,579,310,0,0,1
128389,575,312,0,0,1
128451,561,314,0,0,1
128529,539,314,0,0,1
128592,531,316,0,0,1
128670,529,316,0,0,1
128732,523,316,0,0,1
128810,513,318,0,0,1
128872,505,318,0,0,1
128950,501,318,0,0,1
129013,497,320,0,0,1
129091,491,320,0,0,1
129153,487,320,0,0,1
129231,477,318,0,0,1
129294,473,318,0,0,1
129372,471,314,0,0,1
129434,463,312,0,0,1
129496,457,310,0,0,1
129574,453,310,0,0,1
129637,449,310,0,0,1
129715,447,310,0,0,1
129777,445,312,0,0,1
129855,443,314,0,0,1
129918,433,314,0,0,1
129996,425,314,0,0,1
130058,423,316,0,0,1
130136,421,316,0,0,1
130198,421,318,0,0,1
130276,425,320,0,0,1
130339,431,322,0,0,1
130417,433,322,0,0,1
130479,431,322,0,0,1
130557,427,322,0,0,1
130620,425,322,0,0,1
130698,425,322,0,0,1
130760,421,322,0,0,1
130838,409,322,0,0,1
130900,397,320,0,0,1
130978,385,320,0,0,1
131041,381,320,0,0,1
131119,377,320,0,0,1
131181,377,320,0,0,1
131259,373,320,0,0,1
131322,363,320,0,0,1
131400,357,320,0,0,1
131462,353,320,0,0,1
131540,351,320,0,0,1
131602,353,320,0,0,1
131680,359,318,0,0,1
131743,363,318,0,0,1
131821,365,318,0,0,1
131883,365,318,0,0,1
131961,365,318,0,0,1
132024,363,318,0,0,1
132102,361,318,0,0,1
132164,361,316,0,0,1
132242,359,308,0,0,1
132304,357,306,0,0,1
132382,357,306,0,0,1
132445,357,306,0,0,1
132523,355,306,0,0,1
132585,349,308,0,0,1
132663,345,310,0,0,1
132726,343,312,0,0,1
132804,343,314,0,0,1
132866,347,318,0,0,1
132944,367,326,0,0,1
133006,423,348,0,0,1
133084,467,364,0,0,1
133147,509,386,0,0,1
133225,529,394,0,0,1
133287,551,404,0,0,1
133350,565,414,0,0,1
133428,567,414,0,0,1
133506,567,418,1,0,1
133568,565,422,1,0,1
133646,559,430,1,0,1
133708,551,434,1,0,1
133786,535,444,1,0,1
133849,521,460,1,0,1
133927,513,462,1,0,1
133989,509,464,1,0,1
134067,505,472,1,0,1
134130,505,478,1,0,1
134192,511,480,1,0,1
134270,515,484,1,0,1
134348,515,486,1,0,1
134410,515,486,0,0,1
134473,513,490,0,0,1
134551,495,504,0,0,1
134613,481,510,0,0,1
134691,467,514,0,0,1
134754,463,516,0,0,1
134832,459,516,0,0,1
134894,455,516,0,0,1
134972,451,516,0,0,1
135034,451,514,0,0,1
135112,449,510,0,0,1
135175,447,508,0,0,1
135253,439,498,0,0,1
135315,399,444,0,0,1
135393,331,368,0,0,1
135456,315,348,0,0,1
135534,309,338,0,0,1
135596,307,330,0,0,1
135674,309,330,0,0,1
135736,311,330,0,0,1
135814,313,328,0,0,1
135877,313,326,0,0,1
135955,315,326,0,0,1
136017,317,324,0,0,1
136095,319,324,0,0,1
136158,319,324,0,0,1
136236,319,324,0,0,1
136298,321,322,0,0,1
136376,323,322,0,0,1
136438,323,320,0,0,1
136516,325,320,0,0,1
136579,325,318,0,0,1
136657,325,318,0,0,1
136719,327,316,0,0,1
136797,331,316,0,0,1
136860,331,314,0,0,1
136938,333,314,0,0,1
137000,339,312,0,0,1
137078,341,310,0,0,1
137140,345,308,0,0,1
137203,351,306,0,0,1
137281,359,302,0,0,1
137343,359,302,0,0,1
137421,355,302,0,0,1
137484,349,302,0,0,1
137562,343,302,0,0,1
137624,341,302,0,0,1
137702,341,302,0,0,1
137764,341,302,0,0,1
137842,339,302,0,0,1
137905,337,300,0,0,1
137983,335,300,0,0,1
138045,335,300,0,0,1
138123,335,298,0,0,1
138186,337,298,0,0,1
138264,339,296,0,0,1
138326,339,296,0,0,1
138404,339,294,0,0,1
138466,341,294,0,0,1
138544,341,292,0,0,1
138607,343,292,0,0,1
138685,343,292,0,0,1
138747,345,292,0,0,1
138825,345,292,0,0,1
138888,345,292,0,0,1
138966,347,292,0,0,1
139028,349,292,0,0,1
139106,349,292,0,0,1
139168,351,290,0,0,1
139246,353,290,0,0,1
139309,355,288,0,0,1
139387,361,284,0,0,1
139449,367,280,0,0,1
139527,369,270,0,0,1
139590,373,266,0,0,1
139668,375,260,0,0,1
139730,385,248,0,0,1
139808,391,238,0,0,1
139870,393,234,0,0,1
139948,401,232,0,0,1
140011,421,224,0,0,1
140089,431,218,0,0,1
140151,447,216,0,0,1
140229,467,216,0,0,1
140292,483,212,0,0,1
140370,485,212,0,0,1
140432,485,212,0,0,1
140510,485,212,0,0,1
140572,483,212,0,0,1
140650,483,212,0,0,1
140713,485,212,0,0,1
140791,489,212,0,0,1
140853,501,212,0,0,1
140931,519,216,0,0,1
140994,531,216,0,0,1
141056,545,218,0,0,1
141134,565,220,0,0,1
141196,571,220,0,0,1
141274,571,220,0,0,1
141337,571,224,0,0,1
141415,571,224,0,0,1
141477,569,224,0,0,1
141555,547,232,0,0,1
141618,483,258,0,0,1
141696,453,264,0,0,1
141758,423,268,0,0,1
141836,399,282,0,0,1
141898,381,290,0,0,1
141976,363,298,0,0,1
142039,343,304,0,0,1
142117,325,310,0,0,1
142179,319,314,0,0,1
142257,313,314,0,0,1
142320,307,318,0,0,1
142398,303,318,0,0,1
142460,303,318,0,0,1
142538,305,318,0,0,1
142600,307,318,0,0,1
142678,309,318,0,0,1
142741,309,316,0,0,1
142819,309,316,0,0,1
142881,311,316,0,0,1
142959,311,316,0,0,1
143022,311,316,0,0,1
143100,313,316,0,0,1
143162,315,316,0,0,1
143240,315,316,0,0,1
143302,315,316,0,0,1
143380,315,316,0,0,1
143443,315,316,0,0,1
143521,317,316,0,0,1
143583,317,318,0,0,1
143661,323,318,0,0,1
143724,325,318,0,0,1
143802,329,320,0,0,1
143864,329,320,0,0,1
143942,329,320,0,0,1
144004,329,320,0,0,1
144082,329,320,0,0,1
144145,327,320,0,0,1
144223,325,322,0,0,1
144285,325,326,0,0,1
144363,323,328,0,0,1
144426,323,330,0,0,1
144504,321,336,0,0,1
144566,321,348,0,0,1
144644,321,352,0,0,1
144706,321,356,0,0,1
144784,321,364,0,0,1
144847,321,366,0,0,1
144925,323,368,0,0,1
144987,329,374,0,0,1
145065,345,386,0,0,1
145128,369,390,0,0,1
145206,389,394,0,0,1
145268,419,400,0,0,1
145330,461,406,0,0,1
145408,493,408,0,0,1
145471,541,418,0,0,1
145549,585,426,0,0,1
145611,609,422,0,0,1
145689,627,420,0,0,1
145752,655,428,0,0,1
145830,671,428,0,0,1
145892,675,428,0,0,1
145970,675,428,0,0,1
146032,675,428,0,0,1
146110,675,428,0,0,1
146173,663,416,0,0,1
146251,625,372,0,0,1
146313,575,312,0,0,1
146391,509,262,0,0,1
146454,457,238,0,0,1
146532,439,236,0,0,1
146594,421,234,0,0,1
146672,393,234,0,0,1
146734,355,264,0,0,1
146812,325,286,0,0,1
146875,309,296,0,0,1
146953,303,304,0,0,1
147015,295,310,0,0,1
147093,287,310,0,0,1
147156,267,312,0,0,1
147234,263,314,0,0,1
147296,263,316,0,0,1
147374,263,316,0,0,1
147436,265,316,0,0,1
147514,269,316,0,0,1
147577,269,316,0,0,1
147655,269,316,0,0,1
147717,269,316,0,0,1
147795,269,316,0,0,1
147858,269,316,0,0,1
147936,271,316,0,0,1
147998,277,316,0,0,1
148076,285,318,0,0,1
148138,289,318,0,0,1
148216,293,318,0,0,1
148279,295,318,0,0,1
148357,295,318,0,0,1
148419,297,318,0,0,1
148497,299,318,0,0,1
148560,299,318,0,0,1
148638,299,320,0,0,1
148700,303,320,0,0,1
148778,309,320,0,0,1
148840,311,320,0,0,1
148918,315,320,0,0,1
148981,319,320,0,0,1
149059,321,320,0,0,1
149121,319,320,0,0,1
149199,309,318,0,0,1
149262,299,316,0,0,1
149340,293,312,0,0,1
149402,293,312,0,0,1
149480,293,312,0,0,1
149542,293,312,0,0,1
149620,293,312,0,0,1
149683,297,312,0,0,1
149761,297,312,0,0,1
149823,299,312,0,0,1
149886,301,312,0,0,1
149964,303,312,0,0,1
150026,305,312,0,0,1
150104,305,310,0,0,1
150166,307,310,0,0,1
150244,307,310,0,0,1
150307,307,310,0,0,1
150385,307,310,0,0,1
150447,307,310,0,0,1
150525,307,310,0,0,1
150588,307,310,0,0,1
150666,307,310,0,0,1
150728,307,310,0,0,1
150806,307,310,0,0,1
150868,307,310,0,0,1
150946,307,310,0,0,1
151009,307,310,0,0,1
151087,307,310,0,0,1
151149,309,310,0,0,1
151227,309,310,0,0,1
151290,311,310,0,0,1
151368,311,310,0,0,1
151430,313,312,0,0,1
151508,313,312,0,0,1
151570,313,312,0,0,1
151648,315,312,0,0,1
151711,317,312,0,0,1
151789,317,312,0,0,1
151851,319,312,0,0,1
151929,319,310,0,0,1
151992,319,308,0,0,1
152070,323,306,0,0,1
152132,325,302,0,0,1
152210,333,300,0,0,1
152272,343,296,0,0,1
152350,351,292,0,0,1
152413,359,290,0,0,1
152491,363,290,0,0,1
152553,369,288,0,0,1
152631,369,288,0,0,1
152694,359,288,0,0,1
152772,337,286,0,0,1
152834,311,284,0,0,1
152912,307,282,0,0,1
152974,305,282,0,0,1
153052,301,282,0,0,1
153115,297,282,0,0,1
153193,297,284,0,0,1
153255,291,288,0,0,1
153333,287,290,0,0,1
153396,285,290,0,0,1
153474,285,290,0,0,1
153536,285,290,0,0,1
153614,287,290,0,0,1
153676,289,290,0,0,1
153754,291,290,0,0,1
153817,293,290,0,0,1
153895,293,290,0,0,1
153957,295,292,0,0,1
154035,299,294,0,0,1
154098,301,296,0,0,1
154176,303,298,0,0,1
154238,303,298,0,0,1
154316,303,298,0,0,1
154378,303,298,0,0,1
154456,303,298,0,0,1
154519,303,298,0,0,1
154597,303,298,0,0,1
154659,303,298,0,0,1
154737,305,298,0,0,1
154800,305,298,0,0,1
154862,307,300,0,0,1
154940,319,310,0,0,1
155002,325,314,0,0,1
155080,327,318,0,0,1
155143,329,322,0,0,1
155221,329,326,0,0,1
155283,329,326,0,0,1
155361,331,326,0,0,1
155424,333,326,0,0,1
155502,333,326,0,0,1
155564,333,326,0,0,1
155642,333,326,0,0,1
155705,333,326,0,0,1
155783,333,326,0,0,1
155845,333,326,0,0,1
155923,333,326,0,0,1
155985,333,326,0,0,1
156063,333,326,0,0,1
156126,331,326,0,0,1
156204,331,326,0,0,1
156266,331,326,0,0,1
156344,331,326,0,0,1
156407,331,326,0,0,1
156485,331,326,0,0,1
156547,329,326,0,0,1
156625,329,326,0,0,1
156687,327,326,0,0,1
156765,325,322,0,0,1
156828,321,318,0,0,1
156906,319,316,0,0,1
156968,317,314,0,0,1
157046,315,312,0,0,1
157109,313,310,0,0,1
157187,313,310,0,0,1
157249,313,310,0,0,1
157327,317,310,0,0,1
157389,323,318,0,0,1
157467,335,332,0,0,1
157530,363,348,0,0,1
157592,383,350,0,0,1
157670,399,350,0,0,1
157733,401,350,0,0,1
157811,403,348,0,0,1
157873,403,346,0,0,1
157951,403,340,0,0,1
158013,401,336,0,0,1
158091,401,332,0,0,1
158154,401,332,0,0,1
158232,405,328,0,0,1
158294,407,322,0,0,1
158372,411,320,0,0,1
158435,413,316,0,0,1
158513,413,312,0,0,1
158575,415,308,0,0,1
158653,415,308,0,0,1
158715,415,308,0,0,1
158793,415,306,0,0,1
158856,415,306,0,0,1
158934,415,306,0,0,1
158996,415,306,0,0,1
159074,415,306,0,0,1
159137,415,306,0,0,1
159215,415,306,0,0,1
159277,415,306,0,0,1
159355,415,306,0,0,1
159417,415,306,0,0,1
159495,415,306,0,0,1
159558,415,308,0,0,1
159636,437,334,0,0,1
159698,487,374,0,0,1
159776,537,414,0,0,1
159839,569,440,0,0,1
159917,571,442,0,0,1
159979,571,442,0,0,1
160057,571,442,0,0,1
160119,569,442,0,0,1
160197,567,442,0,0,1
160260,563,440,0,0,1
160338,561,438,0,0,1
160400,555,436,0,0,1
160478,519,422,0,0,1
160541,463,400,0,0,1
160619,409,388,0,0,1
160681,365,376,0,0,1
160759,337,360,0,0,1
160821,313,352,0,0,1
160899,303,352,0,0,1
160962,289,346,0,0,1
161040,265,332,0,0,1
161102,251,322,0,0,1
161180,243,314,0,0,1
161243,243,306,0,0,1
161321,249,288,0,0,1
161383,263,284,0,0,1
161445,273,278,0,0,1
161523,275,276,0,0,1
161586,277,276,0,0,1
161664,279,276,0,0,1
161726,279,276,0,0,1
161804,283,278,0,0,1
161867,285,280,0,0,1
161945,289,280,0,0,1
162007,293,280,0,0,1
162085,295,282,0,0,1
162147,297,282,0,0,1
162225,299,282,0,0,1
162288,305,282,0,0,1
162366,309,282,0,0,1
162428,313,282,0,0,1
162506,317,282,0,0,1
162569,325,284,0,0,1
162647,329,284,0,0,1
162709,333,284,0,0,1
162787,339,284,0,0,1
162849,343,286,0,0,1
162927,347,286,0,0,1
162990,353,286,0,0,1
163068,359,286,0,0,1
163130,363,286,0,0,1
163208,367,284,0,0,1
163271,367,284,0,0,1
163349,371,284,0,0,1
163411,371,282,0,0,1
163489,373,282,0,0,1
163551,375,282,0,0,1
163629,381,282,0,0,1
163692,383,282,0,0,1
163770,385,284,0,0,1
163832,385,288,0,0,1
163910,385,288,0,0,1
163973,385,288,0,0,1
164051,389,288,0,0,1
164113,389,288,0,0,1
164191,389,288,0,0,1
164253,389,288,0,0,1
164331,389,288,0,0,1
164394,389,288,0,0,1
164472,389,288,0,0,1
164534,393,290,0,0,1
164612,399,294,0,0,1
164675,409,302,0,0,1
164753,417,306,0,0,1
164815,431,312,0,0,1
164893,441,314,0,0,1
164955,445,314,0,0,1
165033,451,314,0,0,1
165096,453,314,0,0,1
165174,445,314,0,0,1
165236,437,310,0,0,1
165314,435,308,0,0,1
165377,433,308,0,0,1
165455,431,304,0,0,1
165517,425,296,0,0,1
165595,425,294,0,0,1
165657,425,292,0,0,1
165735,429,292,0,0,1
165798,433,294,0,0,1
165876,443,300,0,0,1
165938,455,310,0,0,1
166001,459,318,0,0,1
166079,467,326,0,0,1
166141,473,334,0,0,1
166219,475,338,0,0,1
166281,475,342,0,0,1
166359,479,346,0,0,1
166422,481,350,0,0,1
166500,481,352,0,0,1
166562,481,356,0,0,1
166640,483,360,0,0,1
166703,483,362,0,0,1
166781,485,366,0,0,1
166843,511,394,0,0,1
166921,553,414,0,0,1
166983,589,428,0,0,1
167061,623,442,0,0,1
167124,647,452,0,0,1
167202,649,452,0,0,1
167264,653,456,0,0,1
167342,653,458,0,0,1
167405,653,460,0,0,1
167483,651,462,0,0,1
167545,645,472,0,0,1
167623,643,476,0,0,1
167685,643,476,0,0,1
167763,639,476,0,0,1
167826,635,476,0,0,1
167904,633,476,0,0,1
167966,633,476,0,0,1
168044,627,476,0,0,1
168107,625,476,0,0,1
168185,625,476,0,0,1
168247,623,474,0,0,1
168325,621,474,0,0,1
168387,621,474,0,0,1
168465,621,472,0,0,1
168528,617,472,0,0,1
168606,617,472,0,0,1
168668,617,472,0,0,1
168746,615,472,0,0,1
168809,615,472,0,0,1
168887,615,472,0,0,1
168949,615,470,0,0,1
169027,603,468,0,0,1
169089,581,462,0,0,1
169167,519,416,0,0,1
169230,415,356,0,0,1
169308,385,346,0,0,1
169370,355,332,0,0,1
169448,331,316,0,0,1
169511,317,304,0,0,1
169589,307,286,0,0,1
169651,295,254,0,0,1
169729,289,226,0,0,1
169791,289,220,0,0,1
169869,287,218,0,0,1
169932,285,218,0,0,1
170010,285,218,0,0,1
170072,283,216,0,0,1
170150,281,214,0,0,1
170213,281,214,0,0,1
170291,281,214,0,0,1
170353,283,214,0,0,1
170431,289,216,0,0,1
170493,291,218,0,0,1
170571,293,218,0,0,1
170634,295,218,0,0,1
170712,299,220,0,0,1
170774,299,220,0,0,1
170852,303,222,0,0,1
170915,303,224,0,0,1
170977,305,226,0,0,1
171055,307,226,0,0,1
171117,311,228,0,0,1
171195,317,232,0,0,1
171258,325,234,0,0,1
171336,329,238,0,0,1
171398,335,238,0,0,1
171476,349,248,0,0,1
171539,363,256,0,0,1
171617,369,260,0,0,1
171679,383,268,0,0,1
171757,387,274,0,0,1
171819,391,278,0,0,1
171897,391,282,0,0,1
171960,387,286,0,0,1
172038,383,292,0,0,1
172100,383,294,0,0,1
172178,383,296,0,0,1
172241,383,298,0,0,1
172319,383,300,0,0,1
172381,383,302,0,0,1
172459,383,312,0,0,1
172521,383,314,0,0,1
172599,383,314,0,0,1
172662,381,316,0,0,1
172740,381,318,0,0,1
172802,381,318,0,0,1
172880,379,318,0,0,1
172943,379,318,0,0,1
173021,379,318,0,0,1
173083,379,318,0,0,1
173161,379,318,0,0,1
173223,387,320,0,0,1
173301,397,324,0,0,1
173364,407,326,0,0,1
173442,411,328,0,0,1
173504,411,328,0,0,1
173582,411,328,0,0,1
173645,407,328,0,0,1
173723,395,326,0,0,1
173785,383,318,0,0,1
173863,383,318,0,0,1
173925,391,318,0,0,1
174003,401,320,0,0,1
174066,405,320,0,0,1
174128,405,320,0,0,1
174206,401,322,0,0,1
174269,395,328,0,0,1
174347,393,330,0,0,1
174409,395,330,0,0,1
174487,403,332,0,0,1
174549,411,332,0,0,1
174627,417,334,0,0,1
174690,459,370,0,0,1
174768,525,424,0,0,1
174830,583,464,0,0,1
174908,625,486,0,0,1
174971,647,498,0,0,1
175049,659,502,0,0,1
175111,665,506,0,0,1
175189,679,518,0,0,1
175251,679,518,0,0,1
175329,679,518,0,0,1
175392,679,518,0,0,1
175470,679,520,0,0,1
175532,677,520,0,0,1
175610,677,520,0,0,1
175673,677,520,0,0,1
175751,677,520,0,0,1
175813,673,520,0,0,1
175891,663,518,0,0,1
175953,649,518,0,0,1
176031,635,514,0,0,1
176094,595,508,0,0,1
176172,545,502,0,0,1
176234,535,502,0,0,1
176312,525,502,0,0,1
176375,515,502,0,0,1
176453,503,502,0,0,1
176515,499,502,0,0,1
176593,497,502,0,0,1
176655,495,502,0,0,1
176733,495,502,0,0,1
176796,495,502,0,0,1
176874,493,502,0,0,1
176936,485,502,0,0,1
177014,477,504,0,0,1
177077,453,504,0,0,1
177155,403,504,0,0,1
177217,391,508,0,0,1
177295,387,508,0,0,1
177357,387,508,0,0,1
177435,387,508,0,0,1
177498,387,508,0,0,1
177576,389,508,0,0,1
177638,407,510,0,0,1
177716,419,510,0,0,1
177779,441,516,0,0,1
177857,449,516,0,0,1
177919,449,516,0,0,1
177981,451,516,0,0,1
178059,463,516,0,0,1
178122,473,516,0,0,1
178200,483,516,0,0,1
178262,507,518,0,0,1
178340,535,518,0,0,1
178403,539,516,0,0,1
178481,547,516,0,0,1
178543,561,514,0,0,1
178621,575,512,0,0,1
178683,575,506,0,0,1
178761,577,498,0,0,1
178824,577,474,0,0,1
178902,579,434,0,0,1
178964,575,408,0,0,1
179042,555,378,0,0,1
179105,545,360,0,0,1
179183,543,358,0,0,1
179245,541,358,0,0,1
179323,539,358,0,0,1
179385,537,358,0,0,1
179463,533,358,0,0,1
179526,523,354,0,0,1
179604,517,354,0,0,1
179666,513,350,0,0,1
179744,509,350,0,0,1
179807,503,348,0,0,1
179885,491,342,0,0,1
179947,489,340,0,0,1
180025,485,340,0,0,1
180087,477,336,0,0,1
180165,469,334,0,0,1
180228,465,334,0,0,1
180306,455,332,0,0,1
180368,437,324,0,0,1
180446,427,322,0,0,1
180509,419,320,0,0,1
180587,413,320,0,0,1
180649,407,318,0,0,1
180727,403,316,0,0,1
180789,401,316,0,0,1
180867,399,316,0,0,1
180930,397,316,0,0,1
181008,395,320,0,0,1
181070,387,326,0,0,1
181148,377,326,0,0,1
181211,371,328,0,0,1
181289,365,328,0,0,1
181351,361,328,0,0,1
181429,359,328,0,0,1
181491,359,328,0,0,1
181569,357,328,0,0,1
181632,355,328,0,0,1
181710,355,328,0,0,1
181772,355,328,0,0,1
181850,355,328,0,0,1
181913,355,328,0,0,1
181991,355,328,0,0,1
182053,355,326,0,0,1
182131,355,324,0,0,1
182193,355,324,0,0,1
182271,355,324,0,0,1
182334,355,320,0,0,1
182412,355,320,0,0,1
182474,361,320,0,0,1
182552,369,320,0,0,1
182630,379,318,0,0,1
182724,383,318,0,0,1
182786,385,318,0,0,1
182864,385,316,0,0,1
182927,385,316,0,0,1
183005,385,316,0,0,1
183067,385,316,0,0,1
183145,385,316,0,0,1
183207,385,316,0,0,1
183285,389,316,0,0,1
183348,405,314,0,0,1
183426,423,310,0,0,1
183488,437,304,0,0,1
183551,445,302,0,0,1
183629,447,300,0,0,1
183691,477,320,0,0,1
183769,519,358,0,0,1
183831,565,416,0,0,1
183909,591,472,0,0,1
183972,605,500,0,0,1
184050,609,512,0,0,1
184112,619,522,0,0,1
184190,633,534,0,0,1
184253,649,534,0,0,1
184331,661,536,0,0,1
184393,667,540,0,0,1
184471,669,540,0,0,1
184533,671,540,0,0,1
184611,671,540,0,0,1
184674,671,540,0,0,1
184752,671,540,0,0,1
184814,671,540,0,0,1
184892,671,540,0,0,1
184955,671,540,0,0,1
185033,671,540,0,0,1
185095,671,540,0,0,1
185173,671,540,0,0,1
185235,671,540,0,0,1
185313,671,540,0,0,1
185376,671,540,0,0,1
185454,671,540,0,0,1
185516,671,540,0,0,1
185594,671,540,0,0,1
185657,671,540,0,0,1
185735,671,540,0,0,1
185797,671,540,0,0,1
185875,671,540,0,0,1
185937,671,540,0,0,1
186015,671,540,0,0,1
186078,671,540,0,0,1
