31,371,359,0,0,0
94,371,359,0,0,0
172,371,359,0,0,0
234,371,359,0,0,0
312,371,359,0,0,0
374,371,359,0,0,0
452,371,359,0,0,0
515,371,359,0,0,0
593,373,359,0,0,1
655,377,359,0,0,1
733,379,359,0,0,1
796,381,359,0,0,1
874,383,357,0,0,1
936,385,357,0,0,1
1014,387,357,0,0,1
1076,387,357,0,0,1
1154,387,357,0,0,1
1217,387,357,0,0,1
1295,387,357,0,0,1
1357,387,357,0,0,1
1435,387,357,0,0,1
1498,387,357,0,0,1
1576,387,355,0,0,1
1638,385,355,0,0,1
1716,385,355,0,0,1
1778,385,353,0,0,1
1856,389,353,0,0,1
1919,397,349,0,0,1
1997,405,341,0,0,1
2059,411,337,0,0,1
2137,413,335,0,0,1
2200,413,335,0,0,1
2278,409,333,0,0,1
2340,405,331,0,0,1
2418,405,331,0,0,1
2480,405,331,0,0,1
2558,401,329,0,0,1
2621,399,329,0,0,1
2699,399,327,0,0,1
2761,399,327,0,0,1
2839,399,325,0,0,1
2902,403,323,0,0,1
2964,411,315,0,0,1
3042,421,307,0,0,1
3104,427,305,0,0,1
3182,427,305,0,0,1
3245,427,305,0,0,1
3323,423,305,0,0,1
3385,421,305,0,0,1
3463,419,305,0,0,1
3526,419,305,0,0,1
3604,419,305,0,0,1
3666,417,305,0,0,1
3744,415,303,0,0,1
3806,415,303,0,0,1
3884,415,303,0,0,1
3947,419,303,0,0,1
4025,429,299,0,0,1
4087,445,293,0,0,1
4165,447,293,0,0,1
4228,443,291,0,0,1
4306,405,281,0,0,1
4368,373,275,0,0,1
4446,357,273,0,0,1
4509,347,271,0,0,1
4587,343,269,0,0,1
4649,343,269,0,0,1
4727,341,269,0,0,1
4789,341,269,0,0,1
4867,341,267,0,0,1
4930,341,267,0,0,1
5008,341,265,1,0,1
5070,341,263,1,0,1
5148,339,259,1,0,1
5211,335,253,1,0,1
5289,333,251,1,0,1
5351,333,251,1,0,1
5429,333,251,1,0,1
5491,333,253,1,0,1
5569,337,253,1,0,1
5632,341,253,1,0,1
5710,345,253,1,0,1
5772,347,253,1,0,1
5835,349,253,0,0,1
5913,349,253,0,0,1
5975,349,253,0,0,1
6053,349,253,0,0,1
6115,349,255,0,0,1
6193,351,255,0,0,1
6256,353,259,0,0,1
6334,357,263,0,0,1
6396,359,267,0,0,1
6474,361,269,0,0,1
6537,363,269,0,0,1
6615,363,271,0,0,1
6677,363,271,0,0,1
6755,367,275,0,0,1
6817,367,275,0,0,1
6895,371,277,0,0,1
6958,371,279,0,0,1
7036,373,281,0,0,1
7098,377,287,0,0,1
7176,383,295,0,0,1
7239,389,301,0,0,1
7317,393,305,0,0,1
7379,395,307,0,0,1
7457,395,307,0,0,1
7519,395,307,0,0,1
7597,399,309,0,0,1
7660,401,309,0,0,1
7738,407,309,0,0,1
7800,415,309,0,0,1
7878,419,309,0,0,1
7941,421,309,0,0,1
8019,431,317,0,0,1
8081,445,327,0,0,1
8159,457,333,0,0,1
8221,463,337,0,0,1
8299,471,343,0,0,1
8362,481,349,0,0,1
8440,491,353,0,0,1
8502,499,359,0,0,1
8580,511,365,0,0,1
8643,521,373,0,0,1
8721,535,383,0,0,1
8783,543,391,0,0,1
8861,555,397,0,0,1
8923,561,403,0,0,1
9001,563,405,0,0,1
9064,565,403,0,0,1
9142,575,361,0,0,1
9204,593,305,0,0,1
9282,601,261,0,0,1
9345,601,229,0,0,1
9423,581,203,0,0,1
9485,559,185,0,0,1
9563,539,171,0,0,1
9625,515,165,0,0,1
9703,473,165,0,0,1
9766,441,173,0,0,1
9844,417,219,0,0,1
9906,415,255,0,0,1
9984,411,271,0,0,1
10047,403,279,0,0,1
10125,399,281,0,0,1
10187,399,283,0,0,1
10265,399,283,0,0,1
10327,399,283,0,0,1
10405,399,287,0,0,1
10468,399,291,0,0,1
10546,399,291,0,0,1
10608,399,293,0,0,1
10686,399,299,0,0,1
10749,401,303,0,0,1
10827,401,307,0,0,1
10889,401,311,0,0,1
10967,401,313,0,0,1
11029,401,313,1,0,1
11107,401,313,1,0,1
11170,401,313,1,0,1
11248,401,313,1,0,1
11310,401,311,1,0,1
11388,401,311,1,0,1
11451,401,309,1,0,1
11529,401,309,0,0,1
11591,399,309,0,0,1
11669,393,309,0,0,1
11731,389,311,0,0,1
11794,387,313,0,0,1
11872,385,313,0,0,1
11934,379,315,0,0,1
12012,375,315,0,0,1
12075,373,317,0,0,1
12153,371,325,0,0,1
12215,377,335,0,0,1
12293,377,339,0,0,1
12355,379,343,0,0,1
12433,379,347,0,0,1
12496,383,359,0,0,1
12574,387,367,0,0,1
12636,391,377,0,0,1
12714,391,379,0,0,1
12777,373,373,0,0,1
12855,337,353,0,0,1
12917,317,343,0,0,1
12995,309,337,0,0,1
13057,307,335,0,0,1
13135,305,335,0,0,1
13198,299,335,0,0,1
13276,297,337,0,0,1
13338,297,339,0,0,1
13416,297,341,0,0,1
13479,297,343,0,0,1
13557,297,345,0,0,1
13619,297,355,0,0,1
13697,297,367,0,0,1
13759,297,371,0,0,1
13837,297,371,0,0,1
13900,297,371,0,0,1
13978,297,371,0,0,1
14040,297,373,0,0,1
14118,297,375,0,0,1
14181,293,383,0,0,1
14259,291,387,0,0,1
14321,291,387,0,0,1
14399,287,387,0,0,1
14461,287,385,0,0,1
14524,283,381,0,0,1
14602,267,359,0,0,1
14664,245,337,0,0,1
14742,233,333,0,0,1
14805,233,333,0,0,1
14883,233,333,0,0,1
14945,233,329,0,0,1
15023,239,327,0,0,1
15085,247,325,0,0,1
15163,253,323,0,0,1
15226,257,321,0,0,1
15304,257,319,0,0,1
15366,259,319,0,0,1
15444,259,319,0,0,1
15507,261,319,0,0,1
15585,261,319,0,0,1
15647,267,319,0,0,1
15725,271,321,0,0,1
15787,275,321,0,0,1
15865,277,323,0,0,1
15928,279,323,0,0,1
16006,279,325,0,0,1
16068,279,325,0,0,1
16146,279,325,0,0,1
16209,279,325,0,0,1
16287,279,325,0,0,1
16349,279,325,0,0,1
16427,293,329,0,0,0
16489,367,359,0,0,0
16567,435,389,0,0,0
16630,459,405,0,0,0
16708,469,417,0,0,0
16770,475,425,0,0,0
16848,475,429,0,0,0
16911,471,429,0,0,0
16989,469,429,0,0,0
17051,469,429,0,0,0
17129,469,429,0,0,0
17191,467,425,0,0,0
17269,463,421,0,0,0
17332,461,417,0,0,0
17410,457,411,0,0,0
17472,457,409,0,0,0
17550,457,409,0,0,0
17613,457,409,0,0,0
17691,457,409,0,0,0
17753,457,407,0,0,0
17831,459,407,0,0,0
17893,461,407,0,0,0
17971,465,405,0,0,0
18034,469,403,0,0,0
18112,471,401,1,0,0
18174,473,399,0,0,0
18252,473,397,1,0,0
18315,473,397,0,0,0
18393,473,391,1,0,0
18455,469,383,0,0,0
18533,467,379,1,0,0
18595,467,377,0,0,0
18673,467,377,1,0,0
18736,467,377,0,0,0
18798,471,377,1,0,0
18876,471,377,0,0,0
18939,473,377,1,0,0
19017,473,375,0,0,0
19079,475,373,1,0,0
19157,477,367,0,0,0
19219,477,365,0,0,0
19297,477,365,0,0,0
19360,453,355,0,0,0
19438,359,337,0,0,0
19500,309,333,0,0,0
19578,275,327,0,0,0
19641,271,327,0,0,0
19719,265,327,0,0,1
19781,263,327,0,0,1
19859,263,327,0,0,1
19921,263,327,0,0,1
19999,265,327,0,0,1
20062,271,327,0,0,1
20140,275,327,0,0,1
20202,277,327,0,0,1
20280,277,327,0,0,1
20343,277,327,0,0,1
20421,277,327,0,0,1
20483,277,327,0,0,1
20561,277,327,0,0,1
20623,277,327,0,0,1
20701,279,327,0,0,1
20764,279,327,0,0,1
20842,279,327,0,0,1
20904,279,327,0,0,1
20982,279,327,0,0,1
21045,279,327,0,0,1
21123,279,327,0,0,1
21185,279,327,0,0,1
21263,279,327,0,0,1
21325,279,327,0,0,1
21403,279,327,0,0,1
21466,279,327,0,0,0
21544,279,321,0,0,0
21606,289,281,0,0,0
21684,313,249,0,0,0
21747,351,221,0,0,0
21825,381,207,0,0,0
21887,415,197,0,0,0
21965,485,203,0,0,0
22027,547,225,0,0,0
22105,575,247,0,0,0
22168,587,291,0,0,0
22246,579,339,0,0,0
22308,565,367,0,0,0
22386,553,381,0,0,0
22449,537,387,0,0,0
22527,521,397,0,0,0
22589,505,403,0,0,0
22667,497,407,0,0,0
22729,493,409,0,0,0
22807,493,411,0,0,0
22870,493,411,0,0,0
22948,493,411,0,0,0
23010,495,411,0,0,0
23088,495,411,1,0,0
23151,495,411,0,0,0
23229,497,411,1,0,0
23291,497,411,0,0,0
23353,501,411,1,0,0
23431,505,409,0,0,0
23494,507,409,1,0,0
23572,507,409,0,0,0
23650,507,409,1,0,0
23712,507,409,0,0,0
23790,507,409,1,0,0
23853,507,409,0,0,0
23931,507,407,1,0,0
23993,509,407,0,0,0
24071,511,403,0,0,0
24133,511,403,0,0,0
24211,513,393,0,0,0
24274,507,347,0,0,0
24352,505,325,0,0,0
24414,505,317,0,0,0
24492,505,311,0,0,0
24555,505,303,0,0,0
24633,505,295,0,0,1
24695,503,295,0,0,1
24773,499,293,0,0,1
24835,497,293,0,0,1
24913,493,291,0,0,1
24976,487,287,0,0,1
25054,487,285,0,0,1
25116,487,285,0,0,1
25194,487,285,0,0,1
25257,487,285,0,0,1
25335,487,285,0,0,1
25397,481,281,0,0,1
25475,475,279,0,0,1
25537,465,281,0,0,1
25615,455,287,0,0,1
25678,445,295,0,0,1
25756,437,303,0,0,1
25818,431,311,0,0,1
25881,423,319,0,0,1
25959,419,323,0,0,1
26021,411,331,0,0,1
26099,403,335,0,0,1
26161,393,339,0,0,1
26239,387,343,0,0,1
26302,381,345,0,0,1
26380,377,347,0,0,1
26442,373,349,0,0,1
26520,371,353,0,0,1
26583,369,353,0,0,1
26661,367,355,0,0,1
26723,365,357,0,0,1
26801,359,359,0,0,1
26863,355,359,0,0,1
26941,355,359,0,0,1
27004,355,359,0,0,1
27082,355,357,0,0,1
27144,363,351,0,0,1
27222,387,341,0,0,1
27285,455,337,0,0,1
27363,551,345,0,0,1
27425,585,343,0,0,1
27503,589,341,0,0,1
27565,593,341,0,0,1
27643,601,341,0,0,1
27706,607,341,0,0,1
27784,611,341,0,0,1
27846,613,341,0,0,1
27924,615,343,0,0,1
27987,617,343,0,0,0
28065,617,345,0,0,0
28127,613,351,0,0,0
28205,601,359,0,0,0
28267,571,383,0,0,0
28345,541,403,0,0,0
28408,527,413,0,0,0
28486,523,415,0,0,0
28548,523,417,0,0,0
28626,523,425,0,0,0
28689,535,437,0,0,0
28767,539,439,0,0,0
28829,545,441,0,0,0
28907,545,441,0,0,0
28969,555,447,0,0,0
29047,559,447,0,0,0
29110,565,447,0,0,0
29188,569,447,0,0,0
29250,573,447,0,0,1
29328,579,449,0,0,1
29391,581,449,0,0,1
29469,581,449,0,0,0
29531,549,403,0,0,0
29609,519,367,0,0,0
29671,491,345,0,0,0
29749,449,327,0,0,0
29812,431,327,0,0,1
29890,423,327,0,0,1
29952,423,329,0,0,1
30030,423,329,0,0,1
30093,423,329,0,0,1
30171,423,329,0,0,1
30233,423,329,0,0,1
30311,423,329,0,0,1
30373,425,329,0,0,1
30451,429,329,0,0,1
30514,431,325,0,0,1
30592,435,321,0,0,1
30654,439,315,0,0,1
30732,445,309,0,0,1
30795,451,307,0,0,1
30873,453,307,0,0,1
30935,453,307,0,0,1
31013,453,307,0,0,1
31075,453,307,0,0,1
31153,459,307,0,0,1
31216,471,309,0,0,1
31294,477,309,0,0,1
31356,479,309,0,0,1
31434,483,311,0,0,1
31497,489,311,0,0,1
31575,465,313,0,0,1
31637,333,311,0,0,1
31715,255,329,0,0,1
31777,233,339,0,0,1
31855,233,341,0,0,1
31918,253,341,0,0,1
31996,281,343,0,0,1
32058,295,345,0,0,1
32136,295,345,0,0,1
32199,299,345,0,0,1
32277,299,343,0,0,1
32339,299,341,0,0,1
32417,299,339,0,0,1
32479,301,339,0,0,1
32557,301,339,0,0,1
32620,303,339,0,0,1
32698,303,339,0,0,1
32760,303,339,0,0,1
32838,303,339,0,0,1
32901,303,337,0,0,1
32963,303,337,0,0,1
33041,303,335,0,0,1
33103,305,335,0,0,1
33181,305,335,0,0,1
33244,305,335,0,0,1
33322,305,333,0,0,1
33384,305,331,0,0,1
33462,309,321,0,0,1
33525,317,303,0,0,1
33603,321,299,0,0,1
33665,321,299,0,0,1
33743,321,299,0,0,1
33805,321,299,0,0,1
33883,321,299,0,0,1
33946,323,299,0,0,1
34024,323,299,0,0,1
34086,323,299,0,0,1
34164,325,299,0,0,1
34227,325,299,0,0,1
34305,325,299,0,0,1
34367,325,299,0,0,1
34445,327,299,0,0,1
34507,329,299,0,0,1
34585,329,299,0,0,1
34648,331,299,0,0,1
34726,331,299,0,0,1
34788,331,299,0,0,1
34866,331,299,0,0,1
34929,331,299,0,0,1
35007,331,299,0,0,1
35069,331,299,0,0,1
35147,359,315,0,0,1
35209,493,371,0,0,1
35287,497,373,0,0,1
35350,491,373,0,0,1
35428,485,373,0,0,1
35490,483,367,0,0,1
35568,473,349,0,0,1
35631,471,345,0,0,1
35693,471,345,0,0,1
35771,469,343,0,0,1
35834,469,343,0,0,1
35912,467,339,0,0,1
35974,461,335,0,0,1
36052,455,329,0,0,1
36114,453,327,0,0,1
36192,451,325,0,0,1
36255,449,325,0,0,1
36333,445,323,0,0,1
36395,439,319,0,0,1
36473,435,319,0,0,1
36536,431,319,0,0,1
36614,427,317,0,0,1
36676,423,317,0,0,1
36754,421,317,0,0,1
36816,419,317,0,0,1
36894,419,317,0,0,1
36957,417,317,0,0,1
37035,417,317,0,0,1
37097,417,317,0,0,1
37175,415,317,0,0,1
37238,411,317,0,0,1
37316,409,315,0,0,1
37378,405,315,0,0,1
37456,403,315,0,0,1
37518,401,315,0,0,1
37596,401,315,0,0,1
37659,401,315,0,0,1
37737,399,315,0,0,1
37799,399,315,0,0,1
37877,399,315,0,0,1
37940,395,315,0,0,1
38018,395,315,0,0,1
38080,395,315,0,0,1
38158,395,317,0,0,1
38220,395,317,0,0,1
38298,395,319,0,0,1
38361,395,319,0,0,1
38439,393,321,0,0,1
38501,393,321,1,0,1
38579,393,321,0,0,1
38642,393,321,1,0,1
38720,393,321,0,0,1
38782,393,321,1,0,1
38860,393,321,0,0,1
38922,393,321,1,0,1
39000,393,321,0,0,1
39063,393,321,1,0,1
39141,393,321,0,0,1
39203,393,321,1,0,1
39281,393,321,0,0,1
39344,391,321,1,0,1
39422,385,321,0,0,1
39484,379,321,1,0,1
39562,377,321,0,0,1
39624,375,321,1,0,1
39702,375,321,0,0,1
39765,375,321,1,0,1
39843,375,321,0,0,1
39905,375,323,0,0,1
39983,375,323,0,0,1
40046,375,325,0,0,1
40124,377,325,0,0,1
40186,377,325,0,0,1
40264,377,327,0,0,1
40326,377,329,0,0,1
40404,379,331,0,0,1
40467,379,331,0,0,1
40545,381,331,0,0,1
40607,381,331,0,0,1
40685,381,331,0,0,1
40748,381,331,0,0,1
40826,381,331,0,0,1
40888,381,333,0,0,1
40966,381,333,0,0,1
41028,381,333,0,0,1
41106,385,335,0,0,1
41169,385,337,0,0,1
41247,385,337,0,0,1
41309,385,337,0,0,1
41387,389,339,0,0,1
41450,403,345,0,0,1
41528,449,353,0,0,0
41590,499,375,0,0,0
41652,515,403,0,0,0
41730,517,419,0,0,0
41793,529,439,0,0,0
41871,531,447,0,0,0
41933,521,449,0,0,1
42011,499,443,0,0,1
42074,489,439,0,0,1
42152,489,439,0,0,1
42214,489,439,0,0,1
42292,489,435,0,0,1
42354,489,435,0,0,1
42432,489,433,0,0,1
42495,489,429,0,0,1
42573,487,423,0,0,1
42635,485,415,0,0,1
42713,483,411,0,0,1
42776,479,401,0,0,1
42854,477,391,0,0,1
42916,471,383,0,0,1
42994,467,377,0,0,1
43056,465,375,0,0,1
43134,463,371,0,0,1
43197,463,371,0,0,1
43275,463,371,0,0,1
43337,463,371,0,0,1
43415,463,371,0,0,1
43478,463,371,0,0,1
43556,465,371,0,0,1
43618,465,371,0,0,1
43696,465,369,0,0,1
43758,465,369,0,0,1
43836,465,369,0,0,1
43899,465,369,0,0,1
43977,465,367,0,0,1
44039,465,367,0,0,1
44117,461,363,0,0,1
44180,457,361,0,0,1
44258,455,359,0,0,1
44320,451,357,0,0,1
44398,449,355,0,0,1
44460,445,351,0,0,1
44538,437,349,0,0,1
44601,435,349,0,0,1
44679,435,349,0,0,1
44741,435,349,0,0,1
44819,435,349,0,0,1
44882,435,349,0,0,1
44960,435,349,0,0,1
45022,435,349,0,0,1
45100,435,349,0,0,1
45162,435,349,0,0,1
45225,425,333,0,0,1
45303,383,261,0,0,1
45365,363,219,0,0,1
45443,359,199,0,0,1
45506,357,189,0,0,1
45584,357,189,0,0,1
45646,357,191,0,0,1
45724,361,195,0,0,1
45786,363,195,0,0,1
45864,367,199,0,0,1
45927,367,201,0,0,1
46005,371,203,1,0,1
46067,375,203,1,0,1
46145,385,205,1,0,1
46208,389,207,1,0,1
46286,391,207,1,0,1
46348,391,207,1,0,1
46426,391,207,1,0,1
46488,391,207,1,0,1
46566,391,207,1,0,1
46629,391,207,1,0,1
46707,391,207,1,0,1
46769,391,209,1,0,1
46847,391,211,1,0,1
46910,397,219,1,0,1
46988,401,219,1,0,1
47050,403,221,1,0,1
47128,407,223,1,0,1
47190,409,223,1,0,1
47268,411,223,0,0,1
47331,411,223,0,0,1
47409,411,225,0,0,1
47471,411,225,0,0,1
47549,413,227,0,0,1
47612,415,227,0,0,1
47690,417,229,0,0,1
47752,417,229,0,0,1
47830,417,229,0,0,1
47892,407,231,0,0,1
47970,361,235,0,0,1
48033,349,235,0,0,1
48111,349,235,0,0,1
48173,349,235,0,0,1
48251,349,235,0,0,1
48314,349,235,0,0,1
48392,349,235,0,0,1
48454,349,235,0,0,1
48532,351,235,0,0,1
48594,351,235,0,0,1
48672,357,239,0,0,1
48735,361,243,0,0,1
48813,361,245,0,0,1
48875,361,245,0,0,1
48953,361,245,0,0,1
49016,361,245,0,0,1
49094,363,245,0,0,1
49156,365,245,0,0,1
49234,369,245,0,0,1
49296,373,245,0,0,1
49374,373,245,0,0,1
49437,375,245,0,0,1
49515,377,245,0,0,1
49577,379,245,0,0,1
49655,379,243,0,0,1
49718,379,243,0,0,1
49796,381,243,0,0,1
49858,383,243,0,0,1
49936,385,243,0,0,1
49998,389,243,0,0,1
50076,395,243,0,0,1
50139,395,243,0,0,1
50217,397,243,0,0,1
50279,399,243,0,0,1
50357,399,243,0,0,1
50420,403,243,0,0,1
50498,405,243,0,0,1
50560,407,243,0,0,1
50638,409,243,0,0,1
50700,413,243,0,0,1
50778,415,243,0,0,1
50841,419,241,0,0,1
50919,423,241,0,0,1
50981,427,241,0,0,1
51059,429,239,0,0,1
51122,431,239,0,0,1
51200,435,237,0,0,1
51262,439,235,0,0,1
51340,443,233,0,0,1
51402,443,233,0,0,1
51480,455,243,0,0,1
51543,499,297,0,0,1
51621,529,333,0,0,1
51683,547,345,0,0,1
51761,571,351,0,0,1
51824,591,357,0,0,1
51902,601,349,0,0,1
51964,609,297,0,0,1
52042,609,213,0,0,1
52104,607,193,0,0,1
52182,607,179,0,0,1
52245,603,173,0,0,1
52323,603,171,0,0,1
52385,601,167,0,0,1
52463,595,167,0,0,1
52526,557,197,0,0,1
52588,511,233,0,0,1
52666,471,271,0,0,1
52728,451,295,0,0,1
52806,445,303,0,0,1
52869,445,303,0,0,1
52947,445,297,0,0,1
53009,455,287,0,0,1
53087,459,281,0,0,1
53150,461,269,0,0,1
53228,467,259,0,0,1
53290,467,257,0,0,1
53368,465,257,0,0,1
53430,463,267,0,0,1
53508,533,365,0,0,1
53571,599,417,0,0,1
53649,605,419,0,0,1
53711,605,419,0,0,1
53789,603,411,0,0,1
53852,589,385,0,0,1
53930,579,379,0,0,1
53992,575,377,0,0,1
54070,571,375,0,0,1
54132,565,375,0,0,1
54210,557,375,0,0,1
54273,551,375,0,0,1
54351,547,375,0,0,1
54413,541,373,0,0,1
54491,535,371,0,0,1
54554,527,369,0,0,1
54632,519,367,0,0,1
54694,513,365,0,0,1
54772,511,363,0,0,1
54834,509,363,0,0,1
54912,505,359,0,0,1
54975,497,355,0,0,1
55053,479,345,0,0,1
55115,459,335,0,0,1
55193,453,333,0,0,1
55256,453,331,0,0,1
55334,453,331,0,0,1
55396,453,331,0,0,1
55474,453,331,0,0,1
55536,453,333,0,0,1
55614,461,343,0,0,1
55677,471,355,0,0,1
55755,471,359,0,0,0
55817,469,361,0,0,0
55895,417,379,0,0,0
55958,327,399,0,0,0
56036,263,397,0,0,0
56098,241,389,0,0,0
56176,221,369,0,0,0
56238,209,345,0,0,0
56316,203,315,0,0,0
56379,197,291,0,0,0
56457,193,273,0,0,0
56519,195,249,0,0,0
56597,225,217,0,0,0
56660,277,199,0,0,0
56738,323,191,0,0,0
56800,351,203,0,0,0
56878,363,209,0,0,0
56940,373,217,0,0,0
57018,379,225,0,0,0
57081,381,231,0,0,0
57159,385,245,0,0,0
57221,387,249,0,0,0
57299,383,251,0,0,0
57362,381,255,1,0,0
57440,373,257,1,0,0
57502,367,261,1,0,0
57564,363,263,1,0,0
57642,363,265,1,0,0
57705,369,267,1,0,0
57783,373,267,1,0,0
57845,379,271,1,0,0
57923,383,273,1,0,0
57986,385,275,1,0,0
58064,385,275,1,0,0
58126,385,275,1,0,0
58204,385,275,1,0,0
58266,385,275,1,0,0
58344,379,281,0,0,0
58407,375,285,0,0,0
58485,375,285,0,0,0
58547,373,285,0,0,1
58625,371,285,0,0,1
58688,365,287,0,0,1
58766,347,289,0,0,1
58828,309,295,0,0,1
58906,267,303,0,0,1
58968,265,303,0,0,1
59046,267,303,0,0,1
59109,273,303,0,0,1
59187,275,303,0,0,1
59249,275,301,0,0,1
59327,275,301,0,0,1
59390,277,301,0,0,1
59468,281,299,0,0,1
59530,291,297,0,0,1
59608,295,297,0,0,1
59670,295,297,0,0,1
59748,295,297,0,0,1
59811,295,297,0,0,1
59889,295,297,0,0,1
59951,295,297,0,0,1
60029,295,297,0,0,1
60092,303,297,0,0,1
60170,309,301,0,0,1
60232,311,301,0,0,1
60310,311,301,0,0,1
60372,311,301,0,0,1
60450,311,303,0,0,1
60513,313,315,0,0,1
60591,315,333,0,0,1
60653,317,335,0,0,1
60731,317,335,0,0,1
60794,317,335,0,0,1
60872,317,335,0,0,1
60934,317,335,0,0,1
61012,317,335,0,0,1
61074,317,335,0,0,1
61152,317,335,0,0,1
61215,317,335,0,0,1
61293,317,335,0,0,1
61355,317,335,0,0,1
61433,317,335,0,0,1
61496,317,335,0,0,1
61574,317,335,0,0,1
61636,317,335,0,0,1
61714,317,335,0,0,1
61776,317,335,0,0,1
61854,317,335,0,0,1
61917,319,329,0,0,1
61995,323,313,0,0,1
62057,325,305,0,0,1
62135,325,303,0,0,1
62198,325,301,0,0,1
62276,327,301,0,0,1
62338,327,299,0,0,1
62416,327,299,0,0,1
62478,327,299,0,0,1
62556,327,299,0,0,1
62619,327,299,0,0,1
62697,329,299,0,0,1
62759,329,299,0,0,1
62837,329,301,0,0,1
62900,329,301,0,0,1
62978,329,301,0,0,1
63040,329,303,0,0,1
63102,329,303,0,0,1
63180,329,303,0,0,1
63243,327,305,0,0,1
63321,323,321,0,0,1
63383,317,337,0,0,1
63461,315,343,0,0,1
63524,315,343,0,0,1
63602,315,343,0,0,1
63664,311,349,0,0,1
63742,309,357,0,0,1
63804,307,365,0,0,1
63882,305,367,0,0,1
63945,303,367,0,0,1
64023,303,371,0,0,1
64085,301,373,0,0,1
64163,301,373,0,0,1
64226,301,375,0,0,1
64304,301,377,0,0,1
64366,299,377,0,0,1
64444,299,377,0,0,1
64506,299,377,0,0,1
64584,299,377,0,0,1
64647,299,377,0,0,1
64725,299,379,1,0,1
64787,299,385,1,0,1
64865,303,393,1,0,1
64928,307,399,1,0,1
65006,311,415,1,0,1
65068,315,433,1,0,1
65146,317,447,1,0,1
65208,319,455,1,0,1
65286,325,467,1,0,1
65349,331,477,1,0,1
65427,335,485,1,0,1
65489,339,493,1,0,1
65567,341,499,1,0,1
65630,341,499,1,0,1
65708,337,483,0,0,1
65770,307,389,0,0,1
65848,283,331,0,0,1
65910,277,319,0,0,1
65988,271,315,0,0,1
66051,265,311,0,0,1
66129,255,309,0,0,1
66191,249,309,0,0,1
66269,249,309,0,0,1
66332,251,309,0,0,1
66410,251,309,0,0,1
66472,253,309,0,0,1
66550,255,309,0,0,1
66612,259,311,0,0,1
66690,267,315,0,0,1
66753,269,315,0,0,1
66831,275,317,0,0,1
66893,279,319,0,0,1
66956,283,321,0,0,1
67034,285,321,0,0,1
67096,287,321,0,0,1
67174,289,323,0,0,1
67237,289,323,0,0,1
67315,291,323,0,0,1
67377,291,323,0,0,1
67455,295,323,0,0,1
67517,297,321,0,0,1
67595,299,319,0,0,1
67658,301,319,0,0,1
67736,303,319,0,0,1
67798,303,317,0,0,1
67876,303,317,0,0,1
67939,305,317,0,0,1
68017,305,317,0,0,1
68079,305,315,0,0,1
68157,317,313,0,0,1
68219,365,319,0,0,1
68297,441,337,0,0,1
68360,479,345,0,0,1
68438,489,345,0,0,1
68500,497,345,0,0,1
68578,499,345,0,0,1
68641,499,345,0,0,1
68719,499,345,0,0,1
68781,499,345,0,0,1
68859,501,345,0,0,1
68921,503,345,0,0,1
68999,505,345,0,0,1
69062,513,343,0,0,1
69140,533,341,0,0,1
69202,555,335,0,0,1
69280,567,331,0,0,1
69343,577,325,0,0,1
69421,587,319,0,0,1
69483,593,317,0,0,1
69561,599,315,0,0,1
69623,601,315,0,0,1
69701,605,315,0,0,1
69764,607,315,0,0,1
69842,611,315,0,0,1
69904,615,315,0,0,1
69982,623,315,0,0,1
70045,631,321,0,0,1
70123,643,327,0,0,1
70185,653,333,0,0,1
70263,669,339,0,0,1
70325,679,343,0,0,1
70403,685,343,0,0,1
70466,691,343,0,0,1
70528,697,347,0,0,1
70606,707,351,0,0,1
70669,715,351,0,0,1
70747,719,355,0,0,1
70809,721,355,0,0,1
70887,723,357,0,0,1
70949,727,367,0,0,1
71027,729,385,0,0,1
71090,715,411,0,0,1
71168,667,429,0,0,1
71230,579,435,0,0,1
71308,481,439,0,0,1
71371,391,441,0,0,1
71449,321,421,0,0,1
71511,249,383,0,0,1
71589,211,353,0,0,1
71651,189,329,0,0,1
71729,185,319,0,0,1
71792,185,317,0,0,1
71870,185,317,0,0,1
71932,189,317,0,0,1
72010,193,317,0,0,1
72073,201,317,0,0,1
72151,219,317,0,0,1
72213,233,317,0,0,1
72291,241,317,0,0,1
72353,247,319,0,0,1
72431,247,319,0,0,1
72494,251,319,0,0,1
72572,263,321,0,0,1
72634,271,321,0,0,1
72712,281,321,0,0,1
72775,283,321,0,0,1
72853,285,321,0,0,1
72915,285,321,0,0,1
72993,285,321,0,0,1
73055,285,321,0,0,1
73133,283,321,0,0,1
73196,279,321,0,0,1
73274,273,321,0,0,1
73336,255,323,0,0,1
73414,237,323,0,0,1
73477,235,323,0,0,1
73555,235,323,0,0,1
73617,235,323,0,0,1
73695,239,323,0,0,1
73757,239,323,0,0,1
73835,239,323,0,0,1
73898,241,321,0,0,1
73960,243,321,0,0,1
74038,247,319,0,0,1
74101,247,319,1,0,1
74179,247,319,1,0,1
74241,243,319,1,0,1
74319,233,325,1,0,1
74381,233,325,1,0,1
74459,235,325,1,0,1
74522,253,317,1,0,1
74600,267,313,1,0,1
74662,273,309,1,0,1
74740,273,309,1,0,1
74803,273,309,1,0,1
74881,273,311,1,0,1
74943,271,311,1,0,1
75021,271,311,1,0,1
75083,271,311,1,0,1
75161,275,311,1,0,1
75224,291,311,1,0,1
75302,299,311,1,0,1
75364,301,311,0,0,1
75442,301,311,0,0,1
75505,313,317,0,0,1
75583,413,397,0,0,1
75645,533,469,0,0,1
75723,577,485,0,0,1
75785,605,491,0,0,1
75863,631,495,0,0,1
75926,647,483,0,0,1
76004,669,445,0,0,1
76066,683,381,0,0,1
76144,685,355,0,0,1
76207,685,349,0,0,1
76285,685,325,0,0,1
76347,669,285,0,0,1
76425,663,281,0,0,1
76487,659,281,0,0,1
76565,657,285,0,0,1
76628,651,289,0,0,1
76706,645,293,0,0,1
76768,643,295,0,0,1
76846,639,297,0,0,1
76909,639,297,0,0,1
76987,637,299,0,0,1
77049,637,299,0,0,1
77111,637,299,0,0,1
77189,633,301,0,0,1
77252,631,301,0,0,1
77330,627,303,1,0,1
77408,625,303,1,0,1
77470,623,303,1,0,1
77533,621,303,1,0,1
77611,617,293,1,0,1
77673,615,285,1,0,1
77751,615,285,1,0,1
77813,615,287,1,0,1
77891,611,295,1,0,1
77954,607,297,1,0,1
78032,607,299,1,0,1
78094,605,297,1,0,1
78172,603,295,1,0,1
78235,597,289,1,0,1
78313,595,285,1,0,1
78391,591,283,1,0,1
78453,591,281,1,0,1
78515,589,281,0,0,1
78593,589,281,0,0,1
78656,589,281,0,0,1
78734,587,281,0,0,1
78796,583,281,0,0,1
78874,581,279,0,0,1
78937,577,279,0,0,1
79015,575,281,0,0,1
79077,567,301,0,0,1
79155,559,317,0,0,1
79217,557,319,0,0,1
79295,555,321,0,0,1
79358,551,323,0,0,1
79436,547,325,0,0,1
79498,541,327,0,0,1
79576,539,327,0,0,1
79639,535,327,0,0,1
79717,531,327,0,0,1
79779,525,327,0,0,1
79857,523,327,0,0,1
79919,521,327,0,0,1
79997,519,327,0,0,1
80060,513,327,0,0,1
80138,509,327,0,0,1
80200,505,327,0,0,1
80278,501,327,0,0,1
80341,499,329,0,0,1
80419,495,329,0,0,1
80481,493,329,0,0,1
80559,489,331,0,0,1
80621,487,331,0,0,1
80699,485,333,0,0,1
80762,483,333,0,0,1
80840,479,335,0,0,1
80902,475,335,0,0,1
80980,471,335,0,0,1
81043,467,335,0,0,1
81121,463,335,0,0,1
81183,463,335,0,0,1
81261,461,335,0,0,1
81323,459,335,0,0,1
81401,459,335,0,0,1
81464,459,335,0,0,1
81542,457,335,0,0,1
81604,457,333,0,0,1
81682,457,333,0,0,1
81745,457,333,0,0,1
81823,457,333,0,0,1
81885,455,333,0,0,1
81963,455,333,0,0,1
82025,455,333,0,0,1
82103,455,333,0,0,1
82166,453,343,0,0,1
82244,427,399,0,0,1
82306,407,441,0,0,1
82384,401,451,0,0,1
82447,399,451,0,0,1
82525,399,451,0,0,1
82587,399,447,0,0,1
82665,399,443,0,0,1
82727,399,441,0,0,1
82805,399,441,1,0,1
82868,401,441,1,0,1
82946,403,439,1,0,1
83008,409,435,1,0,1
83071,413,427,1,0,1
83149,415,419,1,0,1
83211,415,399,1,0,1
83289,411,387,1,0,1
83351,411,385,1,0,1
83429,409,383,1,0,1
83492,409,383,1,0,1
83570,409,383,1,0,1
83632,407,383,1,0,1
83710,407,383,1,0,1
83773,407,383,1,0,1
83851,407,383,1,0,1
83913,407,383,1,0,1
83991,401,385,1,0,1
84053,371,413,1,0,1
84131,355,425,1,0,1
84194,351,429,1,0,1
84272,351,429,1,0,1
84334,351,429,1,0,1
84412,351,427,1,0,1
84475,353,425,1,0,1
84553,357,423,1,0,1
84615,361,421,1,0,1
84693,367,419,1,0,1
84755,377,415,1,0,1
84833,381,411,1,0,1
84896,383,411,1,0,1
84974,385,411,1,0,1
85036,385,409,1,0,1
85114,387,407,1,0,1
85177,391,405,1,0,1
85255,393,405,1,0,1
85317,393,403,1,0,1
85395,395,403,1,0,1
85457,395,403,1,0,1
85535,397,403,0,0,1
85598,407,401,0,0,1
85676,415,397,0,0,1
85738,429,391,0,0,1
85816,461,373,0,0,1
85879,497,347,0,0,1
85957,507,339,0,0,1
86019,509,339,0,0,1
86097,509,339,0,0,1
86159,495,345,0,0,1
86237,479,353,0,0,1
86300,463,363,0,0,1
86378,461,363,0,0,1
86440,461,363,0,0,1
86518,461,363,0,0,1
86581,463,363,0,0,1
86659,483,381,0,0,1
86721,495,399,0,0,1
86799,501,411,0,0,1
86861,501,411,0,0,1
86924,501,411,0,0,1
87002,501,411,0,0,1
87064,501,411,0,0,1
87142,501,411,0,0,1
87205,489,419,0,0,1
87283,421,441,0,0,1
87345,291,453,0,0,1
87423,227,447,0,0,1
87485,197,441,0,0,1
87563,177,429,0,0,1
87626,163,413,0,0,0
87704,147,391,0,0,0
87766,141,377,0,0,0
87844,137,351,0,0,0
87907,135,319,0,0,0
87985,145,283,0,0,0
88047,155,257,0,0,0
88125,171,233,0,0,0
88187,185,213,0,0,0
88265,197,201,0,0,0
88328,205,195,0,0,0
88406,225,189,0,0,0
88468,249,183,0,0,0
88546,273,187,0,0,0
88609,295,199,0,0,0
88687,301,199,0,0,0
88749,309,195,0,0,0
88827,311,193,0,0,1
88889,311,193,0,0,1
88967,309,193,0,0,1
89030,307,193,0,0,1
89108,307,193,0,0,1
89170,307,193,0,0,1
89248,307,195,0,0,1
89311,307,195,0,0,1
89389,309,195,0,0,1
89451,309,195,0,0,1
89529,309,195,0,0,1
89591,315,193,0,0,1
89669,323,191,0,0,1
89732,331,189,0,0,1
89810,335,189,0,0,1
89872,335,189,0,0,1
89950,337,189,0,0,1
90013,337,189,0,0,1
90091,339,189,0,0,1
90153,341,189,0,0,1
90231,343,189,0,0,1
90293,343,189,0,0,1
90371,343,189,0,0,1
90434,343,191,0,0,1
90512,343,191,0,0,0
90574,347,193,0,0,0
90652,379,215,0,0,0
90715,401,247,0,0,0
90793,369,271,0,0,0
90855,283,309,0,0,0
90933,235,321,0,0,0
90995,227,323,0,0,0
91073,227,323,0,0,1
91136,227,323,0,0,1
91214,227,323,0,0,1
91276,227,323,0,0,1
91354,229,323,0,0,1
91417,231,323,0,0,1
91479,235,323,0,0,1
91557,239,323,0,0,1
91619,243,323,0,0,1
91697,245,323,0,0,1
91760,247,323,0,0,1
91838,249,323,0,0,1
91900,249,323,0,0,1
91978,251,323,0,0,1
92041,251,323,0,0,1
92119,253,323,0,0,1
92181,255,323,0,0,1
92259,257,325,0,0,1
92321,259,325,0,0,1
92399,265,327,0,0,1
92462,277,331,0,0,1
92540,291,333,0,0,1
92602,295,333,0,0,1
92680,299,333,0,0,0
92743,351,357,0,0,0
92821,493,407,0,0,0
92883,555,415,0,0,0
92961,573,407,0,0,0
93023,591,385,0,0,0
93101,609,359,0,0,0
93164,617,345,0,0,0
93242,623,337,0,0,0
93304,635,323,0,0,0
93382,641,313,0,0,0
93445,641,311,0,0,0
93523,637,311,0,0,0
93585,629,311,0,0,0
93663,625,311,0,0,0
93725,623,311,0,0,0
93803,617,311,1,0,0
93866,611,313,1,0,0
93944,605,315,1,0,0
94006,599,317,1,0,0
94084,593,319,1,0,0
94147,585,319,1,0,0
94225,579,319,1,0,0
94287,573,319,1,0,0
94365,573,319,0,0,0
94427,573,319,0,0,0
94505,577,319,0,0,0
94568,577,319,0,0,0
94646,575,319,0,0,0
94708,571,319,0,0,1
94786,569,323,0,0,1
94849,565,323,0,0,1
94927,561,323,0,0,1
94989,555,323,0,0,1
95051,549,323,0,0,1
95129,545,321,0,0,1
95192,541,321,0,0,1
95270,537,321,0,0,1
95332,531,321,0,0,1
95410,527,321,0,0,1
95473,521,321,0,0,1
95551,515,321,0,0,1
95613,509,319,0,0,1
95691,507,319,0,0,1
95753,501,319,0,0,1
95831,499,319,0,0,1
95894,499,319,0,0,1
95972,499,319,0,0,1
96034,499,319,0,0,1
96112,499,321,0,0,1
96175,499,321,0,0,1
96253,499,321,0,0,1
96315,497,321,0,0,1
96393,491,323,0,0,1
96455,483,325,0,0,1
96533,477,329,0,0,1
96596,473,331,0,0,1
96674,471,333,0,0,1
96736,469,333,0,0,1
96814,463,339,0,0,1
96877,459,341,0,0,1
96955,455,343,0,0,1
97017,455,345,0,0,1
97095,455,345,0,0,1
97157,455,345,0,0,1
97235,457,345,0,0,1
97298,461,345,0,0,1
97376,465,347,0,0,1
97438,469,349,0,0,1
97516,471,351,0,0,1
97579,471,353,0,0,1
97657,471,353,0,0,1
97719,471,357,0,0,1
97781,463,367,0,0,1
97859,455,377,0,0,1
97937,429,385,0,0,1
98000,301,377,0,0,1
98078,251,377,0,0,1
98140,239,377,0,0,1
98218,219,375,0,0,1
98281,215,373,0,0,1
98359,215,371,0,0,1
98421,219,369,0,0,1
98484,229,365,0,0,1
98562,237,363,0,0,1
98624,247,357,0,0,1
98702,251,353,1,0,1
98780,257,345,1,0,1
98842,265,325,1,0,1
98920,273,303,1,0,1
98983,275,293,1,0,1
99061,277,293,1,0,1
99123,277,295,1,0,1
99201,275,309,1,0,1
99264,275,319,1,0,1
99342,275,329,1,0,1
99404,275,329,1,0,1
99482,275,329,1,0,1
99544,279,319,1,0,1
99622,285,305,1,0,1
99685,289,297,1,0,1
99763,291,295,1,0,1
99825,291,297,1,0,1
99903,309,347,1,0,1
99966,311,355,1,0,1
100028,313,355,1,0,1
100106,313,337,1,0,1
100168,315,315,1,0,1
100246,317,309,1,0,1
100309,319,305,1,0,1
100387,319,305,1,0,1
100449,319,329,1,0,1
100527,317,333,1,0,1
100590,317,333,0,0,1
100668,317,333,0,0,1
100730,341,349,0,0,1
100808,423,403,0,0,1
100870,493,443,0,0,1
100948,543,459,0,0,1
101011,565,465,0,0,1
101089,575,469,0,0,0
101151,589,471,0,0,0
101229,601,473,0,0,0
101292,615,469,0,0,0
101370,625,463,0,0,0
101432,645,435,0,0,0
101510,665,395,0,0,0
101572,681,359,0,0,0
101650,691,327,0,0,0
101713,697,301,0,0,0
101791,705,275,0,0,0
101853,707,239,0,0,0
101931,707,201,0,0,0
101994,697,179,0,0,0
102072,689,169,0,0,0
102134,681,165,0,0,0
102212,671,157,0,0,0
102274,647,151,0,0,0
102352,605,147,0,0,0
102415,557,147,0,0,0
102493,503,151,0,0,0
102555,459,155,0,0,0
102633,417,159,0,0,0
102696,387,163,0,0,0
102774,359,167,0,0,0
102836,335,173,0,0,0
102914,315,179,0,0,0
102976,299,185,0,0,0
103039,279,199,0,0,0
103117,263,215,0,0,0
103179,251,231,0,0,0
103257,241,245,0,0,0
103320,233,263,0,0,0
103398,229,283,0,0,0
103460,223,307,0,0,0
103538,225,331,0,0,0
103600,229,351,0,0,0
103678,241,381,0,0,0
103741,259,411,0,0,0
103819,281,437,0,0,0
103881,307,465,0,0,0
103959,323,475,0,0,0
104022,353,487,0,0,0
104100,389,493,0,0,0
104162,425,495,0,0,0
104240,451,493,0,0,0
104302,467,491,0,0,0
104380,477,489,0,0,0
104443,485,487,0,0,0
104521,497,485,0,0,0
104583,507,481,0,0,0
104661,509,479,0,0,0
104724,511,479,0,0,0
104802,511,477,0,0,0
104864,511,477,0,0,0
104942,511,477,0,0,0
105004,511,477,0,0,0
105082,513,477,0,0,0
105145,523,477,0,0,0
105223,555,477,0,0,0
105285,601,465,0,0,0
105363,647,443,0,0,0
105426,667,431,0,0,0
105504,677,425,0,0,0
105566,683,419,0,0,0
105644,685,419,0,0,0
105706,687,417,0,0,0
105784,689,415,0,0,0
105847,691,415,0,0,0
105925,691,415,0,0,0
105987,689,413,0,0,0
106065,681,409,0,0,1
106128,673,409,0,0,1
106206,655,405,0,0,1
106268,637,399,0,0,1
106346,619,391,0,0,1
106408,605,385,0,0,1
106486,597,381,0,0,1
106549,589,377,0,0,1
106627,581,371,0,0,1
106689,571,367,0,0,1
106767,563,361,0,0,1
106830,555,359,0,0,1
106908,551,359,0,0,1
106970,547,359,0,0,1
107048,541,357,0,0,1
107110,533,357,0,0,1
107188,527,355,0,0,1
107251,523,355,0,0,1
107360,519,355,0,0,1
107438,517,355,0,0,1
107500,517,355,0,0,1
107578,517,355,0,0,0
107641,517,355,0,0,0
107719,517,355,0,0,0
107781,517,355,0,0,0
107859,515,355,0,0,0
107922,509,355,0,0,0
108000,499,355,0,0,0
108062,483,355,0,0,0
108124,465,355,0,0,0
108202,443,355,0,0,0
108265,431,355,0,0,0
108343,425,355,0,0,0
108405,415,353,0,0,0
108483,409,351,0,0,0
108561,409,351,0,0,0
108624,409,351,0,0,0
108702,409,351,0,0,0
108764,409,351,0,0,0
108826,425,345,0,0,0
108904,443,323,0,0,0
108967,447,289,0,0,0
109045,451,281,0,0,0
109107,451,281,0,0,0
109185,451,281,0,0,0
109248,443,281,0,0,0
109326,427,281,0,0,0
109388,417,281,0,0,0
109466,413,281,0,0,0
109528,413,281,0,0,0
109606,413,283,0,0,0
109669,413,283,0,0,0
109747,417,285,0,0,0
109809,419,291,0,0,0
109887,423,293,0,0,0
109950,429,295,0,0,0
110028,431,295,0,0,0
110090,431,295,0,0,0
110168,433,293,0,0,0
110230,439,291,0,0,0
110308,441,291,0,0,0
110371,441,293,0,0,0
110449,439,311,0,0,0
110511,439,323,0,0,0
110589,437,329,0,0,0
110652,433,335,0,0,0
110730,431,339,0,0,0
110792,431,343,0,0,0
110870,431,349,0,0,0
110932,431,353,0,0,0
111010,431,353,0,0,0
111073,431,355,0,0,0
111151,435,355,0,0,0
111213,437,355,0,0,0
111291,439,355,1,0,0
111354,439,355,0,0,0
111432,439,355,1,0,0
111494,439,355,0,0,0
111572,439,355,1,0,0
111634,441,355,0,0,0
111712,443,355,1,0,0
111775,445,355,0,0,0
111853,447,355,1,0,0
111915,447,355,0,0,0
111978,447,357,1,0,0
112056,449,359,0,0,0
112118,451,359,1,0,0
112196,451,359,0,0,0
112258,451,359,0,0,0
112336,451,359,0,0,0
112399,451,359,0,0,0
112477,451,359,0,0,0
112539,451,359,0,0,0
112617,451,359,0,0,0
112680,453,359,0,0,0
112758,453,359,0,0,0
112820,453,361,0,0,0
112898,487,423,0,0,0
112960,495,455,0,0,0
113038,495,455,0,0,1
113101,495,455,0,0,1
113179,495,455,0,0,1
113241,495,455,0,0,1
113319,489,437,0,0,1
113382,481,425,0,0,1
113460,481,423,0,0,1
113522,479,419,0,0,1
113600,477,415,0,0,1
113662,473,409,0,0,1
113740,471,403,0,0,1
113803,469,399,0,0,1
113881,467,397,0,0,1
113943,465,393,0,0,1
114021,463,387,0,0,1
114084,461,383,0,0,1
114162,459,379,0,0,1
114224,459,379,0,0,1
114302,457,379,0,0,1
114364,457,379,0,0,1
114442,453,379,0,0,1
114505,453,379,0,0,1
114583,453,379,0,0,1
114645,453,379,0,0,0
114723,453,377,0,0,0
114786,453,373,0,0,0
114864,453,365,0,0,0
114926,453,357,0,0,0
114988,453,355,0,0,0
115066,451,355,0,0,1
115129,449,355,0,0,1
115207,445,355,0,0,1
115269,443,357,0,0,1
115347,441,357,0,0,1
115410,439,357,0,0,1
115488,439,357,0,0,1
115550,437,359,0,0,1
115628,435,361,0,0,1
115690,431,363,0,0,1
115768,427,365,0,0,1
115831,425,365,0,0,1
115909,425,365,0,0,1
115971,423,367,0,0,1
116049,419,367,0,0,1
116112,413,367,0,0,1
116190,411,367,0,0,1
116252,409,367,0,0,1
116330,409,367,0,0,1
116392,409,367,0,0,1
116470,409,367,0,0,1
116533,409,365,0,0,1
116611,409,365,0,0,1
116673,409,365,0,0,1
116751,409,365,0,0,1
116814,409,365,0,0,1
116892,409,365,0,0,1
116954,411,365,0,0,1
117032,437,365,0,0,0
117094,477,357,0,0,0
117172,497,349,0,0,0
117235,513,341,0,0,0
117313,533,335,0,0,0
117375,543,329,0,0,0
117453,553,325,0,0,0
117516,559,323,0,0,0
117594,567,319,0,0,0
117656,573,315,0,0,0
117734,577,311,0,0,0
117796,579,309,0,0,0
117874,579,307,0,0,0
117937,581,307,0,0,0
118015,581,307,1,0,0
118077,583,307,0,0,0
118155,585,305,1,0,0
118218,585,305,0,0,0
118296,585,305,1,0,0
118358,585,305,0,0,0
118436,585,305,1,0,0
118498,585,305,0,0,0
118576,585,305,1,0,0
118639,585,305,0,0,0
118717,585,305,1,0,0
118779,585,305,0,0,0
118857,585,305,1,0,0
118920,585,305,0,0,0
118998,585,305,1,0,0
119060,585,307,0,0,0
119138,585,307,1,0,0
119200,585,307,1,0,0
119278,577,309,1,0,0
119341,541,321,1,0,0
119419,513,333,1,0,0
119481,507,335,1,0,1
119559,505,335,1,0,1
119622,505,335,1,0,1
119700,503,335,1,0,1
119762,501,335,1,0,1
119840,499,333,1,0,1
119902,497,331,1,0,1
119980,495,327,1,0,1
120043,491,321,1,0,1
120121,487,317,1,0,1
120183,487,317,1,0,1
120261,485,315,1,0,1
120324,483,315,1,0,1
120402,479,311,1,0,1
120464,473,307,1,0,1
120542,463,301,1,0,1
120604,457,297,1,0,1
120682,457,297,1,0,1
120745,457,297,1,0,1
120823,457,297,1,0,1
120885,457,297,1,0,1
120963,451,299,1,0,1
121026,445,303,1,0,1
121088,443,309,1,0,1
121166,443,317,1,0,1
121228,443,325,1,0,1
121306,437,333,1,0,1
121369,435,335,1,0,1
121447,435,335,1,0,1
121509,435,335,1,0,1
121587,433,335,1,0,1
121650,429,335,1,0,1
121728,419,335,1,0,1
121790,407,335,1,0,1
121868,403,335,1,0,1
121930,403,335,1,0,1
122008,407,335,1,0,1
122071,407,335,1,0,1
122149,409,335,1,0,1
122211,409,335,1,0,1
122289,409,337,1,0,1
122352,409,337,0,0,1
122430,409,339,0,0,1
122492,409,339,0,0,1
122570,409,343,0,0,1
122632,407,353,0,0,1
122710,407,355,0,0,1
122773,405,357,0,0,1
122851,403,357,0,0,1
122913,397,357,0,0,1
122991,383,353,0,0,1
123054,335,327,0,0,1
123132,291,279,0,0,1
123194,249,225,0,0,1
123272,235,209,0,0,1
123334,233,207,0,0,1
123412,233,207,0,0,1
123475,233,207,0,0,1
123553,237,207,0,0,1
123615,239,209,0,0,1
123693,255,219,0,0,1
123756,269,227,0,0,1
123834,277,233,0,0,1
123896,281,235,0,0,1
123974,285,237,0,0,1
124036,287,237,0,0,1
124114,293,239,0,0,1
124177,301,245,0,0,1
124255,311,249,0,0,1
124317,317,251,0,0,1
124395,325,257,0,0,1
124458,333,261,0,0,1
124536,339,265,0,0,1
124598,341,265,0,0,1
124676,341,265,0,0,1
124738,341,267,0,0,1
124816,341,267,0,0,0
124879,407,295,0,0,0
124941,465,307,0,0,0
125019,473,305,0,0,0
125082,481,303,0,0,0
125160,497,297,0,0,0
125222,513,295,0,0,0
125300,523,291,0,0,0
125362,527,291,0,0,0
125440,527,291,0,0,0
125503,527,289,0,0,0
125581,527,289,0,0,0
125643,527,289,0,0,0
125721,527,289,0,0,0
125784,527,289,0,0,0
125862,527,289,1,0,0
125924,527,289,0,0,0
126002,529,287,1,0,0
126064,529,287,0,0,0
126142,531,285,1,0,0
126205,531,285,0,0,0
126283,531,283,1,0,0
126345,535,283,0,0,0
126423,535,281,1,0,0
126486,537,279,0,0,0
126564,537,279,1,0,0
126626,537,279,0,0,0
126704,537,279,1,0,0
126766,537,279,0,0,0
126844,539,277,0,0,0
126907,539,277,0,0,0
126985,535,277,0,0,0
127047,497,295,0,0,0
127125,439,341,0,0,0
127188,379,399,0,0,0
127266,329,443,0,0,0
127328,291,459,0,0,0
127406,259,459,0,0,0
127468,223,441,0,0,0
127546,197,411,0,0,0
127609,181,389,0,0,0
127687,173,371,0,0,0
127749,167,341,0,0,0
127827,169,311,0,0,0
127890,169,279,0,0,0
127968,171,251,0,0,0
128030,171,225,0,0,0
128108,173,213,0,0,0
128170,177,201,0,0,0
128248,183,191,0,0,0
128311,207,183,0,0,0
128389,237,173,0,0,0
128451,259,165,0,0,0
128529,291,161,0,0,0
128592,325,157,0,0,0
128670,353,155,0,0,0
128732,377,155,0,0,0
128810,409,161,0,0,0
128872,449,169,0,0,0
128950,493,179,0,0,0
129013,531,197,0,0,0
129091,563,221,0,0,0
129153,593,255,0,0,0
129231,625,291,0,0,0
129294,645,323,0,0,0
129372,649,345,0,0,0
129434,651,371,0,0,0
129512,651,397,0,0,0
129575,649,413,0,0,0
129653,649,423,0,0,0
129715,653,423,0,0,0
129793,655,409,0,0,0
129855,629,351,0,0,0
129933,607,315,0,0,0
129996,593,297,0,0,0
130074,585,287,0,0,0
130136,577,275,0,0,0
130214,571,259,0,0,0
130277,571,251,0,0,0
130355,571,247,0,0,0
130417,571,247,0,0,0
130495,571,245,0,0,0
130557,571,245,0,0,0
130635,569,245,0,0,0
130698,567,245,1,0,0
130776,563,245,1,0,0
130838,555,245,1,0,0
130916,545,243,1,0,0
130979,537,243,1,0,0
131057,531,243,1,0,0
131119,531,243,1,0,0
131197,531,243,1,0,0
131259,531,243,1,0,0
131337,531,243,1,0,0
131400,531,243,1,0,0
131478,531,243,0,0,0
131540,531,243,0,0,0
131618,531,243,0,0,0
131681,535,243,0,0,0
131759,539,245,0,0,0
131821,541,249,0,0,0
131899,545,251,0,0,0
131961,545,253,0,0,0
132039,547,255,0,0,0
132102,549,257,0,0,0
132180,547,259,0,0,0
132242,543,263,0,0,0
132320,541,263,0,0,0
132383,539,265,0,0,0
132461,535,265,0,0,0
132523,535,265,0,0,0
132601,535,267,0,0,0
132663,533,269,0,0,0
132741,531,271,0,0,0
132804,527,273,0,0,0
132882,521,277,0,0,0
132944,519,279,0,0,0
133022,515,281,0,0,0
133085,515,281,0,0,0
133163,515,281,0,0,0
133225,513,281,0,0,0
133303,511,281,0,0,0
133365,507,283,1,0,0
133443,503,283,1,0,0
133506,499,285,1,0,0
133584,491,289,1,0,0
133646,485,293,1,0,0
133724,477,295,1,0,0
133787,471,297,1,0,0
133865,467,299,1,0,0
133927,463,301,1,0,0
134005,463,301,1,0,0
134067,463,301,1,0,0
134145,463,301,0,0,0
134208,463,303,0,0,0
134286,461,303,0,0,0
134348,461,303,0,0,0
134411,459,305,0,0,0
134489,459,307,0,0,0
134551,459,307,0,0,0
134629,459,307,0,0,0
134707,461,307,0,0,0
134769,471,307,0,0,0
134832,477,305,0,0,0
134910,479,305,0,0,0
134972,481,303,0,0,0
135050,481,303,0,0,0
135113,481,303,0,0,0
135191,481,303,0,0,0
135253,481,303,0,0,0
135331,481,305,0,0,0
135393,481,307,0,0,0
135471,481,309,0,0,0
135534,483,315,0,0,0
135612,483,317,0,0,0
135674,485,321,0,0,0
135752,485,323,0,0,0
135815,485,325,1,0,0
135893,483,325,1,0,0
135955,475,329,1,0,0
136033,461,339,1,0,0
136095,449,347,1,0,0
136173,435,357,1,0,0
136236,427,363,1,0,0
136314,421,369,1,0,0
136376,417,373,1,0,0
136454,407,379,1,0,0
136517,403,385,1,0,0
136595,401,389,0,0,0
136657,401,393,0,0,0
136735,399,395,0,0,0
136797,399,395,0,0,0
136875,399,395,0,0,0
136938,389,387,0,0,0
137016,363,353,0,0,0
137078,351,341,0,0,0
137156,339,331,0,0,0
137219,371,329,0,0,0
137297,499,291,0,0,0
137359,529,257,0,0,0
137437,529,251,0,0,1
137499,519,253,0,0,1
137577,507,261,0,0,1
137640,499,271,0,0,1
137718,491,283,0,0,1
137780,483,297,0,0,1
137858,473,309,0,0,1
137921,461,325,0,0,1
137999,453,337,0,0,1
138061,451,343,0,0,1
138139,449,347,0,0,1
138201,445,355,0,0,1
138279,441,367,0,0,1
138342,437,375,0,0,1
138420,433,385,0,0,1
138482,431,389,0,0,1
138560,429,397,0,0,1
138623,427,399,0,0,1
138701,421,407,0,0,1
138763,413,415,1,0,1
138841,407,417,1,0,1
138903,401,421,1,0,1
138981,397,421,1,0,1
139044,391,421,1,0,1
139122,379,413,1,0,1
139184,373,405,1,0,1
139262,367,403,1,0,1
139325,365,403,0,0,1
139403,359,419,0,0,1
139465,347,455,0,0,1
139543,335,473,0,0,1
139605,329,485,0,0,1
139683,327,489,0,0,1
139746,323,495,0,0,1
139808,321,495,0,0,1
139886,311,497,0,0,1
139949,301,499,0,0,1
140027,295,503,0,0,1
140089,291,509,0,0,1
140167,291,511,0,0,1
140229,291,515,0,0,1
140307,291,519,0,0,1
140370,291,523,0,0,1
140448,287,525,0,0,1
140510,283,529,0,0,1
140588,279,535,0,0,1
140651,275,541,0,0,1
140729,271,547,0,0,1
140791,269,547,0,0,1
140869,267,549,0,0,1
140931,267,549,0,0,1
141009,267,549,0,0,1
141072,267,549,0,0,1
141150,267,547,0,0,1
141212,297,529,0,0,1
141290,465,433,0,0,1
141353,551,321,0,0,1
141431,561,279,0,0,1
141493,561,279,0,0,1
141571,561,279,0,0,1
141633,561,279,0,0,1
141711,561,279,0,0,1
141774,563,279,0,0,1
141852,563,279,0,0,1
141914,563,279,0,0,1
141992,575,279,0,0,1
142055,605,303,0,0,1
142133,619,323,0,0,1
142195,619,325,0,0,1
142273,619,325,0,0,1
142335,611,331,0,0,1
142413,599,341,0,0,1
142476,589,343,0,0,1
142554,579,343,0,0,1
142616,567,345,0,0,1
142694,557,347,0,0,1
142757,547,347,0,0,1
142835,537,347,0,0,1
142897,529,347,0,0,1
142975,521,347,0,0,1
143037,519,347,0,0,1
143115,519,347,0,0,1
143178,519,347,0,0,1
143256,519,345,0,0,1
143318,519,341,0,0,1
143396,519,337,0,0,1
143459,517,331,0,0,1
143537,515,327,0,0,1
143599,513,327,0,0,1
143661,511,327,0,0,1
143739,511,327,0,0,1
143802,507,327,0,0,1
143880,503,331,0,0,1
143942,487,345,0,0,1
144020,475,351,0,0,1
144083,471,353,0,0,1
144161,469,353,0,0,1
144223,469,351,0,0,1
144301,469,349,0,0,1
144363,469,343,0,0,1
144441,467,337,0,0,1
144504,467,335,0,0,1
144582,465,333,0,0,1
144644,461,329,0,0,1
144722,455,329,0,0,1
144785,449,329,0,0,1
144863,443,329,0,0,1
144925,441,329,0,0,1
145003,441,329,0,0,1
145065,441,329,0,0,1
145143,441,327,0,0,1
145206,441,327,0,0,1
145284,441,327,0,0,1
145346,441,329,0,0,1
145424,431,341,0,0,1
145487,397,345,0,0,1
145565,283,347,0,0,1
145627,235,331,0,0,1
145705,231,329,0,0,1
145767,237,327,0,0,1
145845,253,325,0,0,1
145908,261,323,0,0,1
145986,265,323,0,0,1
146048,269,323,0,0,1
146126,279,321,0,0,1
146189,283,321,0,0,1
146267,289,319,0,0,1
146329,297,317,0,0,1
146407,303,317,0,0,1
146469,305,317,0,0,1
146547,305,317,0,0,1
146610,305,317,0,0,1
146672,305,317,0,0,1
146750,305,317,0,0,1
146813,305,317,0,0,1
146891,305,317,0,0,1
146953,305,317,0,0,1
147031,305,317,0,0,1
147093,305,317,0,0,1
147171,287,317,0,0,1
147234,279,315,0,0,1
147312,277,315,0,0,1
147374,277,315,0,0,1
147452,277,315,0,0,1
147515,277,315,0,0,1
147593,279,315,0,0,1
147655,279,315,0,0,1
147733,281,315,0,0,1
147795,281,315,0,0,1
147873,281,313,0,0,1
147936,287,313,0,0,1
148014,289,309,0,0,1
148076,293,305,0,0,1
148154,297,305,0,0,1
148217,297,303,0,0,1
148295,299,301,0,0,1
148357,301,299,0,0,1
148435,303,299,0,0,1
148497,303,299,0,0,1
148575,303,299,0,0,1
148638,303,299,0,0,1
148716,303,299,0,0,1
148778,303,299,0,0,1
148856,303,299,0,0,1
148919,303,299,0,0,1
148997,303,299,0,0,1
149059,303,299,0,0,1
149137,303,299,0,0,1
149199,305,299,0,0,1
149277,307,299,0,0,1
149340,317,299,0,0,1
149418,321,299,0,0,1
149480,323,299,0,0,1
149558,323,299,0,0,1
149621,325,299,0,0,1
149699,331,297,0,0,1
149761,343,293,0,0,1
149823,349,291,0,0,1
149901,351,289,0,0,1
149964,353,289,0,0,1
150042,355,287,0,0,1
150104,357,287,0,0,1
150182,357,287,0,0,1
150245,359,287,0,0,1
150323,359,287,0,0,1
150385,377,287,0,0,0
150463,431,317,0,0,0
150525,501,349,0,0,0
150603,547,365,0,0,0
150666,581,381,0,0,0
150744,609,391,0,0,0
150806,621,393,0,0,0
150884,627,393,0,0,0
150947,633,393,0,0,0
151025,641,391,0,0,0
151087,643,383,0,0,0
151165,647,361,0,0,0
151227,649,321,0,0,0
151305,647,283,0,0,0
151368,641,257,0,0,0
151446,635,233,0,0,0
151508,625,211,0,0,0
151586,605,187,0,0,0
151649,567,163,0,0,0
151727,507,143,0,0,0
151789,479,137,0,0,0
151867,469,137,0,0,0
151929,465,137,0,0,0
152007,459,137,0,0,0
152070,449,135,0,0,0
152148,439,135,0,0,0
152210,427,131,0,0,0
152288,425,131,0,0,0
152351,425,131,0,0,0
152429,423,131,0,0,0
152491,423,131,0,0,0
152569,423,131,0,0,0
152631,421,131,0,0,0
152709,415,135,0,0,0
152772,393,151,0,0,0
152850,377,175,0,0,0
152912,373,205,0,0,0
152990,417,283,0,0,0
153053,421,291,0,0,0
153131,393,287,0,0,0
153193,363,285,0,0,0
153271,351,283,0,0,0
153333,343,283,0,0,0
153411,333,283,0,0,0
153474,325,285,0,0,0
153552,325,285,0,0,0
153614,323,285,0,0,0
153692,321,287,0,0,0
153755,315,291,0,0,0
153833,305,299,0,0,0
153895,305,301,0,0,0
153973,303,305,1,0,0
154035,301,309,0,0,0
154113,299,317,1,0,0
154176,295,323,0,0,0
154254,293,327,1,0,0
154316,291,335,0,0,0
154379,289,339,1,0,0
154457,287,343,0,0,0
154519,285,345,1,0,0
154597,283,347,0,0,0
154659,283,351,1,0,0
154737,281,359,0,0,0
154800,277,367,1,0,0
154878,275,369,0,0,0
154940,273,371,1,0,0
155018,269,377,0,0,0
155081,263,383,1,0,0
155159,251,393,0,0,0
155221,239,401,1,0,0
155299,227,407,1,0,0
155361,219,411,1,0,0
155439,207,415,1,0,0
155502,191,421,1,0,0
155580,187,423,1,0,0
155642,203,405,1,0,0
155720,279,309,1,0,0
155783,305,191,1,0,0
155861,305,175,1,0,1
155923,305,175,1,0,1
156001,299,175,1,0,1
156063,285,189,1,0,1
156141,275,193,1,0,1
156204,269,193,1,0,1
156282,267,193,1,0,1
156344,259,193,1,0,1
156422,255,193,1,0,1
156485,253,191,1,0,1
156563,247,187,1,0,1
156625,245,185,1,0,1
156703,245,181,0,0,1
156765,245,161,0,0,1
156843,251,139,0,0,1
156906,265,111,0,0,1
156984,275,103,0,0,1
157046,347,131,0,0,1
157124,459,205,0,0,1
157187,543,297,0,0,1
157265,555,345,0,0,1
157327,555,351,0,0,1
157405,549,357,0,0,1
157467,545,357,0,0,1
157545,531,351,0,0,1
157608,515,337,0,0,1
157686,509,335,0,0,1
157748,499,333,0,0,1
157826,489,331,0,0,1
157889,483,329,0,0,1
157951,483,329,0,0,1
158029,483,329,0,0,1
158091,483,327,0,0,1
158169,483,325,0,0,1
158232,483,323,0,0,1
158310,483,323,0,0,1
158372,485,319,0,0,1
158450,487,315,0,0,1
158513,487,311,0,0,1
158591,487,307,0,0,1
158653,487,307,0,0,1
158731,487,307,0,0,1
158793,485,307,0,0,1
158871,483,307,0,0,1
158934,479,307,0,0,1
159012,473,307,0,0,1
159074,469,307,0,0,1
159152,461,315,0,0,1
159215,455,323,0,0,1
159293,455,325,0,0,1
159355,453,325,0,0,1
159433,453,325,0,0,1
159495,451,325,0,0,1
159573,445,325,0,0,1
159636,441,323,0,0,1
159714,435,323,0,0,1
159776,433,323,0,0,1
159854,431,323,0,0,1
159917,429,323,0,0,1
159995,427,323,0,0,1
160057,427,323,0,0,1
160135,427,323,0,0,1
160197,427,323,0,0,1
160275,427,323,0,0,1
160338,427,323,0,0,1
160416,427,323,0,0,1
160478,427,323,0,0,1
160556,427,323,0,0,1
160619,427,323,0,0,1
160697,427,323,0,0,1
160759,423,327,0,0,1
160837,421,333,0,0,1
160900,429,349,0,0,1
160978,445,369,0,0,1
161040,461,375,0,0,1
161118,463,377,0,0,1
161180,463,377,1,0,1
161258,465,377,1,0,1
161321,471,373,1,0,1
161383,473,371,1,0,1
161461,475,371,1,0,1
161524,475,371,1,0,1
161602,479,367,1,0,1
161664,481,365,1,0,1
161742,459,357,1,0,1
161804,441,351,1,0,1
161882,435,351,1,0,1
161945,435,351,1,0,1
162023,435,351,0,0,1
162085,435,351,0,0,1
162163,435,351,0,0,1
162226,437,351,0,0,1
162304,437,351,0,0,1
162366,439,351,0,0,1
162444,449,353,0,0,1
162506,459,357,0,0,1
162584,471,363,0,0,1
162647,471,363,0,0,1
162725,473,363,0,0,1
162787,477,363,0,0,1
162865,487,363,0,0,1
162928,489,363,0,0,1
163006,489,365,0,0,1
163068,489,365,0,0,1
163146,489,365,0,0,1
163208,491,365,0,0,1
163286,491,365,0,0,1
163349,491,363,1,0,1
163427,491,357,1,0,1
163489,487,343,1,0,1
163567,479,323,1,0,1
163630,473,313,1,0,1
163708,473,311,1,0,1
163770,471,311,1,0,1
163848,467,327,1,0,1
163910,463,339,1,0,1
163988,463,341,1,0,1
164051,459,335,1,0,1
164129,447,299,1,0,1
164191,443,289,1,0,1
164269,443,293,1,0,1
164332,443,329,1,0,1
164410,445,335,1,0,1
164472,445,333,1,0,1
164534,445,329,0,0,1
164612,443,327,0,0,1
164690,437,317,0,0,1
164753,435,315,0,0,1
164831,435,315,0,0,1
164893,435,319,0,0,1
164956,435,337,0,0,1
165034,433,337,0,0,1
165096,431,335,0,0,1
165174,375,309,0,0,1
165236,297,303,0,0,1
165314,271,307,0,0,1
165377,259,315,0,0,1
165455,259,315,0,0,1
165517,259,317,0,0,1
165595,259,317,0,0,1
165658,261,317,0,0,1
165736,263,317,0,0,1
165798,263,317,0,0,1
165876,271,319,0,0,1
165938,279,321,0,0,1
166016,285,323,0,0,1
166079,285,323,0,0,1
166157,285,323,0,0,1
166219,285,323,0,0,1
166297,285,323,0,0,1
166360,285,323,0,0,1
166438,285,323,1,0,1
166500,281,323,1,0,1
166578,267,317,1,0,1
166640,255,315,1,0,1
166718,253,313,1,0,1
166781,249,313,1,0,1
166859,245,313,1,0,1
166921,243,311,1,0,1
166999,225,311,1,0,1
167062,187,323,1,0,1
167140,185,323,1,0,1
167202,191,323,1,0,1
167280,235,317,1,0,1
167342,277,305,1,0,1
167420,295,299,1,0,1
167483,301,297,1,0,1
167561,293,299,1,0,1
167623,263,311,1,0,1
167701,255,313,1,0,1
167764,255,313,1,0,1
167842,269,309,1,0,1
167904,299,301,1,0,1
167982,301,301,1,0,1
168044,293,301,1,0,1
168122,285,305,0,0,1
168185,285,305,0,0,1
168263,285,305,0,0,1
168325,291,305,0,0,1
168403,297,303,0,0,1
168466,299,303,0,0,1
168544,305,299,0,0,1
168606,309,299,0,0,1
168684,305,299,0,0,1
168746,293,301,0,0,1
168809,291,303,0,0,1
168887,295,303,0,0,1
168949,305,303,0,0,1
169027,309,305,0,0,1
169090,353,337,0,0,1
169168,421,365,0,0,1
169230,503,387,0,0,1
169308,549,399,0,0,0
169370,583,409,0,0,0
169448,615,417,0,0,0
169511,631,415,0,0,0
169589,645,399,0,0,0
169651,655,379,0,0,0
169729,663,359,0,0,0
169792,669,339,0,0,0
169870,675,319,0,0,0
169948,683,297,0,0,0
170010,683,263,0,0,0
170088,645,211,0,0,0
170150,577,183,0,0,0
170228,463,189,0,0,0
170291,337,213,0,0,0
170369,241,227,0,0,0
170431,205,231,0,0,0
170509,173,237,0,0,0
170572,145,241,1,0,0
170650,115,247,1,0,0
170712,89,257,1,0,0
170790,69,265,1,0,0
170852,61,273,1,0,0
170930,55,289,1,0,0
170993,55,291,1,0,0
171071,53,291,1,0,0
171133,49,301,1,0,0
171211,43,303,1,0,0
171274,41,303,1,0,0
171352,61,327,0,0,0
171414,111,325,0,0,0
171492,233,321,0,0,0
171554,373,343,0,0,0
171632,477,365,0,0,0
171695,549,395,0,0,0
171773,589,401,0,0,0
171835,601,401,0,0,0
171913,605,399,0,0,0
171976,617,393,0,0,0
172054,637,381,0,0,0
172116,661,365,0,0,0
172194,677,345,0,0,0
172256,685,309,0,0,0
172319,683,251,0,0,0
172397,663,199,0,0,0
172475,627,165,0,0,0
172537,549,153,0,0,0
172615,447,157,0,0,0
172678,367,175,0,0,0
172740,327,181,0,0,0
172818,291,185,0,0,0
172880,255,185,0,0,1
172958,235,187,0,0,1
173021,229,189,0,0,1
173099,229,189,0,0,1
173161,229,189,0,0,1
173239,229,189,0,0,1
173302,227,189,0,0,1
173380,211,191,1,0,1
173442,201,191,1,0,1
173520,189,189,1,0,1
173582,179,185,1,0,1
173660,165,173,1,0,1
173723,155,165,1,0,1
173801,149,161,1,0,1
173863,141,159,1,0,1
173941,131,161,1,0,1
174004,115,169,1,0,1
174082,103,175,1,0,1
174144,103,175,0,0,1
174222,103,175,0,0,1
174284,131,185,0,0,1
174362,243,239,0,0,1
174425,333,285,0,0,1
174503,343,291,0,0,1
174565,335,295,0,0,0
174643,303,303,0,0,0
174706,267,297,0,0,0
174784,259,293,0,0,0
174846,257,293,0,0,0
174924,257,293,0,0,0
174986,249,295,1,0,0
175064,235,309,1,0,0
175127,217,329,1,0,0
175205,199,347,1,0,0
175267,193,347,1,0,0
175345,175,305,1,0,0
175408,201,293,1,0,0
175470,221,321,1,0,0
175548,219,341,1,0,0
175610,193,339,1,0,0
175688,173,321,1,0,0
175751,193,317,1,0,0
175829,215,319,0,0,0
175891,217,319,0,0,0
175969,263,319,0,0,0
176032,377,335,0,0,0
176110,475,345,0,0,0
176172,511,351,0,0,0
176250,537,375,0,0,0
176312,557,403,0,0,0
176390,575,427,0,0,0
176453,593,445,0,0,0
176531,607,451,0,0,0
176593,627,447,0,0,0
176671,651,433,0,0,0
176734,671,413,0,0,0
176812,691,385,0,0,0
176874,707,355,0,0,0
176952,717,329,0,0,0
177014,725,301,0,0,0
177092,731,283,0,0,0
177155,733,261,0,0,0
177233,733,243,0,0,0
177295,733,221,0,0,0
177373,729,209,0,0,0
177436,729,201,0,0,0
177514,727,193,0,0,0
177576,723,189,0,0,0
177654,721,181,0,0,0
177716,719,177,0,0,0
177794,719,173,0,0,0
177857,713,161,0,0,0
177935,691,137,0,0,0
177997,651,117,0,0,0
178075,597,105,0,0,0
178138,539,97,0,0,0
178216,481,97,0,0,0
178278,431,99,0,0,0
178356,379,105,0,0,0
178418,327,111,0,0,0
178496,283,117,0,0,0
178559,249,127,0,0,0
178621,221,137,0,0,0
178699,199,151,0,0,0
178762,179,163,0,0,0
178840,163,183,0,0,0
178902,151,207,0,0,0
178980,143,237,0,0,0
179042,139,261,0,0,0
179120,141,285,0,0,0
179183,141,291,0,0,0
179261,137,291,0,0,0
179323,133,313,0,0,0
179401,143,331,0,0,1
179464,155,337,0,0,1
179542,167,337,0,0,1
179604,179,331,0,0,1
179682,201,321,0,0,1
179744,211,319,0,0,1
179822,217,317,0,0,1
179885,221,315,0,0,1
179963,233,315,0,0,1
180025,239,313,0,0,1
180103,247,311,0,0,1
180166,249,311,0,0,1
180244,249,311,0,0,1
180306,249,311,0,0,1
180384,251,311,0,0,1
180446,255,311,0,0,1
180524,263,313,0,0,1
180587,271,317,0,0,1
180665,271,317,0,0,1
180727,271,319,0,0,1
180805,271,319,0,0,0
180868,295,337,0,0,0
180946,393,367,0,0,0
181008,481,391,0,0,0
181086,541,399,0,0,0
181148,583,357,0,0,0
181226,601,275,0,0,0
181289,593,227,0,0,0
181367,591,221,0,0,0
181429,591,231,0,0,0
181507,607,313,0,0,0
181570,627,365,0,0,0
181648,639,381,0,0,0
181710,623,363,0,0,0
181788,597,353,0,0,0
181850,595,351,0,0,1
181928,593,351,0,0,1
181991,591,353,0,0,1
182069,585,357,1,0,1
182131,579,375,1,0,1
182209,573,411,1,0,1
182272,569,433,1,0,1
182350,561,421,1,0,1
182412,539,349,1,0,1
182490,529,327,1,0,1
182552,529,327,1,0,1
182630,529,327,1,0,1
182693,529,327,1,0,1
182771,525,335,1,0,1
182833,521,339,1,0,1
182896,519,341,0,0,1
182974,517,341,0,0,1
183036,517,343,0,0,1
183114,515,343,0,0,1
183176,513,343,0,0,1
183254,497,339,0,0,1
183317,493,339,0,0,1
183395,491,339,0,0,1
183457,491,339,0,0,1
183535,491,339,0,0,1
183598,489,347,0,0,1
183676,483,349,0,0,1
183738,483,349,0,0,1
183816,477,351,0,0,0
183878,465,361,0,0,0
183956,461,373,0,0,0
184019,453,377,0,0,0
184097,417,371,0,0,0
184159,385,369,0,0,0
184237,373,373,0,0,0
184300,355,369,0,0,0
184378,339,361,0,0,0
184440,325,347,0,0,0
184518,325,345,0,0,1
184580,313,333,0,0,1
184658,297,327,0,0,1
184721,291,327,0,0,1
184799,289,323,0,0,1
184861,283,321,1,0,1
184939,273,307,1,0,1
185002,253,281,1,0,1
185080,239,263,1,0,1
185142,237,259,1,0,1
185220,237,259,1,0,1
185282,227,303,1,0,1
185360,219,323,1,0,1
185423,217,323,1,0,1
185501,201,275,1,0,1
185563,191,247,1,0,1
185641,191,245,1,0,1
185704,191,285,1,0,1
185782,189,307,1,0,1
185844,185,307,1,0,1
185922,165,271,1,0,1
185984,161,265,1,0,1
186062,155,275,1,0,1
186125,145,317,1,0,1
186203,139,307,1,0,1
186265,119,261,1,0,1
186343,119,261,1,0,1
186406,121,273,0,0,1
186484,145,303,0,0,1
186546,209,331,0,0,1
186624,333,377,0,0,1
186686,407,403,0,0,1
186764,455,419,0,0,1
186827,511,435,0,0,1
186905,557,453,0,0,1
186967,589,461,0,0,1
187045,611,469,0,0,1
187108,625,471,0,0,1
187186,631,471,0,0,0
187248,633,463,0,0,0
187326,635,449,0,0,0
187388,647,423,0,0,0
187451,657,383,0,0,0
187529,665,357,0,0,0
187607,671,339,0,0,0
187669,675,323,0,0,0
187732,677,305,0,0,0
187810,679,277,0,0,0
187872,675,249,0,0,0
187950,667,225,0,0,0
188012,651,207,0,0,0
188090,617,183,0,0,0
188153,585,171,0,0,0
188231,541,159,0,0,0
188293,499,155,0,0,0
188371,465,163,0,0,0
188434,433,193,0,0,0
188512,411,229,0,0,0
188574,397,243,0,0,0
188652,395,249,0,0,0
188714,399,267,0,0,0
188792,401,295,0,0,1
188855,403,307,0,0,1
188933,401,311,0,0,1
188995,399,315,0,0,1
189073,395,325,0,0,1
189136,387,331,0,0,1
189214,385,333,0,0,1
189276,379,335,0,0,1
189354,373,337,0,0,1
189416,365,335,0,0,1
189494,359,331,0,0,1
189557,355,329,0,0,1
189635,351,329,1,0,1
189697,345,327,1,0,1
189775,339,323,1,0,1
189838,335,323,1,0,1
189916,333,323,1,0,1
189978,325,325,1,0,1
190056,315,325,1,0,1
190118,301,323,1,0,1
190196,283,319,1,0,1
190259,277,317,1,0,1
190337,275,317,1,0,1
190399,273,317,1,0,1
190477,265,317,1,0,1
190540,249,317,1,0,1
190618,239,317,1,0,1
190680,233,317,1,0,1
190758,223,317,1,0,1
190820,215,317,1,0,1
190898,201,317,1,0,1
190961,187,319,1,0,1
191039,175,319,1,0,1
191101,163,319,1,0,1
191179,163,319,0,0,1
191242,173,321,0,0,1
191320,277,339,0,0,1
191382,397,361,0,0,1
191460,485,375,0,0,1
191522,535,389,0,0,1
191600,563,401,0,0,1
191663,579,403,0,0,1
191741,595,397,0,0,1
191803,611,385,0,0,1
191881,623,357,0,0,1
191944,629,305,0,0,1
192022,621,235,0,0,1
192084,557,153,0,0,1
192162,483,105,0,0,1
192225,445,91,0,0,1
192303,419,85,0,0,1
192365,409,75,0,0,1
192443,407,75,0,0,1
192505,407,75,0,0,1
192583,407,75,0,0,1
192646,407,75,0,0,1
192724,407,75,0,0,1
192786,407,79,0,0,1
192864,407,83,0,0,1
192927,407,89,0,0,1
193005,407,91,0,0,1
193067,405,103,0,0,1
193145,401,117,0,0,1
193207,401,127,0,0,1
193285,401,129,0,0,1
193348,401,131,0,0,1
193426,401,137,0,0,1
193488,399,145,0,0,1
193566,399,153,0,0,1
193629,411,171,1,0,1
193707,423,179,1,0,1
193769,429,183,1,0,1
193847,431,185,1,0,1
193909,435,189,1,0,1
193987,435,191,1,0,1
194050,437,195,1,0,1
194128,437,195,1,0,1
194190,417,207,1,0,1
194268,407,215,1,0,1
194331,403,217,1,0,1
194409,415,219,1,0,1
194471,433,223,1,0,1
194549,437,225,1,0,1
194611,441,227,1,0,1
194689,441,227,1,0,1
194752,439,227,1,0,1
194830,425,231,1,0,1
194892,419,231,1,0,1
194970,419,231,1,0,1
195033,431,233,1,0,1
195111,443,235,0,0,1
195173,469,243,0,0,1
195251,505,245,0,0,1
195313,521,245,0,0,1
195391,531,241,0,0,1
195454,545,237,0,0,1
195532,553,233,0,0,1
195594,563,229,0,0,1
195672,579,225,0,0,1
195735,589,223,0,0,1
195813,599,219,0,0,1
195875,611,215,0,0,1
195953,619,209,0,0,1
196015,623,205,0,0,1
196093,627,201,0,0,1
196156,631,197,0,0,1
196218,635,193,0,0,1
196296,643,185,0,0,1
196359,647,181,0,0,1
196437,651,175,0,0,1
196499,657,169,0,0,1
196577,663,163,0,0,1
196639,671,157,0,0,1
196717,679,147,0,0,1
196780,687,141,0,0,1
196858,693,133,0,0,1
196920,699,127,0,0,1
196998,707,119,0,0,1
197061,715,113,0,0,1
197139,717,113,0,0,1
197201,717,125,0,0,1
197279,715,157,0,0,1
197341,709,187,0,0,1
197419,695,229,0,0,1
197482,659,307,0,0,1
197560,615,361,0,0,1
197622,543,409,0,0,1
197700,457,447,0,0,1
197763,379,467,0,0,1
197841,309,467,0,0,1
197903,253,463,0,0,1
197981,215,445,0,0,1
198043,187,431,0,0,1
198121,167,415,0,0,0
198184,153,399,0,0,0
198262,141,379,0,0,0
198324,125,349,0,0,0
198402,117,323,0,0,0
198465,111,283,0,0,0
198543,111,249,0,0,0
198605,117,211,0,0,0
198683,129,185,0,0,0
198745,147,161,0,0,0
198823,177,147,0,0,0
198886,213,137,0,0,0
198964,243,131,0,0,0
199026,259,131,0,0,0
199104,287,181,0,0,0
199167,285,257,0,0,0
199245,251,293,0,0,0
199307,223,323,0,0,0
199385,215,325,0,0,0
199447,215,327,0,0,1
199525,225,335,0,0,1
199588,229,337,0,0,1
199666,233,337,0,0,1
199728,235,337,0,0,1
199806,237,337,0,0,1
199869,241,337,0,0,1
199947,245,337,0,0,1
200009,251,335,0,0,1
200087,255,335,0,0,1
200149,261,331,0,0,1
200227,263,331,0,0,1
200290,273,327,0,0,1
200368,283,325,0,0,1
200430,293,325,0,0,1
200508,293,325,0,0,1
200571,293,325,0,0,1
200649,293,325,0,0,1
200711,293,325,0,0,1
200789,293,325,0,0,1
200851,285,325,0,0,1
200929,283,325,0,0,1
200992,293,333,0,0,0
201070,405,385,0,0,0
201132,509,427,0,0,0
201210,563,445,0,0,0
201273,595,451,0,0,0
201351,623,455,0,0,0
201413,641,459,0,0,0
201491,649,459,0,0,0
201553,657,453,0,0,0
201631,663,449,0,0,0
201694,665,443,0,0,0
201772,663,435,0,0,0
201834,663,435,0,0,0
201912,651,419,0,0,0
201975,621,401,0,0,0
202053,593,397,0,0,0
202115,569,391,0,0,1
202193,561,389,0,0,1
202255,547,383,1,0,1
202333,523,365,1,0,1
202396,503,351,1,0,1
202474,477,337,1,0,1
202536,459,329,1,0,1
202614,453,327,1,0,1
202677,447,329,1,0,1
202755,427,365,1,0,1
202817,421,375,1,0,1
202895,419,375,1,0,1
202957,403,337,1,0,1
203035,399,333,1,0,1
203098,391,357,1,0,1
203176,383,371,1,0,1
203238,363,373,0,0,1
203301,299,373,0,0,1
203379,237,373,0,0,1
203441,191,369,0,0,1
203519,157,349,0,0,1
203581,129,317,0,0,1
203659,117,291,0,0,1
203722,115,263,0,0,1
203800,139,223,0,0,1
203862,173,191,0,0,1
203940,207,167,0,0,1
204003,253,161,0,0,1
204081,325,189,0,0,1
204143,355,239,0,0,1
204221,369,283,0,0,1
204283,333,299,0,0,1
204361,245,315,0,0,1
204424,209,319,0,0,1
204502,201,319,0,0,1
204564,195,323,0,0,1
204642,195,323,0,0,1
204705,195,323,0,0,1
204783,205,325,0,0,1
204845,215,325,1,0,1
204923,231,323,1,0,1
204985,235,323,1,0,1
205063,241,323,1,0,1
205126,251,323,1,0,1
205204,255,323,1,0,1
205266,291,353,0,0,1
205344,441,445,0,0,1
205407,557,501,0,0,1
205485,581,501,0,0,1
205547,607,499,0,0,1
205625,633,495,0,0,1
205687,651,493,0,0,1
205765,669,493,0,0,1
205828,681,493,0,0,1
205906,693,487,0,0,1
205968,701,473,0,0,1
206046,709,445,0,0,1
206109,709,419,0,0,1
206187,703,397,0,0,0
206249,697,365,0,0,0
206327,687,321,0,0,0
206389,673,283,0,0,0
206467,659,255,0,0,0
206530,641,235,0,0,0
206608,615,213,0,0,0
206670,583,191,0,0,0
206748,547,177,0,0,0
206811,503,167,0,0,0
206873,461,163,0,0,0
206951,421,157,0,0,0
207013,383,157,0,0,0
207091,343,155,0,0,0
207154,307,155,0,0,0
207232,283,155,0,0,0
207294,257,157,0,0,0
207372,237,161,0,0,0
207435,223,165,0,0,0
207513,199,175,0,0,0
207575,177,207,0,0,0
207653,151,243,0,0,0
207715,139,261,0,0,0
207793,133,279,0,0,0
207856,135,281,0,0,0
207934,147,279,0,0,0
207996,149,283,0,0,0
208074,157,319,0,0,0
208137,167,359,0,0,0
208215,171,377,0,0,0
208277,171,389,0,0,0
208355,173,407,0,0,0
208417,177,421,0,0,0
208495,193,445,0,0,0
208558,221,463,0,0,0
208636,271,475,0,0,0
208698,345,485,0,0,0
208776,411,489,0,0,0
208839,473,495,0,0,0
208917,519,497,0,0,0
208979,557,497,0,0,0
209057,585,497,0,0,0
209119,611,495,0,0,0
209197,635,491,0,0,0
209260,647,479,0,0,0
209338,653,467,0,0,0
209400,657,447,0,0,0
209478,659,427,0,0,0
209541,661,411,0,0,0
209619,617,387,0,0,0
209681,533,375,0,0,0
209759,489,367,0,0,0
209821,475,361,0,0,0
209899,463,355,0,0,0
209962,445,339,0,0,0
210040,431,325,0,0,0
210102,413,311,0,0,0
210180,401,305,0,0,0
210243,393,301,0,0,0
210321,383,295,0,0,0
210383,357,287,0,0,0
210461,299,273,0,0,0
210523,259,265,0,0,0
210601,235,255,0,0,0
210664,223,237,0,0,0
210742,213,199,0,0,0
210804,213,169,0,0,0
210882,213,145,0,0,0
210945,213,129,0,0,0
211023,215,129,0,0,1
211085,261,125,0,0,1
211163,297,121,0,0,1
211225,303,121,0,0,1
211303,307,125,0,0,1
211366,309,125,0,0,1
211444,311,127,0,0,1
211506,311,129,0,0,1
211584,311,139,0,0,1
211647,311,139,0,0,1
211725,309,139,0,0,1
211787,309,139,0,0,1
211865,309,153,1,0,1
211927,313,173,1,0,1
212005,329,185,1,0,1
212068,329,185,1,0,1
212146,329,167,1,0,1
212208,343,145,1,0,1
212286,345,145,1,0,1
212349,349,159,1,0,1
212427,359,161,1,0,1
212489,385,159,1,0,1
212567,387,159,1,0,1
212629,381,159,1,0,1
212707,375,159,1,0,1
212770,361,157,1,0,1
212832,361,157,1,0,1
212910,363,157,1,0,1
212988,377,163,1,0,1
213051,399,171,0,0,1
213113,433,193,0,0,0
213191,493,243,0,0,0
213253,555,309,0,0,0
213331,625,387,0,0,0
213394,655,421,0,0,0
213472,669,437,0,0,0
213534,679,447,0,0,0
213612,687,451,0,0,0
213675,699,451,0,0,0
213753,707,447,0,0,0
213815,713,435,0,0,0
213893,713,407,0,0,0
213955,707,379,0,0,0
214033,699,335,0,0,0
214096,679,273,0,0,0
214174,631,199,0,0,0
214236,589,153,0,0,0
214314,553,135,0,0,0
214377,519,129,0,0,0
214455,485,127,0,0,0
214517,461,135,0,0,0
214595,435,167,0,0,0
214657,413,217,0,0,0
214735,409,251,0,0,0
214798,403,273,0,0,0
214876,393,281,0,0,0
214938,369,295,0,0,0
215016,353,317,0,0,1
215079,343,337,0,0,1
215157,341,343,0,0,1
215219,337,351,1,0,1
215297,333,367,1,0,1
215359,325,385,1,0,1
215437,317,401,1,0,1
215500,313,407,1,0,1
215578,309,409,1,0,1
215640,305,413,1,0,1
215718,295,417,1,0,1
215781,279,429,1,0,1
215859,267,431,1,0,1
215921,253,439,1,0,1
215983,243,441,0,0,1
216061,225,435,0,0,1
216124,195,405,0,0,1
216202,157,357,0,0,1
216264,133,299,0,0,1
216342,127,247,0,0,1
216405,127,215,0,0,1
216483,131,191,0,0,1
216545,131,169,0,0,1
216623,137,141,0,0,1
216685,155,123,0,0,1
216763,175,111,0,0,1
216826,181,107,0,0,1
216904,203,101,0,0,1
216966,245,91,0,0,0
217044,297,89,0,0,0
217107,347,87,0,0,0
217185,417,89,0,0,0
217247,493,93,0,0,0
217325,549,105,0,0,0
217387,589,137,0,0,0
217465,609,151,0,0,0
217528,621,159,0,0,0
217606,623,163,0,0,0
217668,617,189,0,0,0
217746,611,205,0,0,0
217809,601,221,0,0,1
217887,593,227,0,0,1
217949,589,227,1,0,1
218027,585,227,1,0,1
218089,579,229,1,0,1
218167,563,243,1,0,1
218230,547,253,1,0,1
218308,537,257,1,0,1
218370,531,259,1,0,1
218448,515,259,1,0,1
218511,495,261,1,0,1
218589,481,267,1,0,1
218651,475,271,1,0,1
218729,473,277,1,0,1
218791,467,295,1,0,1
218869,465,307,1,0,1
218932,463,315,1,0,1
219010,463,317,1,0,1
219072,463,321,1,0,1
219150,463,321,1,0,1
219213,463,321,1,0,1
219291,463,323,1,0,1
219353,463,327,0,0,1
219431,453,335,0,0,1
219493,367,347,0,0,1
219571,251,357,0,0,1
219634,205,355,0,0,1
219712,181,339,0,0,1
219774,165,321,0,0,1
219852,151,297,0,0,1
219915,141,273,0,0,0
219993,141,251,0,0,0
220055,145,225,0,0,0
220133,157,191,0,0,0
220195,169,163,0,0,0
220273,185,143,0,0,0
220336,213,127,0,0,0
220414,233,113,0,0,0
220476,251,103,0,0,0
220554,271,97,0,0,0
220617,311,93,0,0,0
220695,363,119,0,0,0
220757,431,179,0,0,0
220835,477,239,0,0,0
220897,513,297,0,0,0
220975,535,335,0,0,0
221038,537,335,0,0,0
221116,537,335,0,0,0
221178,537,335,0,0,1
221256,537,335,0,0,1
221319,537,341,1,0,1
221397,535,345,1,0,1
221459,531,363,1,0,1
221537,523,385,1,0,1
221599,517,395,1,0,1
221677,517,395,1,0,1
221740,507,345,1,0,1
221818,505,321,1,0,1
221880,505,321,1,0,1
221958,507,351,1,0,1
222021,507,353,1,0,1
222099,497,325,1,0,1
222161,491,305,1,0,1
222239,489,335,1,0,1
222301,485,337,1,0,1
222379,475,303,1,0,1
222442,477,321,1,0,1
222520,481,343,1,0,1
222582,473,309,1,0,1
222660,469,299,1,0,1
222723,469,317,1,0,1
222801,467,315,1,0,1
222863,461,293,1,0,1
222941,461,313,1,0,1
223004,461,319,1,0,1
223066,455,303,0,0,1
223144,455,307,0,0,1
223206,457,317,0,0,1
223284,481,337,0,0,1
223362,525,343,0,0,1
223425,547,345,0,0,1
223503,581,327,0,0,1
223565,615,291,0,0,1
223643,631,271,0,0,1
223706,641,251,0,0,0
223768,647,231,0,0,0
223846,649,217,0,0,0
223908,651,189,0,0,0
223986,651,163,0,0,0
224049,641,139,0,0,0
224127,623,119,0,0,0
224189,551,115,0,0,0
224267,437,167,0,0,0
224330,385,207,0,0,0
224408,375,227,0,0,0
224470,371,235,0,0,1
224548,363,257,0,0,1
224610,363,271,0,0,1
224688,361,277,0,0,1
224751,361,277,0,0,1
224829,361,277,0,0,1
224891,365,283,1,0,1
224969,367,283,1,0,1
225032,367,285,1,0,1
225110,367,285,1,0,1
225172,367,287,1,0,1
225250,367,293,1,0,1
225312,367,303,0,0,1
225390,365,303,0,0,1
225453,363,309,0,0,1
225531,341,343,0,0,1
225593,303,379,0,0,1
225671,271,397,0,0,1
225734,255,399,0,0,1
225812,227,383,0,0,1
225874,203,355,0,0,1
225952,181,313,0,0,1
226014,171,267,0,0,1
226092,163,237,0,0,0
226155,159,217,0,0,0
226233,151,187,0,0,0
226295,151,169,0,0,0
226373,165,149,0,0,0
226436,193,141,0,0,0
226514,233,133,0,0,0
226576,309,133,0,0,0
226654,387,127,0,0,0
226716,443,127,0,0,0
226794,487,125,0,0,0
226857,527,121,0,0,0
226935,561,117,0,0,0
226997,591,115,0,0,0
227075,611,115,0,0,0
227138,625,115,0,0,0
227216,635,121,0,0,0
227278,651,139,0,0,0
227356,661,159,0,0,0
227418,667,177,0,0,0
227496,673,205,0,0,0
227559,675,241,0,0,0
227621,679,283,0,0,0
227699,681,321,0,0,0
227762,683,353,0,0,0
227840,683,379,0,0,0
227902,679,405,0,0,0
227980,677,425,0,0,0
228042,665,447,0,0,0
228120,631,459,0,0,0
228183,579,467,0,0,0
228261,517,473,0,0,0
228323,447,477,0,0,0
228401,399,475,0,0,0
228464,365,473,0,0,0
228542,339,469,0,0,0
228604,309,461,0,0,0
228682,281,453,0,0,0
228744,253,443,0,0,0
228822,227,427,0,0,0
228885,205,411,0,0,0
228963,183,389,0,0,0
229025,167,371,0,0,0
229103,157,357,0,0,0
229166,145,341,0,0,0
229244,137,325,0,0,0
229306,131,309,0,0,0
229384,129,285,0,0,0
229446,129,269,0,0,0
229524,131,261,0,0,0
229587,141,247,0,0,0
229665,157,237,0,0,0
229727,181,221,0,0,0
229805,207,207,0,0,0
229868,229,199,0,0,0
229946,241,195,0,0,0
230008,257,187,0,0,0
230086,277,175,0,0,0
230148,307,165,0,0,0
230226,347,161,0,0,0
230289,387,167,0,0,0
230367,413,195,0,0,0
230429,417,207,0,0,0
230507,421,219,0,0,0
230570,425,233,0,0,0
230648,421,249,0,0,0
230710,413,259,0,0,0
230788,409,261,0,0,1
230850,407,261,1,0,1
230928,403,263,1,0,1
230991,399,267,1,0,1
231069,391,269,1,0,1
231131,385,269,1,0,1
231209,385,269,1,0,1
231272,385,269,1,0,1
231350,377,269,1,0,1
231412,361,269,1,0,1
231490,377,269,1,0,1
231552,415,263,1,0,1
231630,431,261,1,0,1
231740,467,257,1,0,1
231818,489,255,1,0,1
231896,499,255,1,0,1
231958,507,255,1,0,1
232036,517,257,1,0,1
232098,527,259,1,0,1
232176,539,263,1,0,1
232239,551,269,1,0,1
232317,565,273,1,0,1
232379,581,279,1,0,1
232457,593,281,1,0,1
232520,607,287,1,0,1
232598,621,289,1,0,1
232660,635,291,1,0,1
232722,657,295,0,0,1
232800,669,295,0,0,1
232863,675,291,0,0,1
232941,683,277,0,0,1
233003,689,251,0,0,1
233081,693,223,0,0,1
233144,689,201,0,0,1
233222,681,189,0,0,0
233284,663,175,0,0,0
233362,627,153,0,0,0
233424,571,127,0,0,0
233502,533,123,0,0,0
233565,485,117,0,0,0
233643,441,113,0,0,0
233705,403,111,0,0,0
233783,373,113,0,0,0
233846,349,115,0,0,0
233924,327,119,0,0,0
233986,309,121,0,0,0
234064,289,123,0,0,0
234126,275,129,0,0,0
234204,265,133,0,0,0
234267,253,141,0,0,0
234345,243,155,0,0,0
234407,235,171,0,0,0
234485,227,187,0,0,0
234548,219,205,0,0,0
234626,213,225,0,0,0
234688,203,253,0,0,0
234766,197,283,0,0,0
234828,201,313,0,0,0
234906,215,345,0,0,0
234969,243,373,0,0,0
235047,283,399,0,0,0
235109,327,421,0,0,0
235187,373,441,0,0,0
235250,407,447,0,0,0
235328,435,451,0,0,0
235390,463,453,0,0,0
235468,491,457,0,0,0
235530,525,461,0,0,0
235608,551,461,0,0,0
235671,579,461,0,0,0
235749,605,455,0,0,0
235811,629,451,0,0,0
235889,647,447,0,0,0
235952,661,439,0,0,0
236030,675,427,0,0,0
236092,689,401,0,0,0
236170,703,369,0,0,0
236232,707,333,0,0,0
236310,701,303,0,0,0
236373,691,269,0,0,0
236451,683,239,0,0,0
236513,673,211,0,0,0
236576,663,187,0,0,0
236654,649,161,0,0,0
236716,637,143,0,0,0
236794,621,127,0,0,0
236856,603,113,0,0,0
236934,585,101,0,0,0
236997,559,91,0,0,0
237075,527,85,0,0,0
237137,477,81,0,0,0
237215,431,79,0,0,0
237278,395,79,0,0,0
237356,365,79,0,0,0
237418,323,83,0,0,0
237496,289,89,0,0,0
237558,259,93,0,0,0
237636,235,99,0,0,0
237699,213,107,0,0,0
237777,197,113,0,0,0
237839,177,123,0,0,0
237917,163,135,0,0,0
237980,147,151,0,0,0
238058,135,173,0,0,0
238120,133,191,0,0,0
238198,131,211,0,0,0
238260,131,235,0,0,0
238338,131,263,0,0,0
238401,135,293,0,0,0
238479,143,315,0,0,0
238541,153,337,0,0,0
238619,165,357,0,0,0
238682,187,387,0,0,0
238760,219,417,0,0,0
238822,251,445,0,0,0
238900,299,469,0,0,0
238962,351,481,0,0,0
239040,405,489,0,0,0
239103,453,493,0,0,0
239181,497,493,0,0,0
239243,525,497,0,0,0
239321,551,499,0,0,0
239384,575,499,0,0,0
239462,595,497,0,0,0
239524,617,493,0,0,0
239602,639,485,0,0,0
239664,667,469,0,0,0
239742,691,451,0,0,0
239805,719,415,0,0,0
239883,733,381,0,0,0
239945,737,349,0,0,0
240023,739,317,0,0,0
240086,741,285,0,0,0
240164,741,253,0,0,0
240226,735,219,0,0,0
240304,727,191,0,0,0
240366,711,157,0,0,0
240429,695,141,0,0,0
240507,689,133,0,0,0
240569,677,127,0,0,0
240647,667,121,0,0,0
240710,657,117,0,0,0
240788,645,111,0,0,0
240850,639,109,0,0,0
240928,631,107,0,0,0
240990,591,95,0,0,0
241068,511,85,0,0,0
241131,441,83,0,0,0
241209,385,89,0,0,0
241271,337,97,0,0,0
241349,303,107,0,0,0
241412,277,119,0,0,0
241490,255,131,0,0,0
241552,235,143,0,0,0
241630,217,163,0,0,0
241692,205,177,0,0,0
241770,189,199,0,0,0
241833,181,221,0,0,0
241911,173,251,0,0,0
241973,169,281,0,0,0
242051,165,299,0,0,0
242114,167,321,0,0,0
242192,175,345,0,0,0
242254,189,371,0,0,0
242332,203,393,0,0,0
242394,223,407,0,0,0
242472,233,409,0,0,0
242535,269,413,0,0,0
242613,321,411,0,0,0
242675,367,397,0,0,0
242753,377,385,0,0,0
242816,409,367,0,0,0
242894,439,345,0,0,0
242956,469,329,0,0,0
243034,473,325,0,0,0
243096,473,325,0,0,0
243174,459,329,0,0,0
243237,425,343,0,0,0
243315,421,345,1,0,1
243377,421,347,1,0,1
243455,423,365,1,0,1
243518,425,387,1,0,1
243596,417,393,1,0,1
243658,413,395,1,0,1
243736,403,389,1,0,1
243798,403,381,1,0,1
243876,403,373,1,0,1
243939,429,323,1,0,1
244017,433,299,1,0,1
244079,433,295,1,0,1
244157,433,295,1,0,1
244220,429,295,1,0,1
244298,417,297,1,0,1
244360,401,301,1,0,1
244438,391,301,1,0,1
244500,391,303,1,0,1
244578,391,307,1,0,1
244641,391,307,1,0,1
244719,393,311,1,0,1
244781,483,347,1,0,1
244859,565,361,1,0,1
244922,565,361,1,0,1
245000,565,361,1,0,1
245062,565,361,1,0,1
245140,565,363,1,0,1
245202,569,381,1,0,1
245265,575,403,1,0,1
245343,581,405,1,0,1
245405,593,403,0,0,1
245483,615,389,0,0,1
245546,633,367,0,0,1
245624,645,331,0,0,0
245686,661,303,0,0,0
245764,671,277,0,0,0
245826,681,249,0,0,0
245904,689,223,0,0,0
245967,693,197,0,0,0
246045,693,175,0,0,0
246107,687,157,0,0,0
246185,679,147,0,0,0
246248,665,133,0,0,0
246326,649,121,0,0,0
246388,631,107,0,0,0
246466,601,97,0,0,0
246528,563,87,0,0,0
246606,513,79,0,0,0
246669,455,75,0,0,0
246747,423,75,0,0,0
246809,393,75,0,0,0
246887,361,75,0,0,0
246950,329,77,0,0,0
247028,297,81,0,0,0
247090,273,83,0,0,0
247168,247,85,0,0,0
247230,229,89,0,0,0
247308,201,99,0,0,0
247371,175,109,0,0,0
247449,159,121,0,0,0
247511,143,139,0,0,0
247589,127,167,0,0,0
247652,125,211,0,0,0
247730,129,251,0,0,0
247792,139,287,0,0,0
247870,159,329,0,0,0
247932,183,369,0,0,0
248010,219,405,0,0,0
248073,273,451,0,0,0
248151,335,469,0,0,0
248213,405,483,0,0,0
248291,459,487,0,0,0
248354,505,491,0,0,0
248432,547,497,0,0,0
248494,587,501,0,0,0
248572,623,505,0,0,0
248634,657,501,0,0,0
248712,685,491,0,0,0
248775,713,461,0,0,0
248853,733,421,0,0,0
248915,739,387,0,0,0
248993,739,353,0,0,0
249056,737,321,0,0,0
249134,735,277,0,0,0
249196,735,253,0,0,0
249274,735,245,0,0,0
249336,735,245,0,0,0
249414,735,245,0,0,0
249477,735,245,0,0,0
249555,735,277,0,0,0
249617,657,341,0,0,0
249695,451,317,0,0,0
249758,305,263,0,0,0
249836,235,241,0,0,0
249898,183,229,0,0,0
249960,161,219,0,0,0
250038,161,215,0,0,0
250101,165,213,0,0,0
250179,185,209,0,0,0
250241,229,219,0,0,0
250319,269,219,0,0,0
250382,311,227,0,0,0
250460,365,275,0,0,0
250522,393,317,0,0,0
250600,411,343,0,0,0
250662,415,355,0,0,0
250740,415,363,0,0,0
250803,393,367,0,0,0
250881,339,387,0,0,0
250943,295,407,0,0,0
251021,241,423,0,0,0
251084,191,423,0,0,0
251162,149,401,0,0,0
251224,129,373,0,0,0
251302,119,347,0,0,0
251364,117,325,0,0,0
251442,117,319,0,0,0
251505,119,319,0,0,0
251583,119,319,0,0,0
251645,119,319,0,0,0
251723,119,319,0,0,0
251786,117,319,0,0,0
251864,115,319,0,0,0
251926,113,319,0,0,0
252004,109,319,0,0,0
252066,103,319,0,0,0
252144,89,327,0,0,0
252207,81,331,0,0,0
252285,75,333,0,0,0
252347,69,335,0,0,0
252425,69,335,0,0,0
252488,69,335,0,0,0
252566,69,335,0,0,0
252628,69,335,0,0,0
252706,69,335,0,0,0
252768,69,335,0,0,0
252846,69,335,0,0,0
252909,69,335,0,0,0
252987,69,335,0,0,0
253049,67,335,0,0,0
253127,67,335,0,0,0
253190,67,335,0,0,0
253268,67,335,0,0,0
253330,67,335,0,0,0
253408,67,335,0,0,0
253470,67,335,0,0,0
253548,69,335,0,0,0
253611,75,335,0,0,0
253689,79,335,0,0,0
253751,87,333,0,0,0
253829,93,331,0,0,0
253892,99,329,0,0,0
253970,107,329,0,0,0
254032,115,327,0,0,0
254110,127,325,0,0,0
254173,143,323,0,0,0
254251,155,321,0,0,0
254313,167,321,0,0,0
254391,193,319,0,0,0
254453,239,345,0,0,0
254531,283,403,0,0,0
254594,267,411,0,0,0
254672,231,403,0,0,0
254734,285,363,0,0,0
254797,405,383,0,0,0
254875,369,415,0,0,0
254937,295,417,0,0,0
255015,345,413,0,0,0
255077,405,447,0,0,0
255155,313,441,0,0,0
255218,319,399,0,0,0
255296,415,421,0,0,0
255358,367,443,0,0,0
255436,333,431,0,0,0
255499,409,447,0,0,0
255577,461,461,0,0,0
255639,449,461,0,0,0
255717,483,459,0,0,0
255779,531,459,0,0,0
255857,533,459,0,0,0
255920,533,459,0,0,0
255998,533,459,0,0,0
256060,533,461,0,0,0
256138,537,465,0,0,0
256201,507,465,0,0,0
256279,315,459,0,0,0
256341,275,459,0,0,0
256419,383,485,0,0,0
256481,589,489,0,0,0
256559,569,483,0,0,0
256622,339,487,0,0,0
256700,323,499,0,0,0
256762,503,521,0,0,0
256840,589,507,0,0,0
256903,427,481,0,0,0
256981,403,497,0,0,0
257043,557,519,0,0,0
257121,659,509,0,0,0
257183,683,505,0,0,0
257261,711,517,0,0,0
257324,719,529,0,0,0
257402,719,531,0,0,0
257464,715,535,0,0,0
257542,713,535,0,0,0
257605,713,539,0,0,0
257683,715,547,0,0,0
257745,717,557,0,0,0
257823,719,557,0,0,0
257885,719,557,0,0,0
257948,719,557,0,0,0
